7 0 4 0 98
2 0 9 0 83
0 0 4 98 88
3 0 7 0 94
7 1 6 98 73
9 0 3 0 50
3 1 2 94 68
5 0 1 0 99
1 0 5 0 72
4 0 3 50 69
3 2 1 162 61
9 1 0 50 59
1 1 3 119 50
1 2 6 171 69
6 0 7 94 50
9 2 1 223 82
0 1 8 186 68
4 1 4 186 88
4 2 9 274 82
8 0 0 109 94
1 3 4 274 75
5 1 4 349 81
6 1 1 305 86
2 1 8 254 61
0 2 6 254 94
0 3 5 348 99
2 2 0 315 83
7 2 3 171 82
7 3 2 253 51
8 1 6 348 71
6 2 4 430 97
8 2 3 419 81
5 2 5 447 64
2 3 1 398 65
0 4 1 463 67
2 4 6 463 64
5 3 6 527 66
3 3 4 527 99
9 3 8 315 67
1 4 2 349 94
9 4 7 382 56
6 3 3 527 96
4 3 8 382 95
4 4 0 477 99
8 3 7 500 85
1 5 8 477 66
7 4 1 530 71
3 4 3 626 54
8 4 1 601 66
5 4 8 593 80
2 5 5 527 85
0 5 2 530 89
3 5 6 680 75
9 5 9 438 96
1 6 0 576 92
5 5 2 673 80
6 4 0 668 95
2 6 7 612 78
0 6 9 619 77
2 7 4 690 85
7 5 5 612 94
7 6 7 706 85
4 5 2 753 67
8 5 2 820 90
1 7 1 668 82
7 7 0 791 62
3 6 5 755 66
8 6 4 910 76
5 6 7 791 69
1 8 7 860 94
4 6 6 820 95
3 7 0 853 76
2 8 2 910 55
0 7 7 954 99
3 8 9 929 63
7 8 8 853 95
9 6 6 915 58
5 7 9 992 62
6 5 8 948 97
8 7 5 986 58
5 8 3 1054 79
0 8 0 1053 86
5 9 0 1139 88
9 7 4 986 81
1 9 9 1054 63
6 6 2 1045 66
4 7 5 1044 68
4 8 7 1112 67
8 8 8 1045 93
0 9 3 1139 92
2 9 3 1231 77
7 9 9 1117 79
8 9 9 1196 97
6 7 5 1112 99
3 9 8 1138 67
9 8 5 1211 59
9 9 2 1270 96
6 8 6 1211 52
4 9 1 1179 86
6 9 9 1293 71
