4 0 8 0 60
9 0 0 0 30
1 0 5 0 47
4 1 9 60 20
9 1 3 30 50
4 2 7 80 25
3 0 4 0 85
2 0 1 0 45
1 1 2 47 97
2 1 7 105 46
3 1 8 85 76
5 0 3 80 87
4 3 3 167 63
8 0 9 80 68
5 1 9 167 73
6 0 5 47 81
0 0 7 151 62
6 1 2 144 53
0 1 8 213 24
9 2 7 213 34
6 2 7 247 57
3 2 5 161 68
7 0 4 85 20
0 2 5 237 25
7 1 6 105 86
0 3 3 262 84
2 2 6 191 22
8 1 6 213 66
2 3 2 213 26
1 2 8 237 92
5 2 5 262 51
4 4 4 230 81
6 3 6 304 71
3 3 9 240 88
2 4 9 328 38
0 4 4 346 47
9 3 2 247 58
3 4 3 346 36
2 5 0 366 69
7 2 5 313 21
7 3 8 334 79
8 2 5 334 98
5 3 2 313 95
5 4 4 408 65
4 5 0 435 52
8 3 8 432 86
9 4 1 305 77
1 3 9 366 22
8 4 7 518 66
5 5 1 473 86
6 4 9 388 81
0 5 6 393 38
9 5 5 432 34
6 5 0 487 43
3 5 6 431 75
7 4 9 469 62
0 6 2 431 82
7 5 2 531 34
0 7 0 530 93
2 6 4 473 40
8 5 0 623 56
2 7 3 513 33
9 6 8 518 84
3 6 2 565 56
5 6 6 559 22
5 7 8 602 58
4 6 1 559 30
8 6 3 679 82
9 7 4 602 40
1 4 1 589 93
7 6 0 679 27
0 8 9 623 24
6 6 4 642 26
3 7 1 682 35
7 7 1 717 81
9 8 9 647 46
1 5 4 682 29
8 7 1 798 95
5 8 0 706 80
6 7 8 668 54
0 9 1 893 66
9 9 6 693 44
1 6 7 711 56
8 8 4 893 47
2 8 8 722 75
1 7 3 767 80
4 7 5 589 98
6 8 3 847 58
3 8 0 786 77
7 8 7 798 30
7 9 3 905 46
2 9 5 797 96
4 8 6 737 54
4 9 2 791 86
6 9 1 959 69
3 9 7 863 85
8 9 2 940 78
5 9 7 948 65
1 8 0 863 78
1 9 6 941 67
