7 0 5 0 27
7 1 4 27 19
17 0 12 0 22
19 0 9 0 31
14 0 9 31 21
15 0 9 52 13
11 0 0 0 22
16 0 3 0 25
5 0 8 0 24
0 0 2 0 24
4 0 11 0 23
3 0 9 65 20
6 0 13 0 27
2 0 6 0 35
3 1 6 85 29
14 1 14 52 34
0 1 3 25 12
10 0 10 0 28
8 0 13 27 32
14 2 3 86 30
10 1 5 28 37
12 0 12 22 39
8 1 11 59 29
2 1 0 35 22
13 0 8 24 28
13 1 1 52 29
17 1 10 28 14
3 2 1 114 19
19 1 8 52 39
2 2 13 59 23
10 2 12 65 29
1 0 6 114 30
17 2 0 57 12
9 0 12 94 35
13 2 14 86 40
4 1 13 82 20
8 2 8 91 24
12 1 5 65 32
18 0 5 97 18
18 1 10 115 30
13 3 12 129 23
17 3 2 69 20
11 1 11 88 25
14 3 12 152 38
6 1 3 116 30
12 2 2 97 36
16 1 5 115 15
9 1 1 133 11
13 4 4 152 34
14 4 0 190 11
7 2 6 144 29
16 2 2 133 28
8 3 3 146 27
12 3 8 133 14
1 1 3 173 15
15 1 14 126 40
4 2 1 144 28
11 2 5 130 28
6 2 6 173 21
15 2 7 166 36
9 2 5 158 39
15 3 4 202 17
11 3 13 158 35
6 3 8 194 19
9 3 14 197 18
4 3 6 194 32
16 3 12 190 40
18 2 7 202 38
1 2 12 230 20
17 4 5 197 12
9 4 7 240 23
5 1 11 113 19
19 2 12 250 27
3 3 7 263 14
5 2 14 215 21
3 4 12 277 33
9 5 0 263 34
1 3 11 250 19
13 5 5 209 33
0 2 9 85 17
17 5 1 209 18
10 3 1 227 31
0 3 4 219 27
11 4 4 246 31
7 3 9 173 20
7 4 3 193 21
13 6 6 242 27
4 4 7 277 16
8 4 5 242 40
12 4 3 214 28
18 3 14 240 22
18 4 13 262 15
17 6 11 269 17
5 3 1 258 33
10 4 7 293 25
2 3 7 318 32
19 3 1 291 14
1 4 1 305 24
9 6 3 297 24
16 4 7 350 39
0 4 0 297 21
17 7 8 286 39
10 5 8 325 13
19 4 5 305 33
15 4 0 318 13
9 7 13 321 11
13 7 10 269 17
12 5 13 332 37
4 5 5 338 18
8 5 4 282 21
12 6 0 369 38
5 4 7 389 34
14 5 11 286 16
2 4 2 350 20
19 5 3 338 31
1 5 13 369 15
15 5 5 356 33
4 6 8 356 24
16 5 1 389 31
0 5 6 318 25
11 5 8 380 21
7 5 10 286 40
12 7 6 407 20
14 6 2 370 14
6 4 12 310 12
12 8 7 427 19
18 5 11 302 20
18 6 9 322 16
17 8 14 325 31
5 5 6 427 35
14 7 5 389 14
10 6 14 356 14
2 5 3 370 12
17 9 3 382 31
19 6 11 369 22
19 7 13 391 36
1 6 10 384 28
9 8 8 401 30
15 6 8 431 25
4 7 9 380 23
16 6 8 456 35
0 6 8 491 27
13 8 0 407 20
11 6 9 403 20
7 6 8 518 14
13 9 7 446 28
8 6 9 423 26
18 7 3 413 17
11 7 14 423 19
14 8 1 420 34
6 5 4 322 27
1 7 2 412 36
9 9 11 431 31
15 7 13 456 24
15 8 10 480 23
9 10 4 462 15
17 10 7 474 32
3 5 4 477 30
19 8 0 427 16
2 6 12 382 19
10 7 4 507 20
17 11 9 506 20
8 7 0 449 27
5 6 5 462 40
0 7 7 518 26
15 9 3 503 36
14 9 8 532 33
6 6 2 448 39
4 8 3 539 24
8 8 14 476 27
1 8 5 502 26
18 8 1 454 12
7 7 14 532 39
19 9 7 544 11
13 10 11 474 21
13 11 2 495 21
17 12 13 526 29
3 6 0 507 32
2 7 10 503 23
10 8 3 563 27
1 9 7 555 15
17 13 4 555 13
9 11 10 526 15
4 9 10 563 34
8 9 6 503 16
12 9 11 495 12
18 9 2 516 13
18 10 12 529 40
18 11 6 569 17
17 14 6 586 26
11 8 2 529 29
14 10 4 568 23
6 7 9 526 13
15 10 2 558 29
9 12 2 587 28
3 7 5 539 21
19 10 14 571 14
2 8 9 539 17
10 9 9 590 25
1 10 0 570 11
4 10 2 615 24
8 10 2 639 21
18 12 8 586 30
18 13 4 616 38
11 9 7 570 32
5 7 10 597 36
0 8 1 544 30
4 11 0 639 24
15 11 1 587 18
6 8 14 585 12
3 8 11 560 29
5 8 3 633 23
6 9 5 597 36
12 10 14 597 22
16 7 6 612 31
9 13 9 615 26
7 8 13 571 39
16 8 11 643 36
8 11 10 660 13
12 11 1 619 36
1 11 8 616 23
15 12 11 679 13
4 12 14 663 28
11 10 10 673 18
6 10 10 691 21
19 11 4 654 29
11 11 1 691 18
16 9 4 683 12
9 14 6 643 33
3 9 10 712 24
19 12 6 683 28
1 12 14 691 20
13 12 13 610 20
0 9 5 633 31
10 10 13 630 31
0 10 11 692 18
11 12 3 709 11
7 9 2 660 27
8 12 7 673 28
12 12 4 695 15
18 14 0 663 13
5 9 2 687 26
10 11 11 710 14
2 9 1 709 14
19 13 2 713 22
1 13 9 711 26
16 10 10 736 33
0 11 14 711 16
10 12 6 724 25
19 14 10 769 17
15 13 6 749 33
13 13 9 737 33
12 13 9 770 32
4 13 12 691 15
8 13 12 706 28
12 14 10 802 16
5 10 4 713 15
14 11 13 661 40
2 10 5 723 16
1 14 4 737 28
15 14 12 782 13
4 14 4 765 18
16 11 14 769 19
0 12 13 727 39
11 13 12 795 17
7 10 1 723 36
14 12 10 818 12
6 11 11 724 17
5 11 9 802 28
14 13 6 830 23
10 13 2 749 39
2 11 11 741 29
16 12 9 830 16
0 13 10 830 19
13 14 3 770 27
11 14 6 853 15
7 11 12 812 12
8 14 1 759 32
14 14 7 853 27
6 12 1 791 29
3 10 14 788 25
2 12 8 770 16
10 14 0 788 36
5 12 13 830 38
0 14 12 849 26
6 13 0 824 17
7 12 11 824 37
3 11 2 813 29
2 13 4 786 22
6 14 7 880 33
3 12 3 842 13
2 14 14 813 22
5 13 12 875 13
3 13 8 855 20
5 14 0 888 25
16 13 13 868 27
7 13 7 913 22
16 14 0 913 21
7 14 0 935 13
3 14 13 895 18
