12 0 14 0 16
19 0 2 0 12
19 1 12 12 25
1 0 9 0 11
4 0 12 37 32
11 0 6 0 32
12 1 13 16 16
16 0 14 16 20
1 1 10 11 22
18 0 11 0 11
15 0 8 0 38
17 0 11 11 18
3 0 14 36 22
15 1 12 69 17
4 1 14 69 15
9 0 1 0 18
8 0 8 38 20
2 0 3 0 25
18 1 2 12 11
9 1 7 18 37
5 0 10 33 23
0 0 0 0 19
8 1 6 58 17
3 1 3 58 36
6 0 6 75 39
7 0 11 29 11
2 1 8 58 17
13 0 8 75 20
2 2 11 75 24
12 2 1 32 37
13 1 10 95 24
11 1 3 94 22
9 2 14 84 27
0 1 9 19 33
16 1 3 116 16
0 2 2 52 32
5 1 12 86 38
3 2 2 94 34
17 1 3 132 37
14 0 8 95 31
1 2 14 111 19
14 1 0 126 17
9 3 9 111 40
10 0 11 99 19
17 2 14 169 16
8 2 5 75 26
2 3 13 99 40
18 2 12 124 22
3 3 12 146 17
6 1 8 126 38
7 1 13 139 24
2 4 10 139 32
13 2 11 119 27
2 5 14 185 16
12 3 8 164 25
13 3 9 151 38
11 2 12 163 24
9 4 5 151 40
0 3 13 163 18
16 2 0 143 33
0 4 10 181 39
5 2 8 189 11
3 4 4 163 30
17 3 6 185 15
14 2 9 189 13
1 3 5 191 12
14 3 1 202 21
9 5 6 200 17
10 1 0 176 22
17 4 8 200 14
16 3 10 220 14
3 5 13 193 12
13 4 5 203 34
8 3 3 169 34
17 5 12 214 11
14 4 10 234 17
1 4 4 203 25
14 5 7 251 19
9 6 8 217 22
10 2 13 205 36
17 6 13 241 32
3 6 1 223 13
13 5 12 237 39
8 4 9 203 23
13 6 7 276 33
5 3 14 201 27
2 6 5 237 39
16 4 5 276 27
12 4 2 189 26
5 4 9 228 11
18 3 9 239 35
12 5 3 215 11
7 2 10 251 38
15 2 3 226 14
10 3 6 241 18
8 5 0 226 16
17 7 5 303 12
1 5 6 259 38
19 2 5 315 23
6 2 0 242 15
11 3 5 338 13
14 6 13 273 14
1 6 0 297 29
9 7 3 240 17
10 4 5 351 22
13 7 4 309 37
5 5 6 297 25
0 5 8 239 34
16 5 7 309 31
12 6 9 274 34
5 6 5 373 14
18 4 14 274 20
12 7 4 346 14
7 3 8 289 15
3 7 6 322 25
17 8 1 315 11
14 7 3 287 40
1 7 7 340 39
5 7 4 387 12
2 7 9 308 19
10 5 3 373 17
18 5 7 379 31
6 3 12 276 27
7 4 9 327 19
6 4 10 303 22
11 4 4 399 13
6 5 9 346 27
7 5 14 346 13
12 8 0 360 20
11 5 1 412 11
16 6 8 340 16
2 8 0 380 24
18 6 4 412 19
9 8 10 325 30
7 6 5 387 30
15 3 13 287 17
4 2 1 423 35
19 3 8 356 21
19 4 6 377 27
4 3 7 458 13
0 6 6 404 25
19 5 9 404 30
15 4 4 431 12
4 4 8 471 32
14 8 5 417 32
1 8 13 379 19
14 9 11 449 25
10 6 14 390 35
6 6 2 373 32
7 7 0 417 26
12 9 6 429 36
9 9 0 443 38
8 6 2 405 18
11 6 0 481 11
10 7 10 425 34
16 7 6 465 31
0 7 4 443 36
15 5 1 458 35
3 8 9 434 12
15 6 6 496 35
4 5 11 503 23
8 7 4 479 35
6 7 4 514 40
17 9 10 459 29
0 8 11 526 40
16 8 12 496 28
12 10 12 524 12
5 8 2 423 27
18 7 3 431 39
2 9 1 493 39
19 6 14 434 23
1 9 11 566 22
4 6 6 531 22
8 8 12 536 24
2 10 4 554 17
9 10 4 571 21
5 9 11 588 26
0 9 12 566 33
9 11 12 599 32
10 8 7 471 23
17 10 7 494 19
16 9 9 524 37
3 9 7 513 18
13 8 2 450 31
8 9 10 560 16
17 11 4 592 12
14 10 2 481 34
1 10 1 588 23
14 11 14 515 23
9 12 11 631 24
10 9 8 503 19
17 12 9 604 18
3 10 10 576 31
13 9 13 481 15
8 10 11 655 26
13 10 14 538 34
5 10 7 614 29
2 11 2 571 35
0 10 1 611 31
16 10 4 604 37
12 11 5 536 29
5 11 3 643 28
18 8 5 565 28
2 12 7 643 38
12 12 10 607 25
7 8 2 606 29
15 7 0 531 19
10 10 2 635 29
8 11 7 681 12
14 12 6 553 13
1 11 3 671 20
18 9 6 593 33
9 13 13 655 24
19 7 11 681 39
6 8 3 691 12
11 7 13 679 25
0 11 14 642 30
16 11 2 664 29
0 12 3 703 34
3 11 0 607 39
14 13 12 631 40
1 12 2 693 40
14 14 4 671 26
10 11 1 664 22
18 10 10 632 34
6 9 13 704 20
7 9 6 635 33
11 8 8 704 13
16 12 11 720 38
18 11 1 686 38
7 10 12 671 21
15 8 10 666 36
4 7 4 697 21
19 8 3 737 26
19 9 13 763 34
18 12 0 724 20
3 12 5 646 40
6 10 14 724 21
7 11 1 724 15
2 13 6 681 20
13 11 3 763 33
12 13 7 693 32
13 12 6 796 26
11 9 2 733 15
0 13 5 737 26
16 13 1 758 30
0 14 7 763 13
5 12 13 797 21
3 13 8 717 26
17 13 2 748 26
1 13 12 733 19
13 13 1 822 36
4 8 0 744 38
8 12 14 745 13
18 13 13 818 17
5 13 0 818 20
8 13 13 835 27
3 14 11 758 37
6 11 11 795 22
7 12 3 796 21
8 14 1 862 19
16 14 13 862 36
12 14 11 817 12
18 14 8 835 28
7 13 4 817 28
15 9 7 776 19
10 12 12 752 17
1 14 8 863 26
19 10 7 797 17
6 12 5 817 17
11 10 10 748 33
10 13 4 845 33
6 13 7 834 38
7 14 7 872 33
2 14 12 769 31
9 14 2 774 30
15 10 9 795 29
4 9 2 804 38
17 14 0 838 39
5 14 1 881 30
19 11 1 911 24
6 14 1 935 27
13 14 0 877 14
11 11 11 829 17
10 14 9 878 39
4 10 3 842 40
11 12 14 846 16
15 11 2 842 31
15 12 5 873 26
4 11 10 882 31
11 13 9 917 38
15 13 11 899 35
4 12 5 913 11
11 14 7 955 24
15 14 14 934 37
19 12 4 935 12
4 13 13 924 37
19 13 0 947 19
19 14 10 966 36
4 14 9 961 16
