10 0 13 0 25
10 1 0 25 22
8 0 2 0 17
5 0 5 0 33
17 0 7 0 36
10 2 3 47 27
19 0 1 0 36
16 0 1 36 15
6 0 13 25 25
6 1 0 50 32
18 0 14 0 26
13 0 5 33 22
13 1 14 55 15
3 0 7 36 40
4 0 2 17 35
3 1 5 76 18
3 2 4 94 12
9 0 4 106 27
7 0 2 52 16
3 3 8 106 23
4 1 3 74 15
12 0 6 0 12
7 1 12 68 33
14 0 5 94 27
15 0 8 129 15
16 1 4 133 13
2 0 0 82 30
3 4 0 129 23
12 1 12 101 27
18 1 11 26 31
12 2 4 146 17
3 5 9 152 14
18 2 5 121 35
1 0 1 51 35
4 2 12 128 31
17 1 5 156 33
1 1 5 189 31
14 1 3 121 26
19 1 7 76 34
14 2 10 147 28
4 3 11 159 28
2 1 4 163 35
13 2 0 152 16
12 3 2 163 24
13 3 8 168 32
18 3 2 187 38
13 4 7 200 20
12 4 8 200 11
13 5 4 220 22
18 4 13 225 19
7 2 9 166 34
5 1 3 147 33
9 1 9 200 37
7 3 11 200 30
2 2 2 225 40
14 3 6 175 37
14 4 4 242 18
11 0 14 70 34
12 5 5 220 19
8 1 10 175 16
0 0 6 212 14
11 1 10 191 15
10 3 8 211 14
8 2 14 191 20
19 2 11 230 33
16 2 8 225 37
17 2 13 244 28
6 2 11 263 33
0 1 5 239 21
0 2 8 262 13
4 4 6 226 32
2 3 10 265 35
17 3 9 272 20
0 3 4 275 11
11 2 0 206 22
12 6 14 239 11
8 3 6 258 24
9 2 3 237 40
0 4 1 286 11
11 3 3 277 29
10 4 5 260 25
3 6 13 272 16
16 3 3 306 14
5 2 6 282 19
8 4 8 282 26
14 5 12 260 12
17 4 10 300 30
12 7 3 320 17
9 3 11 296 14
3 7 12 288 14
5 3 12 302 40
2 4 6 301 30
13 6 9 292 11
9 4 13 310 25
3 8 10 330 23
6 3 12 342 18
19 3 8 308 17
1 2 0 228 13
5 4 10 353 19
7 4 13 335 40
15 1 5 285 28
14 6 11 310 11
4 5 4 286 30
15 2 9 313 25
9 5 7 335 30
0 5 14 297 35
10 5 6 331 20
3 9 3 353 12
11 4 13 375 34
10 6 14 351 18
3 10 6 365 16
16 4 10 372 22
2 5 14 369 23
8 5 3 365 36
2 6 8 392 29
8 6 12 401 22
13 7 13 409 19
9 6 0 365 34
16 5 5 394 24
10 7 7 369 14
3 11 14 392 32
6 4 4 360 32
10 8 1 383 19
19 4 14 424 38
1 3 3 401 26
5 5 0 399 33
7 5 8 421 12
15 3 6 381 32
16 6 12 423 26
15 4 1 413 13
14 7 13 428 26
15 5 7 426 38
6 5 6 413 28
15 6 11 464 11
13 8 1 428 30
9 7 2 399 11
16 7 7 464 22
10 9 2 410 17
6 6 5 441 15
11 5 6 441 40
10 10 4 427 27
12 8 9 338 25
8 7 0 432 14
0 6 13 454 20
11 6 7 486 17
10 11 9 454 22
8 8 13 474 11
19 5 6 481 39
16 8 9 486 34
15 7 2 475 34
15 8 4 509 25
13 9 12 458 33
9 8 5 456 15
16 9 14 520 22
10 12 12 491 22
3 12 1 458 40
6 7 3 456 35
0 7 11 475 17
10 13 11 513 27
19 6 5 520 16
1 4 6 520 14
5 6 13 485 26
7 6 14 542 26
14 8 7 503 27
4 6 10 394 27
11 7 2 509 32
9 9 12 513 32
11 8 12 545 20
18 5 10 421 35
12 9 1 498 11
18 6 4 534 27
1 5 9 534 17
4 7 7 530 29
17 5 4 561 33
1 6 7 559 38
14 9 9 551 40
19 7 3 536 27
14 10 14 591 19
4 8 0 559 38
2 7 13 511 37
13 10 6 534 29
18 7 8 561 29
18 8 3 590 39
7 7 5 568 26
5 7 2 541 31
9 10 1 545 36
7 8 6 594 15
2 8 7 597 38
1 7 12 597 20
11 9 5 594 39
8 9 9 591 20
0 8 10 492 18
11 10 4 633 31
8 10 7 635 23
19 8 13 563 29
16 10 11 542 19
17 6 14 610 29
16 11 13 592 32
6 8 9 611 14
6 9 2 625 34
13 11 11 563 18
3 13 11 581 25
19 9 2 659 16
15 9 0 597 20
12 10 11 606 31
7 9 3 629 21
14 11 1 610 24
15 10 10 617 32
2 9 3 650 40
12 11 13 637 33
2 10 9 690 26
12 12 7 670 31
1 8 10 649 19
7 10 1 650 40
3 14 2 675 29
6 10 7 701 23
9 11 10 668 12
16 12 0 624 29
6 11 10 724 32
0 9 12 617 11
19 10 0 675 16
1 9 13 670 12
5 8 11 637 28
7 11 4 690 32
4 9 13 682 11
11 11 11 665 16
9 12 14 680 28
18 9 9 716 13
18 10 6 729 14
18 11 7 743 26
1 10 8 682 16
4 10 1 693 23
17 7 0 691 34
1 11 4 722 34
14 12 2 704 18
17 8 3 725 22
5 9 7 769 36
9 13 8 708 31
0 10 2 722 23
0 11 3 747 13
11 12 1 716 37
19 11 4 756 19
16 13 2 745 13
12 13 10 756 12
15 11 3 760 23
15 12 12 783 14
13 12 3 783 34
6 12 1 756 17
19 12 9 775 40
1 12 11 756 15
5 10 4 805 38
7 12 0 725 14
14 13 0 739 12
4 11 14 716 17
2 11 12 797 11
2 12 1 808 40
13 13 10 817 32
14 14 8 751 34
7 13 7 805 30
19 13 12 815 35
6 13 14 773 26
13 14 2 849 18
19 14 10 850 39
1 13 14 799 12
4 12 5 733 27
17 9 11 771 12
1 14 2 867 14
4 13 9 815 37
2 13 11 848 36
11 13 8 785 33
10 14 10 889 21
8 11 1 848 29
16 14 6 758 35
17 10 6 793 30
6 14 8 818 19
0 12 0 760 15
0 13 7 835 11
4 14 8 852 29
2 14 5 884 17
17 11 8 881 12
0 14 9 852 35
11 14 9 887 13
8 12 11 884 23
9 14 6 823 23
18 12 0 775 17
18 13 1 877 22
7 14 10 910 35
5 11 1 899 21
8 13 4 907 15
8 14 5 922 40
17 12 1 920 35
12 14 0 792 22
17 13 2 955 13
17 14 12 968 35
5 12 14 920 25
5 13 9 945 40
5 14 8 985 35
15 13 14 945 16
15 14 13 961 20
18 14 12 1003 15
