4 0 2 0 14
5 0 2 14 84
3 0 1 0 81
8 0 0 0 76
0 0 0 76 29
4 1 0 105 6
5 1 1 98 2
1 0 0 111 43
3 1 2 98 95
8 1 1 100 69
5 2 5 100 52
4 2 1 169 22
4 3 5 191 61
5 3 3 152 95
1 1 2 193 90
6 0 1 191 46
0 1 1 237 78
3 2 0 193 71
8 2 3 247 76
7 0 2 283 31
6 1 0 264 37
9 0 1 315 85
5 4 8 247 48
3 3 4 264 99
5 5 9 295 72
1 2 4 363 75
6 2 3 323 61
0 2 2 315 9
3 4 6 363 9
8 3 5 323 51
7 1 0 314 86
6 3 2 384 13
9 1 0 400 13
5 6 0 413 47
3 5 8 372 52
0 3 3 384 36
2 0 1 400 91
6 4 6 397 32
3 6 7 424 85
8 4 2 397 85
6 5 5 429 21
1 3 9 438 11
5 7 6 460 65
4 4 3 420 26
6 6 9 450 32
9 2 2 482 61
9 3 6 543 7
3 7 3 509 98
0 4 4 438 49
7 2 1 491 46
2 1 0 491 85
6 7 8 482 89
5 8 4 525 6
4 5 4 531 69
3 8 9 607 22
6 8 7 571 30
4 6 8 600 21
0 5 5 487 11
7 3 5 537 74
9 4 8 621 64
2 2 3 607 39
3 9 5 629 43
0 6 6 550 62
1 4 3 646 69
6 9 4 601 55
0 7 7 612 56
8 5 9 629 11
7 4 4 656 32
9 5 9 685 76
0 8 8 685 44
2 3 2 646 74
2 4 8 729 90
8 6 6 640 40
1 5 1 715 28
9 6 5 761 47
7 5 6 688 88
1 6 6 776 46
7 6 8 819 19
2 5 5 819 10
8 7 7 680 89
1 7 5 829 46
8 8 4 769 26
4 7 7 769 49
2 6 7 829 12
5 9 7 841 25
2 7 6 841 89
1 8 7 875 72
0 9 9 761 21
1 9 8 947 30
7 7 9 838 48
9 7 3 808 52
8 9 8 977 74
7 8 7 947 36
4 8 9 886 72
4 9 6 958 53
7 9 3 983 79
9 8 4 860 90
9 9 7 983 45
2 8 9 958 45
2 9 4 1003 33
