16 0 0 0 37
10 0 1 0 78
18 0 1 78 69
17 0 0 37 86
4 0 2 0 14
15 0 1 147 2
8 0 0 123 76
5 0 2 14 84
9 0 1 149 85
18 1 2 147 51
15 1 0 199 95
10 1 3 78 36
16 1 2 198 13
8 1 3 199 76
7 0 2 211 31
15 2 3 294 72
18 2 0 294 11
10 2 0 305 11
9 1 2 242 61
5 1 1 234 52
16 2 1 286 21
17 1 1 307 74
4 1 1 381 22
9 2 0 316 64
18 3 3 366 89
5 2 4 286 48
12 0 0 380 85
13 0 2 303 95
7 1 1 403 46
10 3 4 334 56
16 3 3 455 89
4 2 0 465 26
17 2 4 390 88
9 3 3 544 47
15 3 4 478 65
18 4 4 543 74
10 4 2 398 21
8 2 2 419 85
7 2 0 491 32
5 3 0 523 47
4 3 3 591 21
7 3 3 612 19
17 3 2 504 48
9 4 4 617 90
15 4 2 552 25
7 4 4 707 36
8 3 1 504 40
17 4 3 631 79
4 4 4 743 72
5 4 3 710 6
16 4 4 815 55
2 0 1 544 91
8 4 4 870 26
12 1 2 577 74
13 1 0 570 99
12 2 1 651 10
13 2 1 669 52
12 3 3 716 89
12 4 4 896 33
13 3 3 805 98
2 1 0 669 39
13 4 4 929 43
0 0 0 708 29
11 0 2 651 90
2 2 2 741 90
0 1 1 737 9
11 1 0 741 11
3 0 1 746 81
19 0 0 752 13
14 0 0 765 6
1 0 0 771 43
3 1 0 827 71
19 1 1 827 7
0 2 2 831 49
11 2 1 834 28
3 2 4 972 9
19 2 2 880 76
14 1 1 862 61
11 3 3 903 46
1 1 1 923 75
0 3 3 949 62
11 4 4 981 30
3 3 2 981 85
19 3 3 1011 52
14 2 4 1011 69
0 4 4 1080 44
1 2 3 1063 69
2 3 4 1124 12
2 4 3 1136 45
3 4 3 1181 22
19 4 4 1136 45
14 3 2 1080 49
1 3 2 1132 46
14 4 3 1203 53
1 4 4 1181 72
6 0 1 998 46
6 1 0 1044 61
6 2 2 1178 32
6 3 3 1256 32
6 4 4 1288 30
