4 0 0 0 83
2 0 3 0 39
3 0 1 0 77
6 0 3 39 69
8 0 3 108 17
5 0 1 77 54
7 0 2 0 38
8 1 1 131 49
9 0 4 0 77
2 1 4 77 98
1 0 0 83 21
5 1 2 131 43
7 1 0 104 60
1 1 3 125 52
3 1 0 164 55
6 1 4 175 77
0 0 1 180 21
4 1 3 177 34
7 2 1 201 41
8 2 4 252 25
5 2 4 277 79
9 1 3 211 79
2 2 1 242 42
0 1 0 219 53
4 2 2 211 64
6 2 1 284 87
1 2 4 356 16
8 3 0 277 44
5 3 0 356 92
9 2 2 290 43
2 3 2 333 31
3 2 4 372 79
6 3 2 371 87
4 3 1 371 19
7 3 3 290 24
9 3 1 390 75
0 2 4 451 95
1 3 2 458 26
3 3 2 484 66
7 4 4 546 83
4 4 4 629 37
6 4 0 458 93
5 4 3 448 62
2 4 0 551 12
1 4 1 484 71
0 3 3 546 55
9 4 0 563 96
3 4 3 601 77
8 4 2 550 98
0 4 2 648 34
