7 0 1 0 63
4 0 4 0 27
9 0 4 27 72
0 0 0 0 20
3 0 2 0 86
6 0 4 99 28
0 1 3 20 87
2 0 1 63 72
6 1 1 135 12
9 1 2 99 18
7 1 0 63 94
9 2 1 147 37
1 0 4 127 25
8 0 4 152 14
2 1 2 135 23
9 3 3 184 79
8 1 0 166 75
7 2 2 158 98
2 2 4 166 28
3 1 1 184 76
3 2 4 260 97
0 2 1 260 31
2 3 0 241 58
7 3 3 263 50
1 1 2 256 32
4 1 0 299 42
1 2 0 341 24
8 2 2 288 50
2 4 3 313 99
3 3 0 365 45
4 2 3 412 48
5 0 1 291 67
6 2 3 460 19
5 1 0 410 98
0 3 4 357 76
4 3 2 460 17
5 2 4 508 48
6 3 0 508 80
0 4 2 477 17
4 4 1 477 46
3 4 3 479 90
5 3 3 569 27
8 3 1 523 41
1 3 1 564 18
6 4 2 588 50
9 4 0 588 61
7 4 4 556 80
1 4 3 596 81
8 4 3 677 55
5 4 2 638 62
