2 0 2 0 38
0 0 1 0 23
0 1 2 38 45
3 0 4 0 37
1 0 2 83 21
3 1 0 37 54
7 0 4 37 24
3 2 2 104 74
7 1 1 61 84
2 1 3 38 54
1 1 1 145 29
5 0 4 61 81
4 0 4 142 57
5 1 0 142 79
7 2 0 221 32
9 0 4 199 40
4 1 0 253 81
3 3 1 178 62
8 0 4 239 56
8 1 0 334 7
6 0 3 92 33
5 2 1 240 89
8 2 3 341 54
6 1 2 178 20
5 3 2 329 89
2 2 4 295 16
6 2 0 341 91
5 4 3 418 11
6 3 4 432 20
4 2 1 334 61
8 3 2 418 64
1 2 0 432 18
0 2 0 450 82
3 4 3 429 57
1 3 4 452 41
7 3 2 482 55
0 3 4 532 84
1 4 3 493 50
7 4 3 543 8
4 3 3 551 68
9 1 1 395 83
4 4 2 619 30
8 4 1 482 39
6 4 1 521 66
9 2 0 532 19
0 4 3 619 38
2 3 0 551 52
2 4 1 603 52
9 3 2 649 8
9 4 3 657 7
