0 0 0 0 12
8 0 2 0 61
8 1 4 61 9
8 2 0 70 62
3 0 2 61 95
1 0 1 0 19
2 0 1 19 14
1 1 3 19 11
6 0 2 156 74
7 0 1 33 88
7 1 3 121 69
2 1 0 132 75
1 2 4 70 66
4 0 1 121 45
4 1 3 190 6
9 0 2 230 54
5 0 3 196 77
3 1 4 156 66
7 2 0 207 62
5 1 2 284 20
6 1 1 230 88
0 1 2 304 94
4 2 4 222 89
9 1 4 311 5
9 2 3 316 59
5 2 0 304 76
3 2 0 380 7
7 3 4 316 98
5 3 4 414 88
0 2 3 398 92
8 3 1 318 52
4 3 0 387 15
4 4 2 402 34
9 3 1 375 15
3 3 3 490 7
6 2 0 402 52
7 4 2 436 52
3 4 1 497 77
5 4 1 574 53
6 3 3 497 27
0 3 4 502 91
2 2 3 524 13
9 4 0 454 88
2 3 4 593 16
1 3 2 488 21
6 4 4 609 9
0 4 1 627 7
8 4 3 537 90
2 4 2 609 20
1 4 0 542 87
