7 0 4 0 12
8 0 2 0 49
5 0 3 0 28
3 0 0 0 59
9 0 2 49 65
6 0 0 59 53
4 0 4 12 23
4 1 2 114 73
5 1 0 112 45
1 0 4 35 5
8 1 3 49 83
0 0 1 0 72
2 0 1 72 46
7 1 2 187 87
1 1 3 132 35
4 2 3 187 25
2 1 3 212 20
8 2 1 132 40
0 1 0 157 87
7 2 3 274 33
5 2 4 157 5
9 1 3 307 17
3 1 3 324 19
0 2 4 244 95
5 3 1 172 78
2 2 2 274 21
8 3 0 244 48
1 2 0 292 48
7 3 1 307 55
5 4 2 295 83
8 4 4 339 7
6 1 3 343 71
4 3 1 362 24
9 2 0 340 90
1 3 2 378 39
3 2 4 346 46
0 3 2 417 66
0 4 3 483 60
6 2 1 414 37
9 3 4 430 27
2 3 0 430 97
4 4 0 527 28
9 4 1 457 23
3 3 1 480 34
3 4 2 514 37
1 4 1 514 54
6 3 4 457 29
7 4 0 555 38
6 4 2 551 12
2 4 4 527 55
