3 0 3 0 77
10 0 4 0 28
14 0 0 0 87
3 1 1 77 77
12 0 4 28 59
7 0 0 87 60
8 0 2 0 98
8 1 3 98 17
8 2 4 115 25
7 1 1 154 41
0 0 1 195 21
12 1 3 115 16
2 0 2 98 31
7 2 2 195 38
9 0 0 147 96
14 1 1 216 45
1 0 3 131 52
0 1 2 233 34
4 0 4 140 37
10 1 2 267 35
4 1 3 183 34
12 2 1 261 91
13 0 4 177 43
3 2 4 220 79
11 0 0 243 61
5 0 2 302 43
11 1 4 304 10
5 1 1 352 54
13 1 1 406 52
6 0 0 304 93
5 2 0 406 92
6 1 3 397 69
9 1 4 314 77
13 2 0 498 28
7 3 4 391 83
6 2 1 466 87
7 4 3 474 24
8 3 0 526 44
8 4 1 570 49
0 2 4 474 95
12 3 2 352 59
2 1 0 570 12
12 4 0 582 46
2 2 1 619 42
9 2 3 498 79
14 2 2 411 39
1 1 4 569 16
0 3 0 628 53
4 2 2 450 64
10 2 0 681 95
4 3 1 661 19
13 3 2 526 27
3 3 0 776 55
11 2 2 553 95
11 3 1 680 9
5 3 3 577 62
6 3 4 585 77
9 3 1 689 75
13 4 3 639 50
5 4 4 662 79
6 4 2 662 87
0 4 3 689 55
2 3 3 744 39
9 4 2 764 43
14 3 4 741 9
1 2 1 764 71
2 4 4 783 98
14 4 3 783 41
1 3 2 835 26
4 4 0 831 83
10 3 3 824 76
3 4 2 861 66
11 4 3 900 35
1 4 0 914 21
10 4 1 900 7
