1 0 0 0 75
13 0 4 0 37
0 0 0 75 47
7 0 2 0 57
12 0 4 37 16
1 1 1 75 60
4 0 3 0 29
11 0 3 29 50
2 0 3 79 32
8 0 4 53 56
11 1 2 79 21
9 0 4 109 15
3 0 0 122 44
7 1 3 111 32
9 1 0 166 20
2 1 0 186 33
6 0 2 100 58
13 1 0 219 54
14 0 4 124 57
5 0 1 135 15
5 1 2 158 40
12 1 1 150 52
12 2 0 273 52
0 1 4 181 57
3 1 1 202 34
4 1 1 236 44
2 2 2 219 69
8 1 0 325 84
1 2 4 238 22
13 2 3 273 57
12 3 2 325 38
0 2 1 280 71
4 2 0 409 62
2 3 1 351 31
1 3 3 330 79
13 3 2 363 74
3 2 4 260 51
2 4 4 382 58
5 2 0 471 97
12 4 3 409 54
8 2 2 437 90
14 1 1 382 61
0 3 3 463 96
1 4 2 527 65
10 0 4 440 84
0 4 2 592 14
5 3 4 568 38
9 2 1 443 67
3 3 3 559 58
7 2 4 606 87
9 3 3 617 30
6 1 1 510 39
14 2 0 568 81
9 4 2 647 70
6 2 0 649 57
13 4 1 549 62
14 3 2 717 30
5 4 3 647 66
4 3 2 747 17
4 4 4 764 8
8 3 1 611 85
3 4 2 764 47
8 4 3 713 61
10 1 0 706 82
6 3 4 772 20
14 4 3 774 68
10 2 1 788 23
10 3 2 811 45
6 4 3 842 50
11 2 0 788 18
10 4 3 892 38
7 3 0 806 63
7 4 1 869 21
11 3 4 806 41
11 4 1 890 29
