13 0 3 0 30
7 0 3 30 69
12 0 0 0 45
10 0 0 45 41
3 0 2 0 95
8 0 3 99 90
5 0 4 0 88
13 1 1 30 66
5 1 3 189 77
9 0 4 88 5
11 0 0 86 38
7 1 2 99 52
14 0 2 151 95
10 1 1 96 50
13 2 0 124 23
3 1 4 95 66
6 0 4 161 9
13 3 4 170 36
7 2 0 151 62
7 3 1 213 88
4 0 2 246 34
5 2 2 280 20
11 1 4 206 72
14 1 0 246 71
10 2 4 278 78
4 1 4 356 89
3 2 0 317 7
8 1 0 324 62
5 3 1 301 53
1 0 2 300 21
0 0 3 266 92
1 1 1 354 19
6 1 3 358 27
3 3 1 373 77
12 1 3 385 95
2 0 1 450 14
14 2 3 480 76
6 2 0 386 52
4 2 3 556 6
8 2 4 445 9
0 1 2 358 94
1 2 0 438 87
0 2 0 525 12
2 1 3 562 13
14 3 1 556 8
9 1 2 452 54
7 4 4 454 98
5 4 0 537 76
0 3 4 552 91
6 3 1 564 88
12 2 4 643 52
2 2 0 613 75
3 4 3 575 7
4 3 1 652 45
8 3 2 506 61
4 4 0 697 15
8 4 1 697 52
0 4 1 749 7
1 3 3 582 11
11 2 2 567 91
6 4 2 658 74
14 4 4 695 88
2 3 4 783 16
2 4 2 799 20
9 2 3 593 59
11 3 3 658 68
11 4 1 756 71
12 3 2 819 25
10 3 3 726 53
9 3 0 712 88
9 4 1 827 15
12 4 1 844 6
13 4 2 844 17
1 4 4 799 66
10 4 2 861 23
