12 0 4 0 40
1 0 3 0 59
9 0 2 0 43
6 0 3 59 10
11 0 1 0 17
5 0 0 0 63
8 0 2 43 95
3 0 0 63 14
11 1 0 77 23
1 1 1 59 64
12 1 3 69 73
5 1 3 142 28
13 0 3 170 57
2 0 4 40 88
4 0 0 100 84
8 1 4 138 46
0 0 1 123 66
7 0 2 138 67
10 0 4 184 49
0 1 3 227 85
9 1 4 233 85
3 1 1 189 67
14 0 0 184 37
11 2 3 312 70
13 1 1 256 9
3 2 2 256 57
5 2 1 265 46
12 2 0 221 73
9 2 3 382 32
7 1 1 311 97
1 2 2 313 46
6 1 2 359 17
1 3 4 359 13
10 1 3 414 41
5 3 2 376 26
3 3 3 455 74
4 1 4 372 64
13 2 2 402 7
6 2 4 436 73
11 3 4 509 99
12 3 1 408 98
2 1 3 529 80
9 3 1 506 85
10 2 2 455 61
7 2 3 609 95
5 4 4 608 52
13 3 0 409 13
14 1 1 591 85
0 2 2 516 84
8 2 0 422 59
10 3 0 516 66
4 2 2 600 41
13 4 4 660 98
6 3 1 676 11
11 4 2 641 49
9 4 0 591 60
7 3 4 758 38
2 2 1 687 73
0 3 0 651 62
14 2 2 690 17
2 3 2 760 53
1 4 0 713 25
6 4 0 738 64
8 3 1 760 65
4 3 3 704 84
14 3 4 796 79
7 4 0 802 85
2 4 0 887 41
4 4 1 825 78
10 4 1 903 90
8 4 3 825 93
12 4 2 813 68
3 4 4 875 47
0 4 4 922 19
14 4 3 918 41
