1 0 1 0 89
2 0 0 0 77
1 1 0 89 97
8 0 0 186 64
5 0 3 0 34
0 0 1 89 58
11 0 2 0 70
12 0 3 34 27
10 0 0 250 52
7 0 2 70 62
9 0 2 132 67
7 1 3 132 47
4 0 2 199 48
6 0 1 147 91
13 0 1 238 87
9 1 4 199 20
0 1 2 247 44
14 0 3 179 76
14 1 2 291 36
5 1 4 219 82
10 1 4 302 93
3 0 3 255 57
7 2 1 325 72
10 2 3 395 68
6 1 4 395 75
14 2 0 327 36
9 2 3 463 15
5 2 2 327 80
0 2 3 478 5
4 1 0 363 40
13 1 2 407 56
0 3 0 483 9
14 3 4 470 15
5 3 0 492 10
3 1 1 397 21
12 1 2 463 82
4 2 1 418 49
2 1 1 467 87
3 2 2 545 31
10 3 2 576 29
13 2 4 485 36
8 1 3 483 75
13 3 0 521 26
1 2 4 521 96
4 3 3 558 70
7 3 4 617 35
8 2 4 652 50
11 1 0 547 58
7 4 0 652 11
12 2 1 554 63
9 3 0 663 12
6 2 0 675 55
13 4 3 628 48
11 2 1 617 93
8 3 1 710 90
2 2 2 605 81
2 3 4 702 39
1 3 3 676 77
3 3 0 730 15
1 4 2 753 84
6 3 2 837 17
11 3 4 741 7
0 4 4 748 58
11 4 3 753 77
12 3 4 806 6
10 4 1 800 57
14 4 1 857 8
12 4 0 812 95
2 4 3 830 85
4 4 4 812 71
9 4 1 865 71
8 4 2 854 94
5 4 1 936 22
6 4 3 915 7
3 4 4 883 73
