5 0 4 0 79
11 0 4 79 10
17 0 1 0 89
1 0 0 0 21
7 0 4 89 83
3 0 2 0 66
13 0 2 66 27
19 0 4 172 81
9 0 0 21 96
15 0 1 89 54
8 0 4 253 25
16 0 4 278 33
10 0 0 117 95
15 1 0 212 20
3 1 3 66 77
7 1 3 172 24
2 0 0 232 12
0 0 2 93 34
6 0 0 244 93
5 1 2 127 43
9 1 1 143 75
0 1 1 218 21
2 1 1 244 42
14 0 4 311 9
18 0 4 320 84
5 2 0 337 92
1 1 3 196 52
19 1 2 253 45
8 1 1 286 49
7 2 1 335 41
16 1 1 376 28
8 2 0 429 44
16 2 3 404 26
10 1 3 430 76
15 2 4 404 43
3 2 4 447 79
19 2 1 404 78
9 2 2 298 43
15 3 3 506 14
11 1 2 341 95
1 2 1 482 71
7 3 2 436 38
13 1 1 553 52
14 1 0 473 87
8 3 2 474 98
17 1 0 560 33
9 3 4 526 77
0 2 0 593 53
2 2 2 572 31
14 2 3 560 41
0 3 3 646 55
6 1 4 603 77
14 3 2 603 39
5 3 3 701 62
11 2 0 646 61
1 3 4 680 16
13 2 4 696 43
9 4 3 763 79
2 3 4 739 98
10 2 1 605 7
8 4 3 842 17
11 3 1 707 9
3 3 0 707 55
14 4 1 716 45
10 3 4 837 28
12 0 1 761 91
18 1 0 762 69
0 4 4 865 95
4 0 0 831 83
15 4 2 642 71
11 4 3 859 35
1 4 2 713 26
7 4 0 914 60
13 3 0 974 28
17 2 2 739 8
19 3 3 894 69
16 3 0 1002 78
10 4 2 865 35
3 4 1 852 77
6 2 2 900 87
5 4 1 929 54
2 4 3 963 39
6 3 1 987 87
4 1 4 960 37
18 2 2 987 94
13 4 3 1002 50
12 1 2 1081 59
12 2 4 1140 59
18 3 1 1081 74
4 2 3 1052 34
17 3 3 1086 66
19 4 0 1080 96
16 4 2 1140 37
6 4 3 1152 69
4 3 1 1155 19
18 4 3 1221 27
17 4 4 1199 42
4 4 2 1177 64
12 3 0 1199 46
12 4 3 1248 16
