0 0 1 0 23
2 0 4 0 16
6 0 1 23 66
11 0 1 89 42
10 0 0 0 63
19 0 2 0 18
16 0 2 18 62
1 0 3 0 50
9 0 0 63 19
9 1 4 82 40
0 1 0 82 82
4 0 3 50 68
19 1 4 122 23
16 1 1 131 36
1 1 4 145 41
7 0 3 118 8
13 0 2 80 39
15 0 3 126 26
19 2 3 152 15
15 1 2 152 43
12 0 1 167 80
9 2 3 167 7
16 2 0 167 63
7 1 4 186 24
10 1 2 195 64
13 1 4 210 22
15 2 0 230 80
2 1 3 174 54
0 2 4 232 84
10 2 3 259 91
4 1 1 247 61
12 1 0 310 26
2 2 1 308 52
6 1 0 336 91
11 1 3 350 61
10 3 4 350 40
12 2 3 411 75
17 0 1 360 33
7 2 2 259 55
5 0 1 393 89
18 0 2 314 64
14 0 1 482 15
8 0 0 427 7
2 3 2 378 38
13 2 0 434 75
17 1 3 486 18
6 2 3 504 33
16 3 3 537 96
15 3 4 390 22
2 4 0 509 52
13 3 3 633 24
0 3 2 416 45
4 2 2 461 30
12 3 4 486 6
6 3 4 537 20
11 2 4 557 15
8 1 2 491 64
3 0 1 497 62
1 2 1 559 29
7 3 0 561 32
18 1 4 572 64
8 2 1 588 39
7 4 1 627 84
17 2 0 593 22
18 2 0 636 89
13 4 1 711 44
4 3 0 725 81
16 4 4 636 40
9 3 2 555 8
9 4 1 755 83
0 4 3 657 38
11 3 2 572 98
10 4 1 838 6
17 3 4 676 5
6 4 2 670 20
11 4 0 806 74
5 1 2 690 89
18 3 1 844 96
14 1 3 695 79
8 3 4 681 56
8 4 3 774 54
14 2 4 774 8
3 1 3 828 57
12 4 2 779 87
5 2 3 885 11
19 3 1 940 38
1 3 0 880 18
3 2 4 885 37
5 3 0 898 79
4 4 4 922 57
15 4 1 978 61
17 4 2 866 10
5 4 4 979 81
18 4 3 940 95
14 3 0 977 12
3 3 2 922 74
1 4 2 996 21
19 4 0 989 8
14 4 2 1017 20
3 4 0 997 54
