9 0 0 0 90
3 0 2 0 37
1 0 1 0 54
13 0 2 37 57
19 0 0 90 60
10 0 0 150 62
12 0 2 94 53
5 0 1 54 78
4 0 2 147 73
18 0 3 0 93
16 0 1 132 11
2 0 3 93 20
14 0 2 220 41
17 0 4 0 38
17 1 3 113 95
2 1 1 143 46
8 0 0 212 48
13 1 4 94 47
16 1 0 260 64
11 0 3 208 59
18 1 1 189 65
18 2 2 261 95
0 0 3 267 60
19 1 1 254 85
15 0 4 141 52
14 1 4 261 64
15 1 3 327 28
19 2 2 356 43
7 0 4 325 12
12 1 1 339 73
7 1 3 355 33
7 2 1 412 55
15 2 2 399 26
5 1 3 388 28
17 2 0 324 85
0 1 0 409 87
16 2 3 416 10
12 2 3 426 80
7 3 2 467 87
8 1 1 467 40
0 2 1 507 72
10 1 3 506 85
4 1 3 591 25
1 1 0 496 48
8 2 2 554 49
1 2 2 603 39
8 3 3 616 83
15 3 0 544 63
10 2 1 591 66
4 2 1 657 24
3 1 0 607 59
6 0 3 699 71
16 3 4 426 73
10 3 2 657 84
19 3 4 499 85
12 3 4 584 88
17 3 1 681 97
16 4 2 741 17
4 3 0 681 28
18 3 0 709 59
5 2 2 758 83
4 4 4 709 23
18 4 4 768 46
2 2 0 768 97
14 2 3 770 84
17 4 2 841 67
2 3 2 908 21
13 2 0 865 14
11 1 2 929 46
0 3 4 814 95
19 4 3 854 32
15 4 1 778 46
14 3 1 854 78
7 4 0 879 38
12 4 0 917 41
13 3 1 932 67
2 4 4 929 55
14 4 0 958 84
6 1 1 999 37
11 2 4 984 13
0 4 2 975 66
8 4 4 997 7
5 3 0 1042 45
10 4 4 1004 19
1 3 3 886 35
1 4 4 1023 5
3 2 3 921 19
6 2 2 1041 12
11 3 1 1036 64
9 1 4 1028 27
11 4 0 1100 25
3 3 1 1100 34
6 3 4 1055 29
9 2 2 1055 65
13 4 3 999 74
6 4 0 1125 53
5 4 4 1087 5
3 4 4 1134 46
9 3 3 1120 17
9 4 1 1137 23
