18 0 1 0 26
5 0 0 0 10
2 0 2 0 81
7 0 3 0 47
17 0 0 10 54
13 0 4 0 36
5 1 4 36 82
10 0 4 118 93
2 1 3 81 85
8 0 1 26 90
8 1 2 116 94
17 1 4 211 40
9 0 3 166 15
12 0 1 116 63
4 0 2 210 48
16 0 1 179 78
15 0 4 251 78
1 0 1 257 89
9 1 2 258 67
11 0 3 181 77
9 2 0 325 12
12 1 3 258 27
6 0 2 325 17
15 1 1 346 84
16 1 0 337 75
1 1 4 346 96
13 1 0 412 26
16 2 4 442 88
17 2 2 342 13
11 1 1 430 93
0 0 3 285 5
5 2 3 290 34
19 0 3 324 54
13 2 3 438 48
10 1 2 355 29
14 0 2 384 36
2 2 1 523 87
1 2 0 442 97
12 2 0 539 95
3 0 0 634 15
13 3 2 486 56
13 4 1 610 87
17 3 1 697 82
15 2 3 486 41
1 3 2 542 84
4 1 4 530 71
10 2 0 649 52
0 1 4 601 58
18 1 4 659 82
14 1 1 779 8
6 1 0 701 55
9 3 4 741 20
5 3 2 626 80
16 3 3 530 13
11 2 0 756 58
16 4 2 706 81
1 4 3 626 77
6 2 1 787 91
2 3 4 761 39
4 2 3 703 70
18 2 0 814 52
14 2 4 800 15
10 3 1 878 57
3 1 3 773 57
19 1 1 935 64
0 2 2 787 44
14 3 3 830 76
2 4 0 866 77
3 2 4 830 73
7 1 2 831 62
4 3 0 943 40
5 4 1 999 22
7 2 1 1021 72
10 4 3 935 68
8 2 4 903 50
14 4 0 983 36
12 3 4 953 6
3 3 1 1093 21
17 4 3 1003 29
15 3 0 1019 30
0 3 0 1049 9
18 3 3 1032 6
6 3 4 959 75
9 4 1 1114 71
11 3 2 893 70
12 4 2 963 82
3 4 2 1114 31
4 4 1 1185 49
11 4 4 1034 7
0 4 1 1234 58
19 2 0 1058 54
8 3 0 1112 64
8 4 3 1176 75
18 4 2 1145 6
6 4 3 1251 7
19 3 2 1151 32
7 3 4 1093 35
19 4 4 1183 88
15 4 2 1183 76
7 4 0 1176 11
