16 0 1 0 7
15 0 1 7 81
7 0 0 0 80
17 0 3 0 45
3 0 2 0 21
14 0 1 88 95
16 1 4 7 22
12 0 0 80 28
1 0 2 21 40
3 1 4 29 65
5 0 0 108 89
7 1 2 80 56
10 0 0 197 45
2 0 1 183 46
2 1 4 229 65
9 0 1 229 40
12 1 2 136 73
11 0 2 209 36
12 2 1 269 98
4 0 2 245 85
1 1 3 61 32
13 0 0 242 70
10 1 1 367 29
8 0 4 294 56
14 1 0 312 59
13 1 3 312 86
6 0 4 350 59
18 0 0 371 21
15 1 2 330 92
0 0 0 392 6
8 1 0 398 91
0 1 2 422 40
12 3 3 398 92
15 2 4 422 32
7 2 1 396 77
14 2 4 454 56
5 1 4 510 29
10 2 2 462 8
19 0 1 473 82
8 2 3 490 50
2 2 2 470 70
14 3 3 540 85
0 2 1 555 81
19 1 2 555 33
7 3 4 539 41
8 3 2 588 71
0 3 3 636 37
4 1 0 489 40
2 3 3 673 55
18 1 1 636 84
15 3 0 529 52
11 1 0 581 54
16 2 2 659 12
15 4 3 728 39
7 4 3 767 97
17 1 0 635 93
3 2 0 728 64
1 2 0 792 55
4 2 1 720 44
13 2 2 671 27
8 4 1 764 17
6 1 3 864 38
18 2 2 720 61
10 3 4 580 77
2 4 0 847 77
14 4 2 781 41
0 4 4 673 19
13 3 1 781 99
6 2 1 902 80
18 3 3 902 68
12 4 4 692 87
10 4 3 970 58
9 1 0 924 88
11 2 3 1028 96
17 2 2 822 69
3 3 3 1124 25
16 3 0 1012 88
1 3 4 847 81
18 4 4 970 26
5 2 1 982 83
3 4 1 1149 15
1 4 1 1164 9
6 3 2 982 30
17 3 4 996 49
19 2 4 1045 71
9 2 4 1116 59
17 4 1 1173 27
16 4 3 1149 60
5 3 3 1209 31
9 3 2 1175 7
11 3 1 1200 9
4 3 3 1240 24
13 4 4 1175 96
19 3 0 1116 99
19 4 3 1264 44
6 4 0 1215 8
9 4 3 1308 80
11 4 4 1271 10
5 4 2 1240 84
4 4 4 1281 37
