1 0 4 0 55
9 0 8 0 69
4 0 2 0 98
2 0 3 0 34
4 1 0 98 44
9 1 9 69 81
7 0 1 0 45
4 2 5 142 25
5 0 2 98 35
1 1 2 133 31
5 1 3 133 76
1 2 5 167 98
6 0 3 209 16
3 0 1 45 87
4 3 6 167 75
9 2 2 164 94
1 3 9 265 79
3 1 3 225 69
4 4 7 242 43
6 1 2 258 59
7 1 0 142 87
5 2 5 265 28
9 3 4 258 96
2 1 2 317 64
7 2 3 294 41
5 3 9 344 10
6 2 0 317 46
3 2 2 381 87
2 2 8 381 62
0 0 1 132 21
0 1 6 242 71
8 0 4 354 33
6 3 1 363 91
3 3 7 468 38
5 4 4 387 61
2 3 1 454 19
0 2 9 354 16
7 3 4 448 20
5 5 6 448 9
6 4 9 454 43
0 3 8 443 52
7 4 6 468 54
8 1 2 468 37
0 4 7 506 26
8 2 8 505 66
4 5 1 473 49
9 4 3 354 27
9 5 0 381 69
1 4 0 450 12
0 5 2 532 34
9 6 7 532 45
1 5 7 577 66
2 4 4 473 92
6 5 8 571 50
5 6 0 462 95
3 4 8 621 24
2 5 9 565 79
0 6 0 566 53
0 7 4 619 21
3 5 9 645 83
4 6 4 640 96
6 6 6 621 52
7 5 9 728 43
5 7 8 645 35
9 7 6 673 78
8 3 5 571 33
0 8 3 640 55
2 6 7 644 43
5 8 1 680 7
3 6 6 751 41
6 7 5 673 59
1 6 1 687 42
3 7 0 792 93
2 7 6 792 54
7 6 8 771 14
6 8 4 736 28
0 9 5 732 95
8 4 3 695 26
1 7 8 785 77
2 8 0 885 83
8 5 7 721 8
4 7 9 771 77
9 8 1 751 74
9 9 5 827 84
7 7 5 911 9
6 9 7 764 27
3 8 5 920 77
2 9 5 997 37
7 8 2 920 39
8 6 1 825 28
3 9 4 997 60
5 9 7 791 95
7 9 7 959 71
8 7 6 853 89
8 8 9 942 42
8 9 0 984 78
4 8 3 848 17
1 8 6 942 77
4 9 8 865 79
1 9 3 1019 39
