1 0 8 0 57
3 0 0 0 91
8 0 2 0 62
5 0 3 0 91
0 0 4 0 18
7 0 1 0 15
2 0 2 62 30
5 1 2 92 64
4 0 9 0 40
8 1 3 91 96
4 1 0 91 7
6 0 1 15 80
3 1 8 91 8
7 1 7 15 43
5 2 5 156 40
3 2 3 187 33
2 1 4 92 79
6 1 7 95 39
1 1 5 196 16
0 1 7 134 21
8 2 4 187 22
3 3 7 220 55
9 0 1 95 96
4 2 4 209 19
0 2 9 155 41
1 2 1 212 52
9 1 0 191 89
4 3 8 228 7
7 2 2 156 20
6 2 8 235 24
7 3 0 280 12
2 2 3 220 68
3 4 5 275 20
6 3 3 288 75
0 3 2 196 45
5 3 0 292 63
7 4 8 292 26
2 3 1 288 61
1 3 7 275 74
0 4 3 363 38
2 4 8 349 11
8 3 9 209 5
8 4 0 355 63
9 2 5 295 64
4 4 6 235 83
7 5 6 318 61
6 4 4 363 75
7 6 3 401 79
2 5 6 379 89
3 5 2 295 20
5 4 7 355 98
3 6 4 438 32
2 6 7 468 89
6 5 5 438 6
6 6 6 468 44
9 3 3 480 95
4 5 2 318 64
1 4 2 382 38
9 4 9 575 23
0 5 8 401 50
6 7 0 512 26
5 5 4 470 74
0 6 5 451 84
7 7 9 598 22
2 7 0 557 81
3 7 6 512 84
0 7 6 596 29
7 8 5 620 8
4 6 5 628 56
1 5 3 575 54
9 5 7 598 18
4 7 3 684 54
5 6 8 544 61
3 8 1 596 66
9 6 8 616 15
4 8 7 738 8
0 8 1 662 23
7 9 4 628 80
2 8 9 638 81
6 8 2 538 87
1 6 6 629 62
8 5 6 691 33
9 7 2 631 64
1 7 9 719 37
5 7 1 685 6
3 9 9 756 24
2 9 5 719 57
6 9 9 780 22
1 8 4 756 54
0 9 0 685 82
8 6 7 746 10
9 8 6 724 38
4 9 1 746 39
1 9 0 810 52
9 9 4 810 8
5 8 6 762 42
8 7 8 756 18
8 8 1 785 36
5 9 9 804 15
8 9 5 821 40
