8 0 1 0 11
8 1 0 11 64
9 0 4 0 60
0 0 6 0 54
3 0 9 0 12
6 0 1 11 73
1 0 3 0 20
4 0 3 20 83
4 1 2 103 49
5 0 1 84 66
8 2 7 75 67
0 1 0 75 87
2 0 4 60 45
9 1 8 60 32
4 2 6 152 23
9 2 2 152 95
5 1 4 150 25
7 0 5 0 64
6 1 3 103 80
7 1 3 183 84
3 1 1 150 37
0 2 4 175 48
1 1 9 20 46
5 2 0 175 62
0 3 3 267 60
9 3 3 327 93
3 2 4 223 38
1 2 6 175 34
2 1 1 187 24
2 2 8 211 28
5 3 2 247 84
2 3 0 239 28
1 3 5 209 55
4 3 9 175 27
6 2 0 267 41
8 3 4 261 85
7 2 6 267 46
6 3 2 331 53
2 4 7 267 83
0 4 7 350 39
1 4 0 308 97
4 4 7 389 65
6 4 9 384 47
2 5 6 350 78
1 5 8 405 19
4 5 0 454 48
6 5 7 454 57
8 4 3 420 10
3 3 3 430 71
1 6 4 424 59
5 4 9 431 13
7 3 1 313 78
0 5 8 424 35
1 7 2 483 21
2 6 5 428 23
5 5 6 444 64
7 4 0 502 84
3 4 8 501 33
9 4 1 420 65
5 6 7 511 46
0 6 1 485 72
9 5 6 508 85
3 5 2 534 12
2 7 3 501 25
6 6 8 534 74
8 5 5 451 73
9 6 7 593 43
0 7 5 557 95
3 6 6 593 55
6 7 4 608 14
4 6 4 622 90
4 7 5 712 7
5 7 8 608 59
8 6 9 524 38
2 8 9 562 5
5 8 5 719 19
9 7 9 636 85
7 5 7 636 26
6 8 6 648 67
7 6 8 667 28
2 9 2 567 73
7 7 9 721 52
7 8 2 773 41
0 8 2 814 66
3 7 0 648 53
1 8 7 662 37
1 9 1 699 46
4 8 1 745 40
8 7 8 695 95
3 8 7 701 87
5 9 3 738 85
0 9 9 880 5
9 8 5 738 46
7 9 4 814 63
6 9 5 784 88
3 9 5 872 29
9 9 0 784 59
8 8 6 790 97
8 9 2 887 17
4 9 8 790 17
