0 0 2 0 44
0 1 3 44 5
3 0 1 0 91
4 0 6 0 71
1 0 4 0 15
5 0 7 0 70
8 0 5 0 88
6 0 6 71 87
1 1 7 70 31
7 0 0 0 36
4 1 1 91 90
5 1 5 88 93
8 1 2 88 81
6 1 1 181 63
1 2 1 244 87
7 1 5 181 15
4 2 3 181 75
5 2 8 181 77
4 3 0 256 64
2 0 9 0 82
3 1 2 169 17
2 1 6 158 22
7 2 8 258 41
9 0 9 82 88
9 1 4 170 54
9 2 6 224 64
2 2 4 224 10
1 3 8 331 57
5 3 2 258 29
0 2 5 196 58
8 2 3 256 13
3 2 7 186 62
4 4 2 320 94
7 3 9 299 78
2 3 3 269 70
9 3 7 288 32
3 3 5 254 75
7 4 3 377 76
3 4 8 388 47
0 3 4 254 97
8 3 6 288 82
2 4 1 339 49
4 5 8 435 15
5 4 4 351 58
0 4 0 351 9
8 4 4 409 54
0 5 7 360 84
3 5 4 463 11
6 2 4 474 26
9 4 0 360 52
2 5 0 412 40
1 4 0 452 77
5 5 6 409 93
0 6 8 450 77
8 5 7 463 13
3 6 3 474 7
6 3 5 500 6
9 5 2 414 6
0 7 9 527 96
5 6 3 502 68
3 7 6 502 72
8 6 8 527 29
3 8 9 623 35
4 6 4 500 12
3 9 0 658 55
4 7 7 512 67
4 8 9 658 20
7 5 6 574 84
2 6 8 556 34
6 4 2 506 82
5 7 1 570 57
8 7 9 678 40
4 9 5 678 50
1 5 3 570 85
6 5 3 655 27
5 8 9 718 7
0 8 1 627 58
8 8 1 718 78
0 9 6 685 89
6 6 7 682 56
9 6 8 590 54
2 7 2 590 48
1 6 2 655 81
5 9 0 725 52
9 7 5 728 82
9 8 3 810 6
6 7 8 738 48
8 9 0 796 75
6 8 9 786 36
9 9 1 816 26
2 8 7 738 80
1 7 5 810 39
7 6 4 658 30
2 9 5 849 71
6 9 0 871 95
1 8 9 849 73
7 7 7 818 76
1 9 6 922 21
7 8 2 894 36
7 9 1 930 8
