1 0 7 0 21
9 0 0 0 21
1 1 2 21 70
2 0 2 91 85
2 1 5 176 37
6 0 4 0 70
8 0 3 0 60
7 0 1 0 95
6 1 3 70 92
3 0 4 70 80
4 0 0 21 91
8 1 8 60 45
7 1 7 95 92
0 0 6 0 9
7 2 3 187 85
0 1 1 95 81
0 2 4 176 55
5 0 2 176 8
1 2 9 91 65
7 3 4 272 52
6 2 1 176 98
4 1 6 112 40
3 1 6 152 77
0 3 2 231 40
3 2 7 229 56
5 1 6 229 9
6 3 5 274 87
8 2 0 112 88
3 3 0 285 8
7 4 6 324 81
4 2 4 324 88
3 4 2 293 30
7 5 9 405 32
8 3 2 323 12
7 6 8 437 39
8 4 1 335 7
6 4 6 405 99
8 5 5 361 22
9 1 2 335 61
2 2 0 293 40
5 2 3 272 58
2 3 3 333 24
5 3 5 383 77
2 4 1 357 44
9 2 3 396 68
1 3 4 412 64
4 3 1 412 17
7 7 0 476 59
8 6 4 476 93
6 5 7 504 27
9 3 5 464 26
5 4 1 460 29
2 5 6 504 83
4 4 2 429 71
2 6 4 587 89
8 7 9 569 49
4 5 3 500 50
0 4 8 476 32
5 5 8 508 96
1 4 1 489 46
6 6 8 604 86
4 6 9 618 59
3 5 5 490 59
0 5 3 550 37
3 6 3 587 38
8 8 7 618 69
7 8 2 535 41
9 4 6 587 82
3 7 1 625 80
9 5 9 677 71
6 7 9 748 96
2 7 8 690 31
4 7 8 721 80
0 6 0 587 6
5 6 0 604 45
1 5 5 549 65
3 8 9 844 41
2 8 7 721 84
4 8 5 801 56
9 6 8 801 44
2 9 9 885 29
9 7 4 845 99
1 6 8 845 25
4 9 7 857 7
7 9 5 857 56
8 9 6 687 27
9 8 7 944 33
3 9 8 885 97
9 9 1 977 84
6 8 0 844 28
5 7 9 914 10
5 8 4 944 54
1 7 0 872 77
6 9 2 872 73
5 9 7 998 36
1 8 3 949 55
1 9 6 1004 15
0 7 5 913 19
0 8 9 932 81
0 9 7 1034 40
