1 0 3 0 39
9 0 2 0 94
13 0 1 0 12
11 0 5 0 28
5 0 8 0 35
4 0 8 35 79
3 0 4 0 60
12 0 5 28 27
14 0 4 60 61
9 1 5 94 84
11 1 9 28 97
7 0 5 178 9
3 1 2 94 87
0 0 2 181 34
10 0 1 12 31
11 2 0 125 58
4 1 9 125 77
14 1 3 121 55
13 1 8 114 50
1 1 2 215 31
14 2 6 176 37
14 3 5 213 14
9 2 6 213 78
11 3 4 183 45
5 1 7 35 95
10 1 4 228 24
12 1 9 202 48
2 0 1 43 19
12 2 8 250 27
8 0 1 62 28
8 1 5 227 33
14 4 2 246 50
9 3 9 291 81
11 4 6 291 76
5 2 6 367 9
10 2 0 252 20
12 3 7 277 62
0 1 3 215 55
6 0 4 252 28
1 2 0 272 12
2 1 0 284 83
7 1 4 280 20
6 1 5 280 59
1 3 1 284 42
2 2 3 367 34
7 2 2 300 39
7 3 6 376 54
6 2 3 401 16
1 4 9 372 79
2 3 4 401 92
7 4 1 430 45
3 2 8 277 24
0 2 5 339 95
10 3 2 339 17
11 5 3 417 99
4 2 2 356 98
14 5 8 301 79
13 2 0 367 80
9 4 1 475 74
12 4 4 493 98
2 4 6 493 54
12 5 6 591 67
8 2 0 447 78
8 3 3 525 26
9 5 3 551 27
11 6 2 516 23
5 3 9 451 10
10 4 9 461 25
5 4 2 539 35
10 5 8 486 81
12 6 3 658 48
0 3 9 486 16
6 3 9 502 43
1 5 8 567 77
2 5 9 547 79
7 5 7 475 71
6 4 0 545 46
1 6 6 658 77
7 6 0 591 87
6 5 8 644 50
13 3 2 574 50
3 3 5 434 77
4 3 4 591 96
5 5 1 574 7
13 4 9 626 80
3 4 3 706 69
14 6 1 581 41
9 6 8 694 69
11 7 1 622 72
3 5 7 775 38
0 4 4 687 21
10 6 5 567 76
11 8 8 763 90
4 4 3 775 17
14 7 9 706 72
13 5 3 792 19
1 7 5 735 98
14 8 7 813 18
9 7 0 763 69
10 7 3 811 87
12 7 0 832 42
8 4 2 624 37
8 5 7 831 8
0 5 6 735 71
6 6 6 806 52
1 8 4 833 55
9 8 7 839 45
13 6 5 833 28
5 6 5 861 28
4 5 0 874 44
3 6 1 813 87
7 7 3 898 41
3 7 6 900 41
0 6 0 918 53
6 7 7 884 27
4 6 7 918 43
13 7 6 941 63
5 7 4 889 61
5 8 0 971 95
10 8 7 961 32
12 8 1 900 46
2 6 8 853 62
12 9 2 946 17
8 6 8 915 66
8 7 6 1004 89
13 8 4 1004 94
11 9 7 993 86
7 8 9 939 43
3 8 9 982 83
0 7 8 981 52
10 9 6 1093 18
4 7 6 1111 75
14 9 0 1066 75
13 9 7 1098 98
1 9 7 1196 66
2 7 5 915 37
8 8 9 1093 42
3 9 0 1141 93
7 9 8 1033 14
0 8 1 1033 21
4 8 1 1186 49
0 9 7 1262 26
6 8 2 963 59
2 8 2 1022 64
6 9 1 1235 91
2 9 7 1288 43
4 9 5 1235 25
8 9 4 1135 33
9 9 4 1168 96
5 9 3 1066 76
