4 0 4 0 88
2 0 8 0 77
0 0 9 0 66
7 0 4 88 65
12 0 5 0 23
13 0 1 0 37
4 1 6 88 15
12 1 3 23 25
11 0 1 37 46
12 2 6 103 78
2 1 7 77 20
3 0 3 48 27
11 1 3 83 20
11 2 0 103 97
1 0 3 103 13
3 1 2 75 74
11 3 2 200 21
11 4 9 221 46
1 1 2 221 20
7 1 1 153 8
14 0 4 153 90
3 2 6 181 88
5 0 6 269 71
13 1 0 200 53
10 0 1 161 72
9 0 3 116 39
10 1 4 243 48
2 2 2 241 34
9 1 2 275 15
2 3 0 275 15
8 0 9 267 37
4 2 1 233 52
7 2 8 161 85
6 0 3 155 95
13 2 7 253 87
9 2 6 340 83
14 1 8 246 17
0 1 5 66 91
8 1 1 304 37
6 1 9 304 36
11 5 7 340 37
1 2 4 291 7
7 3 0 290 71
3 3 4 298 62
3 4 7 377 52
5 1 0 361 41
2 4 9 340 88
0 2 4 360 87
7 4 7 429 65
5 2 4 447 38
4 3 2 290 61
9 3 9 428 44
12 3 1 341 24
2 5 5 428 89
6 2 6 423 66
13 3 4 485 38
10 2 0 402 87
14 2 2 351 49
0 3 2 447 94
8 2 4 523 28
4 4 7 494 54
14 3 3 400 83
3 5 8 429 69
5 3 3 485 53
11 6 8 498 19
1 3 1 365 14
1 4 9 472 66
7 5 6 494 28
13 4 3 538 71
10 3 2 541 66
5 4 7 548 91
4 5 0 548 62
9 4 7 639 53
12 4 0 610 28
2 6 6 522 53
6 3 5 517 52
11 7 4 551 59
1 5 0 638 75
7 6 5 569 88
14 4 1 483 40
3 6 5 657 9
14 5 6 575 23
0 4 7 692 21
8 3 3 609 51
4 6 8 610 59
14 6 7 713 65
3 7 9 666 98
5 5 8 669 68
13 5 5 666 29
11 8 6 610 34
1 6 6 713 77
7 7 3 660 76
12 5 7 778 83
3 8 0 764 52
5 6 1 737 50
13 6 9 764 12
14 7 9 778 27
0 5 3 736 92
8 4 8 737 86
4 7 5 695 9
5 7 5 787 78
9 5 0 816 16
13 7 8 823 33
10 4 9 805 5
10 5 6 810 54
9 6 4 832 46
10 6 7 864 39
1 7 5 865 16
2 7 3 828 6
2 8 1 834 45
8 5 2 823 9
7 8 9 810 27
6 4 0 832 45
9 7 5 881 24
0 6 1 879 7
8 6 6 864 55
6 5 8 877 30
11 9 5 905 55
1 8 7 903 95
3 9 1 886 88
4 8 3 834 90
5 8 2 865 23
12 6 8 907 28
5 9 9 888 72
2 9 4 879 76
0 7 0 886 12
7 9 2 888 95
4 9 9 960 5
9 8 1 974 25
12 7 9 965 5
6 6 4 955 23
13 8 6 919 55
10 7 8 935 35
14 8 5 960 7
0 8 8 970 11
8 7 0 919 73
14 9 0 992 48
1 9 8 998 7
13 9 2 983 12
10 8 5 970 95
9 9 8 1005 82
12 8 2 995 73
6 7 2 1068 25
10 9 3 1065 60
0 9 6 981 19
8 8 7 998 51
12 9 4 1068 45
8 9 5 1065 90
6 8 7 1093 17
6 9 1 1110 6
