14 0 1 0 18
13 0 2 0 14
14 1 8 18 93
9 0 2 14 6
3 0 5 0 75
11 0 2 20 78
8 0 0 0 75
6 0 7 0 56
13 1 5 75 39
2 0 0 75 40
8 1 7 75 13
1 0 6 0 21
1 1 1 21 87
5 0 6 21 93
4 0 9 0 20
6 1 0 115 95
12 0 4 0 28
8 2 2 98 81
7 0 3 0 76
9 1 1 108 26
12 1 9 28 11
5 1 5 114 93
3 1 2 179 17
10 0 8 111 62
13 2 6 114 56
0 0 7 88 84
0 1 5 207 58
1 2 4 108 15
9 2 7 172 32
8 3 8 179 29
7 1 5 265 15
4 1 4 123 12
3 2 3 196 7
13 3 4 170 62
14 2 7 204 58
0 2 8 265 77
11 1 9 98 90
4 2 6 170 71
5 2 1 207 57
1 3 5 280 39
11 2 0 210 85
9 3 6 241 64
8 4 4 232 54
1 4 2 319 81
7 2 9 280 78
11 3 1 295 72
2 1 5 319 71
8 5 6 305 82
6 2 8 342 48
13 4 3 232 97
13 5 9 358 66
6 3 4 390 26
9 4 4 416 54
8 6 5 390 88
12 2 7 262 50
5 3 7 312 70
12 3 6 387 88
10 1 2 400 67
9 5 0 470 52
10 2 5 478 32
5 4 8 390 77
0 3 2 467 44
2 2 8 467 34
4 3 7 382 67
2 3 9 501 82
6 4 2 511 82
10 3 0 522 62
14 3 6 475 47
1 5 3 400 85
7 3 1 367 8
11 4 8 501 64
9 6 5 522 82
8 7 1 478 78
14 4 3 522 69
4 4 0 584 64
0 4 4 511 97
2 4 3 591 70
8 8 9 583 40
1 6 7 485 31
5 5 4 608 58
4 5 2 648 94
6 5 1 593 63
7 4 8 565 41
5 6 0 666 52
3 3 6 522 72
10 4 7 584 69
13 6 7 653 69
10 5 3 661 61
14 5 9 623 57
1 7 8 606 57
1 8 9 680 73
11 5 6 594 63
9 7 3 722 6
8 9 3 728 13
12 4 0 718 44
14 6 2 742 41
4 6 8 742 15
11 6 3 741 11
6 6 9 753 36
13 7 1 722 7
2 5 6 661 22
1 9 0 762 77
5 7 2 783 29
6 7 3 789 27
12 5 5 762 31
7 5 2 812 36
9 8 9 789 88
12 6 2 848 27
5 8 9 877 7
3 4 4 666 11
10 6 1 729 35
3 5 7 722 62
10 7 4 764 72
13 8 8 757 47
0 5 6 683 89
0 6 3 816 5
9 9 8 877 54
7 6 4 848 30
4 7 5 793 50
3 6 8 931 47
13 9 0 839 76
14 7 5 843 53
0 7 1 821 58
11 7 7 784 82
4 8 3 843 75
5 9 3 918 68
11 8 5 896 88
7 7 6 878 84
2 6 4 878 10
6 8 6 962 87
6 9 5 1049 6
12 7 1 879 66
12 8 8 978 49
10 8 9 884 5
0 8 9 889 96
2 7 7 888 80
4 9 1 945 90
2 8 2 968 48
14 8 4 896 79
7 8 0 962 36
14 9 0 998 64
0 9 0 1062 9
7 9 7 998 76
3 7 9 985 35
3 8 1 1035 91
3 9 0 1126 55
11 9 4 984 7
2 9 1 1126 49
10 9 6 1049 93
12 9 3 1027 35
