14 0 2 0 24
0 0 7 0 8
5 0 8 0 60
13 0 4 0 10
14 1 5 24 29
9 0 9 0 58
4 0 7 8 84
5 1 0 60 49
6 0 6 0 71
3 0 1 0 68
5 2 4 109 59
7 0 8 60 62
12 0 9 58 79
2 0 1 68 50
14 2 9 137 49
8 0 4 168 35
11 0 0 109 68
12 1 1 137 60
7 1 7 122 90
2 1 3 118 93
4 1 2 92 34
8 1 0 203 39
0 1 9 186 75
12 2 3 211 56
7 2 5 212 98
14 3 8 186 55
3 1 7 212 43
11 1 3 267 60
5 3 5 310 72
3 2 4 255 99
6 1 2 126 91
1 0 6 71 19
1 1 8 241 73
6 2 8 314 65
4 2 8 379 40
14 4 0 242 47
13 1 2 217 92
6 3 1 379 90
14 5 6 289 77
0 2 0 289 72
8 2 9 261 74
5 4 9 382 63
7 3 3 327 31
1 2 3 358 43
10 0 7 255 99
9 1 0 361 5
11 2 2 327 77
8 3 5 382 25
2 2 5 407 80
10 1 3 401 91
2 3 4 487 7
13 2 5 487 23
1 3 0 401 23
4 3 5 510 7
3 3 6 366 60
5 5 1 469 69
8 4 7 407 47
14 6 3 492 77
11 3 7 454 10
12 3 6 426 91
3 4 5 517 68
5 6 7 538 99
7 4 2 404 91
2 4 0 494 55
4 4 1 538 70
0 3 6 517 74
6 4 9 469 98
1 4 1 608 85
13 3 6 591 46
10 2 4 494 33
11 4 8 464 60
9 2 3 569 50
3 5 0 585 91
7 5 4 527 38
12 4 2 517 40
11 5 5 585 15
12 5 8 557 86
12 6 7 643 72
11 6 9 600 72
8 5 3 619 52
2 5 2 557 61
10 3 5 600 19
2 6 6 637 57
13 4 8 643 40
1 5 4 693 39
4 5 6 694 74
3 6 8 683 11
4 6 3 768 12
3 7 3 780 96
7 6 9 672 72
0 4 4 732 30
6 5 4 762 8
9 3 8 694 52
12 7 0 715 80
8 6 2 671 63
11 7 1 693 18
14 7 7 715 8
9 4 1 746 88
2 7 8 746 72
10 4 2 734 18
13 5 7 723 72
1 6 5 732 13
5 7 6 768 45
6 6 7 795 50
1 7 9 745 26
1 8 2 771 67
13 6 3 876 6
0 5 8 818 43
8 7 8 861 21
5 8 3 882 27
7 7 1 834 9
10 5 6 813 38
9 5 6 851 20
11 8 6 871 90
2 8 9 818 42
2 9 7 860 46
12 8 5 795 89
0 6 2 861 38
4 7 0 795 43
8 8 6 961 35
12 9 4 884 51
7 8 0 843 72
14 8 1 843 28
3 8 9 876 11
11 9 4 961 18
3 9 2 899 72
1 9 7 906 9
4 8 9 887 69
7 9 6 996 49
9 6 2 971 68
10 6 0 915 24
13 7 1 882 23
4 9 4 979 30
5 9 2 1039 9
8 9 1 996 80
14 9 4 1009 48
0 7 5 899 98
6 7 0 939 75
13 8 0 1014 95
10 7 9 956 35
9 7 5 1039 24
0 8 1 1076 26
6 8 5 1063 37
9 8 4 1063 53
9 9 7 1116 57
10 8 1 1102 49
10 9 8 1151 9
13 9 9 1109 34
6 9 3 1100 17
0 9 3 1117 19
