9 0 7 0 36
0 0 8 0 14
9 1 8 36 31
8 0 2 0 44
9 2 4 67 47
7 0 3 0 86
1 0 5 0 38
7 1 7 86 85
3 0 2 44 42
14 0 4 114 88
10 0 8 67 20
11 0 1 0 85
2 0 9 0 5
13 0 6 0 32
3 1 1 86 8
6 0 0 0 97
14 1 7 202 7
4 0 6 32 55
0 1 4 202 75
13 1 2 86 92
3 2 0 97 96
10 1 6 87 49
12 0 2 178 15
11 1 5 85 7
6 1 2 193 64
2 1 1 94 84
8 1 3 86 16
9 3 6 136 52
7 2 9 171 63
1 1 3 102 82
14 2 8 209 27
10 2 7 209 74
2 2 0 193 43
3 3 5 193 19
5 0 8 236 9
1 2 2 257 85
14 3 1 236 38
3 4 4 277 59
10 3 4 336 10
6 2 3 257 78
13 2 5 212 33
10 4 5 346 17
12 1 6 193 87
11 2 8 245 71
2 3 6 280 48
5 1 2 342 72
10 5 3 363 34
8 2 4 346 11
2 4 4 357 8
14 4 3 397 91
4 1 2 414 70
0 2 3 488 12
3 5 7 336 97
6 3 5 363 21
9 4 0 236 32
7 3 0 268 61
1 3 4 365 58
12 2 7 433 11
11 3 6 328 59
2 5 7 444 7
5 2 7 451 31
10 6 0 397 85
8 3 6 387 45
2 6 3 500 41
14 5 2 488 69
4 2 3 541 75
0 3 2 557 38
3 6 9 433 73
6 4 4 423 94
9 5 5 384 11
7 4 2 595 65
1 4 6 432 87
14 6 6 557 21
13 3 8 316 82
12 3 1 444 39
6 5 9 517 31
13 4 1 483 83
11 4 4 517 76
2 7 5 541 61
1 5 9 548 89
3 7 8 506 43
5 3 0 482 79
2 8 8 602 66
4 3 8 668 42
0 4 0 595 76
13 5 7 566 57
12 4 4 593 39
11 5 0 671 17
2 9 2 668 14
5 4 5 602 73
8 4 1 566 30
4 4 4 710 37
7 5 4 747 30
8 5 9 637 84
13 6 9 721 99
0 5 5 675 97
6 6 8 710 53
9 6 2 682 28
8 6 8 763 93
14 7 9 820 62
1 6 0 688 43
6 7 6 763 16
9 7 9 882 35
7 6 5 777 32
1 7 1 731 80
12 5 8 856 43
11 6 3 688 29
5 5 3 717 95
8 7 0 856 60
14 8 5 882 39
8 8 5 921 61
14 9 0 921 48
4 5 7 747 23
0 6 9 917 12
3 8 3 812 74
6 8 7 779 86
9 8 3 917 20
7 7 1 811 33
1 8 7 865 69
4 6 1 844 48
0 7 1 929 29
3 9 6 886 41
5 6 4 812 25
10 7 2 710 77
8 9 7 982 90
4 7 5 982 5
0 8 7 1072 44
6 9 1 958 7
9 9 1 965 49
7 8 8 899 44
1 9 8 943 92
7 9 6 943 59
12 6 0 969 19
11 7 2 787 17
5 7 6 1002 43
10 8 9 929 68
4 8 9 997 38
0 9 6 1116 66
13 7 4 837 91
12 7 3 988 32
12 8 9 1035 16
13 8 3 1020 99
10 9 1 1014 84
12 9 5 1051 64
11 8 7 1116 48
5 8 9 1051 60
4 9 0 1035 7
11 9 9 1164 13
5 9 1 1111 56
13 9 0 1119 8
