9 0 4 0 96
8 0 1 0 28
7 0 5 0 9
15 0 3 0 96
7 1 9 9 43
7 2 8 52 14
6 0 5 9 59
10 0 4 96 24
9 1 3 96 27
14 0 9 52 72
13 0 0 0 80
18 0 2 0 58
0 0 8 66 52
5 0 1 28 7
3 0 1 35 87
13 1 8 118 50
14 1 0 124 75
5 1 4 120 61
3 1 5 122 77
18 1 3 123 50
14 2 4 199 61
9 2 6 123 78
19 0 1 122 85
12 0 2 58 17
3 2 0 199 93
9 3 5 201 84
6 1 9 124 43
1 0 4 260 55
6 2 0 292 46
5 2 0 338 95
4 0 2 75 98
4 1 5 285 25
3 3 3 292 69
15 1 2 173 14
10 1 7 120 32
2 0 5 310 37
15 2 5 347 57
10 2 9 167 25
17 0 1 207 44
8 1 8 168 66
11 0 8 234 90
4 2 6 310 75
16 0 1 251 31
2 1 4 347 92
15 3 0 433 47
10 3 2 192 17
10 4 3 361 87
17 1 7 251 40
11 1 5 404 28
11 2 1 432 72
16 1 7 291 47
0 1 7 338 26
1 1 5 432 98
16 2 8 338 58
16 3 3 448 32
1 2 3 530 39
0 2 6 385 71
19 1 0 480 84
19 2 5 564 56
9 4 2 285 94
6 3 4 439 28
7 3 7 364 71
14 3 8 396 79
7 4 4 467 20
14 4 6 475 37
17 2 2 379 17
4 3 9 385 77
16 4 4 487 44
4 4 1 504 49
15 4 7 480 65
17 3 0 564 62
11 3 7 545 86
0 3 9 462 16
18 2 4 531 63
5 3 2 433 35
5 4 9 478 10
3 4 2 468 87
13 2 3 569 19
14 5 2 555 50
1 3 9 569 79
19 3 3 620 61
9 5 8 475 69
6 4 6 512 52
7 5 6 564 54
1 4 0 648 12
12 1 4 594 98
3 5 7 631 38
2 2 2 605 64
13 3 7 669 98
12 2 3 692 48
18 3 9 648 87
19 4 9 735 15
2 3 6 669 54
10 5 8 544 81
2 4 1 723 19
10 6 5 625 76
17 4 8 626 66
8 2 0 660 78
11 4 2 669 23
7 6 3 740 41
1 5 8 692 77
0 4 2 692 34
3 6 8 769 24
2 5 7 767 43
13 4 5 767 28
12 3 1 742 46
18 4 0 738 57
19 5 7 810 70
2 6 0 810 83
9 6 1 788 74
7 7 0 893 87
1 6 6 769 77
6 5 3 781 16
12 4 8 793 27
3 7 6 846 41
2 7 3 893 34
8 3 2 738 37
8 4 9 775 42
9 7 9 862 81
13 5 2 795 50
12 5 6 887 67
12 6 7 954 62
4 5 3 927 17
8 5 3 944 26
16 5 5 795 58
17 5 6 954 15
4 6 8 944 79
15 5 4 692 75
16 6 6 969 34
17 6 3 970 29
11 5 3 999 99
0 5 1 862 21
18 5 6 1003 21
0 6 5 883 95
5 5 8 1023 35
5 6 5 1058 28
3 8 9 943 83
13 6 4 845 94
14 6 5 1086 14
1 7 7 1016 66
19 6 8 1058 30
9 8 7 1082 45
6 6 2 845 59
7 8 1 980 45
1 8 2 1082 31
4 7 0 1023 44
2 8 9 1026 79
17 7 9 1105 38
8 6 5 1100 33
11 6 6 1098 76
16 7 0 1067 33
2 9 8 1105 62
17 8 5 1143 8
13 7 6 1174 63
18 6 7 1127 57
15 6 8 1167 79
6 7 1 1025 91
10 7 6 1237 18
11 7 9 1174 97
0 7 4 978 21
18 7 8 1246 32
5 7 3 1098 76
5 8 7 1184 95
3 9 4 1026 60
13 8 1 1237 12
17 9 4 1151 97
8 7 6 1255 89
11 8 4 1271 45
16 8 2 1113 69
13 9 9 1271 80
16 9 9 1351 51
1 9 1 1249 42
0 8 0 1100 53
19 7 2 1182 90
9 9 0 1153 69
6 8 8 1278 50
7 9 2 1272 39
14 7 3 1174 55
4 8 7 1279 43
4 9 4 1322 96
15 7 1 1291 71
0 9 3 1229 55
18 8 1 1362 39
5 9 6 1344 9
6 9 7 1328 27
12 7 0 1222 42
12 8 9 1402 48
18 9 5 1401 20
8 8 4 1418 33
8 9 7 1451 8
19 8 6 1353 67
11 9 0 1316 58
15 8 6 1420 60
10 8 1 1401 31
14 8 7 1459 18
19 9 4 1451 20
12 9 5 1450 27
14 9 1 1477 41
15 9 9 1480 22
10 9 0 1432 20
