14 0 6 0 33
4 0 4 0 90
17 0 0 0 52
4 1 2 90 49
7 0 1 0 78
18 0 5 0 82
3 0 0 52 53
4 2 9 139 27
10 0 2 139 61
8 0 1 78 11
12 0 9 166 86
2 0 4 90 45
9 0 3 0 93
9 1 2 200 95
1 0 7 0 37
1 1 6 37 34
17 1 5 82 42
3 1 2 295 12
6 0 5 124 88
2 1 2 307 73
19 0 9 252 77
8 1 0 105 64
13 0 1 89 40
13 1 2 380 53
3 2 9 329 12
11 0 4 135 13
10 1 3 200 41
6 1 6 212 67
10 2 5 241 49
15 0 7 37 92
0 0 3 241 60
12 1 6 279 76
16 0 6 355 82
14 1 1 129 33
9 2 7 295 43
10 3 4 290 23
10 4 0 313 66
15 1 5 290 91
12 2 4 355 14
18 1 2 433 76
11 1 7 338 7
6 2 4 369 14
14 2 3 301 87
14 3 0 388 18
14 4 2 509 55
11 2 1 345 98
19 1 4 383 8
15 2 8 381 79
5 0 3 388 85
19 2 6 437 42
11 3 8 460 57
1 2 0 406 97
18 2 3 509 86
13 2 7 433 97
7 1 5 381 64
17 2 8 517 24
7 2 4 445 63
4 3 7 530 65
19 3 7 595 64
15 3 2 564 54
8 2 6 479 97
5 1 4 508 25
3 3 1 443 37
11 4 0 517 73
12 3 3 595 41
18 3 6 595 93
2 2 1 480 24
13 3 5 530 87
5 2 2 618 84
2 3 8 541 28
17 3 9 541 91
7 3 6 688 46
8 3 9 632 38
10 5 7 659 49
9 3 1 504 65
11 5 3 636 73
5 3 6 734 64
6 3 0 590 41
2 4 0 631 28
17 4 3 709 47
16 1 1 569 41
6 4 1 631 73
0 1 4 533 48
15 4 4 618 69
14 5 8 569 13
16 2 4 687 28
0 2 5 617 95
16 3 5 715 64
9 4 8 582 32
0 3 0 712 87
6 5 7 708 57
2 5 3 756 25
2 6 5 781 23
19 4 0 799 70
8 4 2 702 17
13 4 8 617 96
13 5 4 715 84
11 6 2 719 68
10 6 8 713 70
6 6 2 787 53
14 6 4 799 77
14 7 7 876 60
11 7 5 804 40
15 5 6 798 79
5 4 9 798 13
11 8 9 844 98
1 3 5 844 55
18 4 4 876 84
7 4 3 781 84
17 5 6 877 88
7 5 0 869 84
4 4 5 899 7
15 6 3 877 33
8 5 4 960 85
5 5 1 811 66
3 4 8 783 33
4 5 6 965 23
17 6 4 1045 91
4 6 0 988 48
7 6 8 953 28
18 5 7 960 38
3 5 3 910 71
10 7 9 942 99
13 6 3 981 16
7 7 9 1041 52
4 7 3 1036 83
15 7 1 910 61
8 6 5 1045 73
5 6 7 998 46
3 6 6 988 55
12 4 1 971 85
18 6 8 998 95
2 7 7 1044 83
13 7 6 1043 66
15 8 9 1093 39
19 5 2 869 45
1 4 2 914 21
18 7 9 1132 37
4 8 8 1119 17
19 6 8 1136 45
8 7 3 1119 10
3 7 5 1118 29
12 5 0 1056 37
10 8 1 1056 90
9 5 0 1093 59
19 7 5 1181 28
15 9 0 1152 16
11 9 6 1109 9
1 5 3 1129 20
0 4 1 1146 72
9 6 6 1152 85
6 7 3 1149 80
16 4 2 935 78
17 7 7 1136 52
7 8 7 1188 26
4 9 1 1218 40
19 8 3 1229 67
8 8 8 1181 95
5 7 8 1276 59
3 8 7 1214 87
12 6 8 1335 19
18 8 1 1258 21
2 8 9 1169 5
13 8 9 1174 52
5 8 0 1335 62
17 8 2 1188 28
7 9 2 1216 41
8 9 7 1301 67
5 9 5 1397 19
17 9 1 1279 35
16 5 3 1296 76
0 5 9 1226 5
16 6 7 1372 6
0 6 8 1354 35
16 7 8 1389 49
0 7 7 1389 39
19 9 1 1314 86
6 8 9 1231 47
12 7 2 1354 17
14 8 9 1278 42
9 7 5 1416 46
1 6 4 1149 59
3 9 4 1301 38
18 9 0 1397 23
2 9 6 1237 78
13 9 0 1420 95
14 9 5 1462 74
6 9 8 1438 74
12 8 7 1428 54
1 7 9 1320 46
10 9 6 1315 17
12 9 5 1536 79
9 8 9 1462 85
9 9 4 1547 60
1 8 8 1512 19
1 9 1 1531 46
0 8 6 1428 54
16 8 9 1547 47
0 9 2 1482 66
16 9 0 1594 58
