12 0 8 0 72
2 0 7 0 84
15 0 7 84 99
1 0 2 0 70
14 0 9 0 69
9 0 7 183 33
5 0 7 216 36
16 0 0 0 75
1 1 3 70 55
16 1 3 125 17
0 0 8 72 32
3 0 4 0 80
14 1 0 75 43
11 0 6 0 19
18 0 4 80 35
7 0 1 0 95
11 1 2 70 67
0 1 1 104 81
5 1 9 252 10
12 1 7 252 46
18 1 2 137 63
2 1 4 115 89
2 2 3 204 24
7 1 3 228 85
5 2 0 262 45
17 0 9 262 72
17 1 1 334 9
13 0 4 204 99
9 1 2 216 61
18 2 5 200 25
3 1 5 225 59
8 0 1 343 7
10 0 8 104 43
4 0 6 19 40
9 2 8 277 44
2 3 1 350 44
8 1 7 350 69
9 3 5 321 26
10 1 0 307 72
10 2 4 379 30
6 0 6 59 99
4 1 2 277 71
1 2 7 419 21
4 2 0 379 91
15 1 3 313 27
18 3 6 225 35
9 4 1 394 84
14 2 3 340 12
6 1 8 321 86
4 3 7 470 7
7 2 5 347 56
17 2 3 352 31
15 2 4 409 59
13 1 0 470 91
18 4 8 407 21
18 5 7 477 47
14 3 8 428 40
3 2 0 561 8
17 3 6 383 49
5 3 6 432 9
14 4 1 478 70
19 0 2 348 68
8 2 4 468 93
19 1 5 416 24
11 2 8 468 73
8 3 6 561 27
14 5 6 588 74
6 2 3 407 92
7 3 4 561 52
13 2 9 561 11
12 2 5 440 80
19 2 9 572 58
10 3 5 520 98
16 2 2 416 91
19 3 8 630 52
10 4 9 630 75
6 3 0 569 28
4 4 9 705 59
7 4 0 613 59
17 4 2 507 91
15 3 5 618 72
13 3 5 690 68
3 3 2 598 30
17 5 8 682 62
5 4 4 613 54
19 4 0 682 5
11 3 1 548 85
8 4 5 758 22
6 4 1 633 98
16 3 7 524 50
6 5 4 731 70
12 3 3 520 93
15 4 2 690 9
0 2 4 801 55
6 6 5 801 87
4 5 8 764 80
12 4 2 699 61
15 5 6 699 45
15 6 0 744 49
13 4 7 758 43
18 6 3 613 52
18 7 1 731 80
14 6 2 760 34
3 4 6 744 77
1 3 4 856 64
17 6 7 801 90
5 5 8 844 96
14 7 5 888 7
19 5 6 821 20
11 4 9 764 26
8 5 0 793 88
14 8 4 920 30
6 7 9 888 96
4 6 3 844 50
7 5 2 794 41
19 6 3 894 50
12 5 4 950 7
19 7 7 944 57
10 5 1 811 26
16 4 8 940 65
19 8 1 1001 88
1 4 1 1089 46
4 7 5 895 56
15 7 9 984 63
18 8 0 881 39
9 5 6 841 82
14 9 7 1001 84
6 8 2 984 73
4 8 1 1135 17
7 6 6 923 81
17 7 0 920 72
15 8 1 1152 69
13 5 3 944 96
18 9 9 1047 74
3 5 3 1040 38
17 8 5 992 98
5 6 2 1057 8
19 9 4 1089 53
8 6 8 1005 45
11 5 4 1142 39
8 7 3 1078 60
6 9 7 1085 27
7 7 8 1050 39
13 6 2 1065 72
12 6 9 1121 42
10 6 7 1112 8
16 5 5 1090 37
4 9 4 1181 88
7 8 9 1163 32
17 9 4 1269 38
13 7 8 1137 11
12 7 1 1221 50
15 9 8 1221 60
0 3 7 1120 40
12 8 0 1271 55
10 7 6 1120 74
16 6 9 1195 98
9 6 3 1138 68
12 9 6 1326 57
2 4 2 1137 85
1 5 8 1281 25
9 7 0 1326 21
5 7 5 1127 77
16 7 1 1293 90
1 6 9 1306 65
0 4 0 1347 6
3 6 1 1383 80
5 8 1 1463 29
16 8 6 1383 71
1 7 0 1371 77
16 9 4 1454 8
0 5 5 1353 19
3 7 7 1463 56
11 6 7 1519 9
11 7 0 1528 23
0 6 9 1372 81
5 9 3 1492 58
2 5 8 1306 31
2 6 9 1453 29
7 9 7 1528 92
13 8 6 1454 60
9 8 9 1482 71
8 8 9 1553 49
3 8 9 1602 41
10 8 3 1550 19
2 7 6 1514 83
8 9 2 1602 12
10 9 2 1614 38
13 9 1 1514 68
3 9 8 1643 97
11 8 5 1551 13
11 9 3 1569 43
1 8 5 1564 65
0 7 3 1612 37
0 8 2 1652 40
9 9 4 1553 99
1 9 6 1629 15
0 9 6 1692 9
2 8 5 1629 37
2 9 0 1666 40
