0 0 8 0 14
12 0 6 0 87
4 0 7 0 23
12 1 4 87 39
3 0 2 0 42
19 0 5 0 59
8 0 6 87 45
2 0 3 0 41
9 0 4 126 47
11 0 0 0 17
9 1 7 173 36
11 1 5 59 7
14 0 3 41 91
15 0 2 42 67
18 0 4 173 47
0 1 2 109 38
2 1 7 209 7
0 2 7 216 44
14 1 5 132 39
5 0 8 14 9
6 0 1 0 7
17 0 3 132 70
10 0 2 147 77
13 0 5 171 33
2 2 9 216 5
2 3 0 221 43
12 2 8 126 43
19 1 2 224 96
4 1 8 169 42
15 1 7 260 80
0 3 0 264 76
5 1 6 132 43
13 1 3 204 99
13 2 6 303 32
13 3 4 335 91
9 2 8 211 31
8 1 2 320 44
16 0 9 221 59
2 4 2 364 14
18 1 5 220 64
16 1 3 303 72
18 2 9 284 85
18 3 3 375 49
13 4 8 426 82
9 3 1 242 49
16 2 6 375 47
17 1 2 378 31
15 2 3 424 24
0 4 5 340 97
2 5 4 426 8
12 3 7 340 11
4 2 4 434 37
4 3 6 471 55
12 4 2 409 15
8 2 5 437 61
18 4 7 424 58
10 1 4 471 10
8 3 8 508 93
16 3 4 481 40
5 2 7 482 31
3 1 3 448 74
6 1 5 498 21
11 2 1 291 85
3 2 4 522 59
19 2 0 340 5
1 0 0 345 43
19 3 7 513 79
10 2 9 481 68
7 0 2 424 65
5 3 4 581 25
9 4 3 522 20
7 1 6 526 59
18 5 1 482 26
11 3 3 542 29
14 2 2 489 69
4 4 0 526 7
15 3 0 533 88
0 5 3 571 12
11 4 2 571 17
5 4 5 606 73
11 5 4 606 76
14 3 8 601 27
15 4 4 682 18
5 5 3 679 95
13 5 2 588 92
13 6 9 680 99
9 5 2 680 28
8 4 1 601 30
16 4 7 592 21
18 6 0 621 32
16 5 5 679 43
19 4 8 628 34
15 5 1 700 44
12 5 3 774 32
8 5 7 631 90
10 3 5 722 17
3 3 6 585 41
6 2 8 662 53
11 6 6 682 59
3 4 1 744 8
1 1 2 708 85
16 6 0 722 51
18 7 8 715 80
19 5 4 700 75
15 6 8 795 45
11 7 8 840 71
3 5 9 779 73
10 4 0 773 85
3 6 8 911 43
6 3 6 741 16
3 7 0 954 96
1 2 3 806 82
7 2 7 721 85
13 7 7 806 57
1 3 5 888 38
7 3 1 806 33
18 8 2 795 14
9 6 6 757 52
17 2 6 809 20
19 6 3 888 26
6 4 4 775 94
11 8 9 911 13
1 4 4 926 58
10 5 1 858 84
10 6 8 954 20
9 7 9 924 35
16 7 8 974 52
17 3 8 1026 76
15 7 9 959 64
0 6 4 984 75
2 6 5 926 61
12 6 5 987 64
4 5 5 1051 5
4 6 2 1056 70
12 7 0 1051 19
8 6 9 1023 84
18 9 6 829 94
10 7 6 974 49
8 7 4 1107 11
16 8 1 1026 24
5 6 0 1070 79
3 8 5 1056 19
6 5 0 1149 97
11 9 7 924 48
3 9 7 1075 97
19 7 6 1023 9
1 5 9 1107 89
13 8 1 1050 83
13 9 0 1246 8
9 8 5 1075 11
8 8 3 1118 16
16 9 2 1126 15
2 7 1 1133 84
17 4 1 1217 40
15 8 5 1086 80
0 7 6 1059 66
12 8 1 1257 39
19 8 9 1196 23
4 7 9 1219 38
15 9 6 1166 38
0 8 9 1257 12
19 9 1 1296 11
10 8 7 1172 74
7 4 4 1118 30
5 7 2 1149 72
9 9 0 1254 32
7 5 8 1148 44
14 4 7 1246 7
0 9 1 1307 29
14 5 6 1253 21
8 9 0 1286 60
5 8 9 1269 60
14 6 1 1336 38
5 9 1 1374 56
17 5 7 1257 43
12 9 9 1329 16
10 9 3 1246 34
6 6 3 1280 78
1 6 8 1196 92
7 6 0 1346 61
1 7 6 1288 87
17 6 0 1407 32
7 7 3 1407 86
2 8 8 1288 66
17 7 5 1439 88
14 7 9 1374 62
6 7 2 1358 64
17 8 9 1527 5
1 8 7 1375 69
7 8 9 1532 63
1 9 1 1444 80
7 9 5 1595 32
2 9 6 1375 48
14 8 4 1436 88
4 8 3 1493 75
4 9 1 1568 48
14 9 0 1524 48
6 8 7 1444 86
17 9 4 1532 77
6 9 9 1595 31
