5 0 1 0 86
9 0 0 0 59
16 0 0 59 18
11 0 0 77 74
17 0 5 0 67
12 0 2 0 85
19 0 3 0 98
3 0 4 0 20
6 0 5 67 86
4 0 9 0 24
7 0 2 85 59
6 1 6 153 90
7 1 3 144 18
19 1 7 98 80
1 0 8 0 39
15 0 1 86 28
11 1 1 151 32
15 1 5 153 38
1 1 4 39 81
8 0 3 162 47
18 0 2 144 92
1 2 3 209 91
8 1 4 209 79
18 1 8 236 51
12 1 9 85 51
3 1 5 191 6
3 2 2 236 15
19 2 5 197 78
7 2 9 162 31
3 3 8 287 19
18 2 4 288 59
8 2 6 288 76
12 2 0 151 61
17 1 2 251 96
5 1 8 306 50
14 0 1 183 71
14 1 5 275 42
3 4 1 306 30
14 2 8 356 68
10 0 5 317 63
11 2 2 347 61
15 2 4 347 51
0 0 6 364 32
17 2 1 347 38
17 3 4 398 86
19 3 0 275 82
3 5 0 357 94
1 3 5 380 56
15 3 7 398 70
11 3 7 468 53
15 4 2 468 33
1 4 9 436 69
15 5 8 501 78
1 5 1 505 45
8 3 0 451 59
17 4 0 510 97
4 1 6 396 49
4 2 5 445 16
14 3 2 501 31
10 1 6 445 9
2 0 3 300 84
1 6 6 550 59
5 2 2 532 77
14 4 6 609 29
8 4 1 550 72
0 1 3 396 16
0 2 1 622 33
0 3 8 655 12
2 1 2 609 57
15 6 9 579 45
17 5 3 607 94
5 3 6 638 54
13 0 0 607 51
4 3 4 484 11
2 2 7 666 41
10 2 4 495 77
11 4 4 572 92
5 4 9 692 48
19 4 2 666 7
7 3 4 664 41
6 2 3 701 78
18 3 6 692 52
12 3 5 461 99
12 4 4 705 37
19 5 9 740 89
16 1 2 673 90
6 3 9 829 88
18 4 5 744 8
12 5 6 744 94
16 2 4 763 25
7 4 7 707 20
11 5 9 917 20
19 6 1 829 69
16 3 6 838 92
7 5 5 752 83
16 4 8 930 85
13 1 3 779 24
9 1 2 763 89
9 2 4 852 10
6 4 2 917 57
13 2 5 835 8
18 5 9 937 70
12 6 1 898 98
5 5 0 740 93
14 5 3 803 63
8 5 2 974 8
2 3 5 843 73
1 7 0 833 86
5 6 3 866 32
14 6 4 866 65
8 6 9 1007 30
0 4 7 727 70
0 5 4 931 10
0 6 9 1037 75
2 4 4 941 81
15 7 3 898 90
17 6 7 797 86
5 7 7 898 92
13 3 6 930 30
4 4 3 988 60
10 3 3 1048 37
19 7 4 1022 51
7 6 8 1015 65
16 5 5 1015 35
6 5 0 974 32
18 6 1 1007 75
12 7 8 1080 65
16 6 7 1050 29
16 7 1 1082 81
13 4 7 1079 12
9 3 7 1091 45
5 8 5 1050 45
14 7 9 1112 70
10 4 2 1085 5
2 5 0 1022 88
1 8 2 1090 36
14 8 7 1182 27
8 7 5 1095 73
0 7 0 1112 82
0 8 5 1194 88
0 9 2 1282 20
2 6 8 1145 38
15 8 6 988 54
17 7 6 1042 35
13 5 8 1183 23
4 5 7 1209 5
2 7 9 1183 17
10 5 8 1206 13
11 6 8 1219 10
19 8 8 1229 79
7 7 0 1194 54
6 6 7 1214 57
18 7 3 1085 54
12 8 3 1145 33
13 6 2 1302 7
9 4 3 1178 8
9 5 5 1282 54
14 9 0 1248 93
10 6 9 1219 79
2 8 6 1200 83
1 9 7 1271 68
8 8 7 1339 57
10 7 1 1298 24
11 7 3 1229 5
7 8 6 1283 94
6 7 8 1308 86
18 8 7 1396 60
12 9 7 1456 75
16 8 9 1298 80
6 8 4 1394 71
18 9 0 1456 33
16 9 3 1378 59
7 9 1 1377 69
5 9 4 1465 71
4 6 8 1394 63
2 9 1 1446 5
15 9 0 1489 72
17 8 9 1378 82
13 7 4 1536 17
4 7 1 1457 25
10 8 7 1531 10
11 8 6 1377 45
19 9 6 1422 62
6 9 1 1482 39
9 6 6 1484 88
13 8 9 1553 35
4 8 2 1482 15
10 9 0 1561 82
11 9 5 1422 23
8 9 8 1457 84
17 9 8 1541 45
4 9 0 1643 45
3 6 6 1572 45
13 9 1 1588 81
9 7 8 1586 20
9 8 9 1606 7
9 9 1 1669 62
3 7 7 1617 17
3 8 3 1634 18
3 9 9 1652 88
