12 0 9 0 48
22 0 4 0 79
7 0 1 0 45
24 0 3 0 54
16 0 3 54 32
1 0 8 0 77
11 0 9 48 97
8 0 2 0 37
26 0 1 45 80
15 0 9 145 22
10 0 5 0 76
24 1 2 54 64
16 1 2 118 69
2 0 2 187 64
19 0 4 79 20
25 0 1 125 6
25 1 4 131 74
20 0 6 0 29
27 0 5 76 8
6 0 1 131 91
28 0 1 222 36
22 1 1 258 61
10 1 7 76 32
17 0 8 77 66
9 0 1 319 74
4 0 9 167 77
21 0 3 86 54
26 1 3 140 75
2 1 4 251 92
15 1 5 167 57
6 1 7 222 27
19 1 6 99 67
23 0 9 244 24
8 1 3 215 26
25 2 0 205 63
23 1 1 393 66
29 0 4 343 8
18 0 3 241 50
21 1 9 268 37
6 2 8 249 50
4 1 0 268 44
17 1 7 249 40
7 1 7 289 71
12 1 5 224 27
3 0 0 312 93
22 2 8 319 11
27 1 3 291 79
12 2 6 251 67
5 0 3 370 76
16 2 4 351 44
21 2 6 318 62
14 0 2 251 50
11 1 8 330 90
13 0 9 305 80
0 0 4 395 21
9 1 0 405 69
11 2 5 420 28
13 1 3 446 19
0 1 7 416 26
9 2 5 474 84
19 2 1 459 85
24 2 6 380 83
8 2 4 416 33
25 3 2 301 64
23 2 4 459 32
29 1 8 420 15
18 1 2 365 58
21 3 5 558 16
6 3 3 465 16
4 2 4 491 96
17 2 2 423 17
7 2 2 440 39
12 3 7 442 62
3 1 8 435 24
22 3 0 474 81
22 4 7 555 89
27 2 6 463 61
23 3 3 491 33
25 4 9 385 15
29 2 2 479 64
18 2 6 524 21
21 4 0 574 52
6 4 4 587 28
4 3 8 587 79
10 2 6 545 18
11 3 7 644 86
13 2 5 574 28
0 2 9 442 16
19 3 2 544 90
24 3 9 463 40
14 1 1 544 41
13 3 1 602 12
24 4 7 730 8
29 3 3 543 95
7 3 0 626 87
1 1 5 602 98
3 2 3 638 69
18 3 4 615 63
17 3 0 713 62
2 2 3 707 34
17 4 9 775 38
9 3 3 741 27
7 4 8 713 14
8 3 9 813 42
29 4 1 638 96
7 5 6 727 54
1 2 1 734 42
3 3 7 738 38
18 4 7 776 57
6 5 5 700 59
2 3 1 776 19
9 4 9 855 81
21 5 8 727 57
15 2 4 678 75
2 4 8 795 62
2 5 6 857 54
15 3 2 753 14
7 6 3 781 41
20 1 0 775 82
15 4 7 833 65
1 3 7 898 66
28 1 0 857 63
4 4 6 911 75
27 3 1 795 15
5 1 2 767 35
16 3 1 810 31
14 2 4 753 61
11 4 0 920 58
13 4 4 814 94
0 3 2 802 34
16 4 9 936 51
0 4 3 836 55
9 5 7 964 45
19 4 7 1009 70
24 5 0 978 7
8 4 0 985 78
6 6 6 986 52
20 2 4 908 18
1 4 2 964 31
28 2 7 1079 10
5 2 5 802 28
14 3 8 857 79
28 3 4 1089 22
9 6 8 1009 69
3 4 5 830 77
22 5 6 1038 89
27 4 0 1063 12
5 3 0 1075 95
16 5 0 1170 33
14 4 5 936 14
19 5 0 1203 84
17 5 5 950 8
2 6 7 1089 43
17 6 6 1127 15
2 7 0 1287 83
15 5 3 898 96
7 7 9 987 43
20 3 3 994 38
2 8 9 1370 79
1 5 3 1032 39
28 4 3 1111 96
22 6 5 1127 57
5 4 7 1170 95
15 6 1 994 71
7 8 5 1184 9
20 4 7 1265 21
15 7 0 1370 47
1 6 6 1142 77
28 5 5 1207 40
4 5 2 995 98
3 5 2 1093 87
19 6 8 1287 30
8 5 6 1219 89
23 4 8 1317 8
29 5 6 1308 38
17 7 3 1207 29
12 4 4 1111 98
3 6 4 1209 60
29 6 7 1346 18
18 5 8 1325 32
10 3 0 1417 20
1 7 9 1449 79
28 6 9 1528 5
4 6 5 1247 25
3 7 6 1346 41
22 7 3 1236 68
27 5 7 1364 43
5 5 4 1269 61
16 6 6 1387 34
11 5 1 1065 72
13 5 6 1421 63
0 5 8 1357 52
9 7 2 1180 94
19 7 5 1317 56
24 6 4 1330 19
8 6 7 1407 8
17 8 1 1236 44
10 4 3 1437 87
1 8 4 1528 55
2 9 5 1449 37
15 8 8 1417 79
10 5 2 1524 17
20 5 8 1496 50
28 7 8 1546 18
19 8 3 1524 61
23 5 2 1541 20
8 7 8 1564 66
25 5 6 1484 42
23 6 6 1561 84
29 7 9 1533 23
18 6 5 1486 20
21 6 4 1583 54
6 7 0 1437 46
4 7 3 1585 17
17 9 4 1637 97
7 9 4 1734 20
12 5 0 1483 42
3 8 1 1387 87
22 8 9 1556 81
27 6 8 1630 26
12 6 1 1525 46
5 6 8 1656 35
16 7 5 1506 58
14 5 9 1637 72
11 6 2 1561 23
13 6 7 1484 98
0 6 5 1564 95
9 8 6 1645 78
11 7 6 1723 76
20 6 1 1571 23
26 2 0 1525 26
26 3 2 1584 87
19 9 9 1709 15
1 9 0 1583 12
5 7 1 1691 7
9 9 4 1754 96
4 8 7 1602 43
21 7 2 1671 38
26 4 9 1724 22
15 9 6 1799 60
6 8 2 1709 59
23 7 0 1645 91
8 8 1 1698 28
25 6 7 1645 98
23 8 7 1743 55
29 8 5 1659 64
18 7 9 1746 87
21 8 7 1798 74
4 9 1 1726 49
12 7 8 1691 27
3 9 9 1833 83
22 9 2 1768 30
27 7 9 1916 22
12 8 3 1718 48
5 8 6 1859 9
16 8 7 1872 47
10 6 9 1938 25
11 8 3 1799 99
13 7 8 1718 50
0 7 6 1868 71
24 7 5 1723 56
14 6 7 1919 18
13 8 0 1768 80
24 8 1 1779 39
29 9 0 1848 89
18 8 0 1937 57
8 9 5 1779 33
18 9 1 1994 39
6 9 9 1963 43
21 9 1 2033 52
20 7 5 1812 84
28 8 6 1939 33
27 8 2 1938 20
5 9 9 2006 10
16 9 8 1919 58
14 7 3 1937 55
11 9 4 1898 45
13 9 2 1958 50
0 8 1 2085 21
0 9 0 2106 53
24 9 8 1977 7
20 8 2 2008 45
28 9 2 2053 62
14 8 6 1992 37
27 9 4 1958 80
14 9 0 2159 75
20 9 9 2053 41
25 7 8 1984 61
23 9 5 1896 20
12 9 2 2115 17
25 8 5 2045 40
10 7 4 2038 24
25 9 3 2085 91
10 8 1 2106 31
26 5 7 1937 39
26 6 8 2045 24
10 9 8 2137 81
26 7 4 2069 75
26 8 6 2144 44
26 9 5 2188 6
