26 0 0 0 28
17 0 1 0 35
18 0 1 35 97
28 0 4 0 93
17 1 3 35 74
10 0 8 0 62
2 0 2 0 48
19 0 7 0 99
27 0 9 0 32
22 0 8 62 31
13 0 4 93 62
7 0 1 132 8
27 1 1 140 95
21 0 6 0 15
14 0 6 15 47
21 1 2 48 70
23 0 4 155 80
2 1 5 48 71
7 1 7 140 76
11 0 2 118 78
26 1 3 109 92
9 0 0 28 52
0 0 6 62 89
25 0 7 216 36
13 1 5 155 39
14 1 2 196 41
4 0 0 80 64
8 0 3 201 13
25 1 3 252 58
3 0 4 235 11
5 0 2 237 29
14 2 0 237 64
17 2 5 194 16
0 1 1 235 58
21 2 8 118 25
27 2 3 310 85
8 1 8 214 29
16 0 6 151 30
3 1 6 246 72
5 1 6 318 93
14 3 7 301 58
0 2 4 293 97
21 3 1 293 46
16 1 8 243 72
5 2 3 411 68
26 2 2 266 73
9 1 2 339 6
13 2 0 301 76
25 2 4 390 54
25 3 5 444 77
24 0 9 32 59
19 1 2 345 84
23 1 0 377 8
15 0 7 359 76
6 0 4 444 26
8 2 0 385 75
18 1 7 435 43
1 0 7 478 31
14 4 9 359 57
17 3 4 470 85
0 3 2 429 44
19 2 8 429 99
23 2 9 416 41
15 1 9 457 81
6 1 3 479 27
8 3 2 473 81
18 2 4 555 72
21 4 9 538 65
27 3 6 411 81
18 3 6 627 88
9 2 3 506 6
7 2 3 512 76
26 3 7 509 27
26 4 8 536 86
9 3 5 521 82
12 0 7 536 50
29 0 2 554 61
9 4 6 715 64
25 4 2 615 8
5 3 5 603 93
10 1 1 339 35
22 1 7 586 84
6 2 1 506 63
11 1 3 588 11
4 1 6 779 71
11 2 7 670 82
7 3 4 627 30
29 1 5 696 26
16 2 3 599 43
27 4 2 623 41
24 1 0 460 91
2 2 0 551 40
6 3 5 722 6
21 5 4 657 64
1 1 2 664 81
12 1 4 721 28
20 0 8 622 32
20 1 0 654 6
29 2 9 722 71
22 2 5 728 37
19 3 5 765 98
8 4 1 569 78
25 5 6 850 9
0 4 8 654 77
21 6 7 752 21
16 3 0 660 65
5 4 1 696 57
26 5 5 863 87
9 5 9 793 88
13 3 2 745 14
25 6 0 859 45
25 7 9 904 10
24 2 3 642 50
19 4 1 863 20
23 3 5 950 59
5 5 8 753 77
24 3 8 830 80
2 3 3 692 70
2 4 1 883 49
0 5 3 762 5
12 2 3 767 35
12 3 1 932 66
10 2 4 749 72
20 2 4 821 55
29 3 8 910 44
10 3 7 821 69
20 3 5 1009 19
29 4 0 954 21
8 5 5 1028 88
1 2 9 914 73
17 4 0 975 7
0 6 0 982 9
1 3 4 987 15
10 4 0 991 62
15 2 0 1053 76
28 1 2 759 12
20 4 9 1028 81
22 3 3 802 24
6 4 6 859 87
11 3 4 1002 7
4 2 4 1009 12
11 4 1 1009 72
7 4 6 946 84
29 5 6 1030 82
16 4 1 1081 16
27 5 8 954 39
26 6 9 1109 96
24 4 1 1097 17
6 5 7 946 56
9 6 8 993 54
13 4 6 1112 56
14 5 8 1047 93
4 3 1 1114 90
3 2 7 1002 62
17 5 2 982 81
8 6 4 1116 54
0 7 5 1116 58
23 4 7 1064 56
10 5 5 1174 32
28 2 5 1206 22
16 5 4 1170 92
3 3 0 1129 55
5 6 0 1184 52
26 7 1 1205 98
11 5 8 1140 64
3 4 2 1184 17
0 8 9 1205 96
12 4 2 1201 27
20 5 1 1303 81
29 6 3 1112 68
28 3 6 1228 27
10 6 9 1301 5
15 3 6 1255 61
22 4 2 1228 85
6 6 8 1204 48
11 6 9 1306 90
4 4 2 1313 94
13 5 3 1180 97
25 8 1 1384 29
24 5 6 1316 40
19 5 6 1356 31
15 4 4 1316 77
6 7 9 1396 36
8 7 9 1432 40
18 4 5 1228 17
1 4 1 1413 87
14 6 3 1277 69
17 6 6 1387 86
19 6 3 1387 74
15 5 8 1393 26
18 5 0 1245 43
21 7 0 1288 77
27 6 7 1120 92
7 5 9 1472 78
27 7 0 1365 59
24 6 2 1407 71
2 5 6 1473 22
6 8 0 1432 95
15 6 2 1478 74
19 7 0 1527 92
3 5 5 1245 75
12 5 8 1419 49
29 7 7 1212 33
28 4 8 1468 45
22 5 4 1393 89
6 9 2 1552 82
29 8 1 1500 84
9 7 4 1482 54
5 7 9 1550 7
22 6 9 1557 29
4 5 3 1461 75
7 6 8 1550 41
16 6 5 1320 95
27 8 5 1424 56
21 8 5 1480 65
1 5 5 1545 39
12 6 9 1586 11
20 6 7 1384 40
22 7 1 1586 44
8 8 7 1472 13
21 9 3 1545 55
16 7 9 1597 29
14 7 5 1584 53
4 6 9 1626 20
3 6 3 1600 7
17 7 8 1591 61
0 9 7 1485 84
23 5 3 1607 38
10 7 3 1645 61
28 5 7 1569 69
16 8 2 1634 99
3 7 1 1630 91
5 8 4 1557 58
23 6 2 1733 30
26 8 6 1495 99
11 7 0 1619 85
3 8 9 1721 35
12 7 6 1597 88
20 7 6 1685 9
29 9 4 1615 99
28 6 3 1706 60
10 8 2 1763 67
15 7 5 1637 22
25 9 8 1652 96
22 8 0 1704 40
11 8 5 1704 88
4 7 8 1748 15
11 9 6 1792 63
7 7 0 1744 36
27 9 4 1714 52
24 7 5 1792 56
2 6 4 1766 10
15 8 1 1721 58
16 9 7 1733 64
5 9 7 1797 70
26 9 4 1776 70
9 8 7 1867 32
13 6 1 1779 7
24 8 4 1848 88
19 8 9 1756 23
23 7 8 1763 97
24 9 7 1936 7
2 7 8 1860 34
2 8 7 1943 80
12 8 5 1848 31
12 9 0 1879 44
10 9 6 1855 93
20 8 3 1766 37
20 9 2 1830 40
19 9 4 1936 89
23 8 6 1948 77
15 9 3 1803 78
8 9 6 2025 82
18 6 8 1894 94
1 6 8 1988 57
14 8 1 1786 18
17 8 9 1779 35
18 7 3 1988 64
18 8 9 2052 22
9 9 1 1899 26
7 8 2 1870 36
22 9 6 2107 83
4 8 5 1879 50
7 9 5 1929 15
2 9 9 2074 82
1 7 0 2045 77
13 7 7 2023 69
1 8 3 2122 85
17 9 7 2092 34
1 9 6 2207 21
28 7 1 1925 7
4 9 7 2126 67
13 8 9 2156 66
14 9 4 2025 79
3 9 8 2045 47
13 9 8 2222 47
23 9 1 2025 80
28 8 0 2122 88
28 9 9 2222 49
18 9 2 2074 42
