8 0 4 0 11
10 0 5 0 17
29 0 2 0 70
7 0 3 0 86
2 0 6 0 48
9 0 5 17 11
18 0 2 70 14
12 0 1 0 39
26 0 1 39 10
23 0 7 0 53
25 0 7 53 24
9 1 2 84 28
22 0 4 11 56
21 0 8 0 54
15 0 9 0 64
24 0 9 64 7
15 1 8 64 45
0 0 2 112 38
18 1 7 84 58
17 0 4 67 77
17 1 7 144 43
5 0 2 150 72
20 0 0 0 75
27 0 9 71 35
9 2 0 112 32
21 1 1 54 26
3 0 5 28 19
23 1 1 80 5
19 0 9 106 23
11 0 8 109 71
14 0 7 187 7
19 1 1 129 11
23 2 6 85 17
26 1 8 180 27
10 1 3 86 34
27 1 3 120 92
3 1 3 212 74
8 1 5 47 61
6 0 9 129 31
7 1 2 222 65
15 2 3 286 24
22 1 9 160 29
5 1 7 222 31
21 2 4 144 79
21 3 7 253 88
25 1 2 287 65
14 1 0 194 48
24 1 6 102 62
7 2 6 287 59
5 2 3 310 95
13 0 5 108 33
0 1 4 223 75
1 0 0 242 43
28 0 5 141 23
12 1 9 189 16
16 0 2 352 15
2 1 4 298 8
17 2 1 187 40
18 2 9 205 85
0 2 9 298 12
17 3 2 367 31
8 2 9 310 84
23 3 9 394 59
10 2 6 346 49
27 2 0 285 38
3 2 6 395 41
8 3 3 405 16
15 3 7 341 80
22 2 3 421 36
5 3 0 405 79
21 4 6 436 84
11 1 5 180 7
25 2 1 352 69
14 2 9 453 62
5 4 4 484 25
13 1 8 207 82
1 1 5 285 38
26 2 7 421 43
27 3 5 323 35
20 1 2 398 20
9 3 7 464 36
6 1 3 457 78
7 3 8 346 44
15 4 2 421 67
22 3 0 484 40
1 2 1 421 80
12 2 4 509 39
19 2 8 390 34
16 1 3 535 72
2 2 8 424 66
10 3 1 501 84
3 3 4 548 59
0 3 5 358 97
1 3 3 607 82
28 1 7 500 84
12 3 6 548 87
2 3 7 584 7
4 0 3 689 75
17 4 8 490 76
28 2 9 584 7
0 4 0 524 76
8 4 7 591 90
10 4 0 600 85
27 4 7 681 30
29 1 6 635 29
24 2 7 711 90
7 4 1 585 33
5 5 1 618 56
13 2 2 488 92
0 5 1 674 29
12 4 7 801 11
16 2 4 607 40
17 5 6 664 20
20 2 8 566 10
3 4 8 607 43
14 3 4 647 88
18 3 5 455 64
7 5 7 812 85
1 4 2 689 85
29 2 8 664 27
4 1 5 764 5
20 3 3 764 66
3 5 2 774 42
6 2 6 684 16
11 2 3 830 29
13 3 1 703 83
25 3 5 769 42
7 6 0 897 61
15 5 4 735 18
22 4 6 700 86
1 5 4 774 58
12 5 3 859 32
19 3 4 832 75
16 3 7 897 21
2 4 2 816 14
10 5 8 691 20
3 6 9 816 73
0 6 8 711 14
11 3 1 859 85
14 4 6 786 21
19 4 7 918 79
23 4 2 830 59
26 3 5 811 20
10 6 7 997 74
27 5 8 725 45
3 7 7 1071 97
8 5 1 944 30
6 3 4 907 94
7 7 5 958 32
15 6 6 807 38
22 5 8 786 68
5 6 8 854 9
21 5 0 958 6
21 6 2 964 54
25 4 9 889 82
14 5 5 990 39
24 3 5 1029 83
7 8 9 990 63
5 7 9 1053 60
13 4 6 845 32
0 7 6 877 66
1 6 6 943 87
28 3 4 1001 85
12 6 2 1018 15
16 4 8 918 52
2 5 3 891 41
17 6 5 1112 88
18 4 1 974 26
0 8 7 1168 44
17 7 3 1200 70
8 6 0 974 60
23 5 8 970 78
10 7 9 1113 68
27 6 2 1033 8
3 8 1 1168 8
8 7 8 1048 93
15 7 0 1034 88
22 6 2 1041 69
5 8 5 1200 73
21 7 9 1181 59
11 4 4 1086 76
25 5 6 1030 82
14 6 8 1141 27
4 2 2 1110 70
25 6 0 1122 83
6 4 7 1212 86
7 9 4 1162 30
15 8 5 1273 80
22 7 7 1298 23
1 7 8 1168 92
12 7 0 1205 19
19 5 3 1270 26
16 5 0 1224 51
2 6 5 1353 61
10 8 4 1192 10
3 9 0 1275 96
0 9 3 1296 12
1 8 9 1260 89
28 4 8 1260 60
12 8 5 1414 64
2 7 0 1414 43
4 3 8 1320 42
17 8 9 1349 5
28 5 1 1320 15
8 8 2 1180 44
10 9 2 1224 77
27 7 4 1202 82
29 3 9 1354 80
24 4 1 1335 85
5 9 6 1273 43
13 5 3 1308 99
12 9 8 1478 43
16 6 9 1434 59
2 8 1 1457 84
17 9 0 1457 32
20 4 6 1316 43
14 7 3 1407 91
18 5 6 1359 94
1 9 7 1349 69
29 4 4 1434 6
4 4 7 1418 23
20 5 7 1441 37
6 5 5 1478 21
11 5 6 1453 59
13 6 9 1493 99
25 7 3 1498 46
23 6 3 1544 64
18 6 0 1489 32
26 4 4 1440 71
25 8 8 1544 72
22 8 5 1499 62
14 8 1 1541 38
13 7 4 1592 91
28 6 2 1335 52
2 9 9 1592 5
28 7 6 1512 94
8 9 6 1606 45
6 6 0 1521 97
15 9 1 1579 44
21 8 3 1608 28
25 9 4 1683 33
23 7 0 1618 82
9 4 8 1616 31
22 9 1 1623 16
21 9 5 1636 42
24 5 3 1636 69
18 7 3 1705 49
20 6 1 1639 9
27 8 1 1648 34
9 5 4 1716 47
11 6 2 1512 17
14 9 2 1579 69
23 8 4 1763 13
19 6 2 1648 96
11 7 0 1700 17
19 7 0 1744 5
23 9 5 1776 12
26 5 9 1597 65
27 9 6 1682 21
6 7 8 1647 53
13 8 0 1749 8
11 8 9 1717 13
24 6 0 1757 16
29 5 7 1478 39
4 5 6 1703 55
29 6 1 1682 79
26 6 2 1744 73
6 8 1 1761 7
24 7 4 1776 81
13 9 7 1757 57
19 8 6 1758 9
16 7 1 1768 24
28 8 3 1754 83
20 7 9 1730 83
9 6 3 1837 20
6 9 2 1817 64
19 9 5 1788 59
16 8 6 1792 47
28 9 0 1837 6
4 6 1 1792 48
29 7 0 1843 28
24 8 2 1881 58
16 9 5 1847 43
20 8 4 1857 68
18 8 8 1754 80
29 8 3 1871 66
4 7 9 1840 38
20 9 5 1925 52
11 9 7 1814 48
4 8 4 1925 37
18 9 4 1962 47
26 7 6 1839 99
9 7 6 1938 52
4 9 0 1962 7
29 9 5 1977 66
24 9 8 1939 66
26 8 0 1969 24
9 8 9 1990 35
9 9 1 2025 49
26 9 3 1993 64
