29 0 3 0 78
14 0 0 0 50
2 0 6 0 83
20 0 2 0 58
16 0 9 0 55
7 0 7 0 93
12 0 0 50 62
0 0 2 58 51
14 1 1 50 14
0 1 7 109 59
11 0 8 0 60
22 0 4 0 28
28 0 0 112 85
20 1 0 197 26
22 1 6 83 76
27 0 3 78 72
2 1 1 83 23
27 1 8 150 98
23 0 7 168 30
14 2 7 198 90
22 2 7 288 25
1 0 4 28 64
3 0 3 150 82
1 1 7 313 33
17 0 1 106 30
10 0 4 92 93
1 2 5 346 75
17 1 3 232 98
10 1 6 185 23
16 1 3 330 67
3 1 1 232 23
21 0 1 255 70
17 2 7 346 79
21 1 8 325 23
7 1 2 109 97
28 1 2 206 85
29 1 6 208 49
4 0 4 185 41
25 0 9 55 50
21 2 5 421 26
8 0 2 291 14
5 0 4 226 98
28 2 8 348 39
20 2 1 325 48
13 0 6 257 72
2 2 2 305 72
20 3 8 387 52
3 2 2 377 93
15 0 0 223 22
29 2 2 470 46
22 3 0 313 17
25 1 5 447 44
21 3 4 447 14
3 3 4 470 78
10 2 0 330 51
7 2 3 397 43
15 1 9 245 94
4 1 6 329 12
15 2 5 491 16
9 0 7 425 82
28 3 1 387 98
18 0 8 439 37
5 1 3 440 28
7 3 5 507 73
28 4 7 507 24
27 2 9 339 5
12 1 7 531 15
1 3 2 516 33
2 3 3 468 7
27 3 4 548 28
18 1 7 546 72
9 1 9 507 15
6 0 0 381 32
4 2 9 522 12
27 4 2 576 9
6 1 8 476 22
18 2 2 618 52
5 2 6 468 42
12 2 8 546 69
6 2 9 534 96
23 1 3 475 91
27 5 5 585 95
1 4 8 615 10
23 2 8 625 52
5 3 9 630 72
16 2 6 510 77
13 1 1 485 9
13 2 7 618 15
18 3 4 670 31
24 0 1 494 28
25 2 2 670 64
26 0 7 633 94
14 3 5 680 46
11 1 0 413 14
9 2 3 566 72
25 3 8 734 38
21 4 6 587 90
9 3 4 701 26
27 6 6 680 64
15 3 3 638 73
19 0 1 522 73
21 5 2 734 93
4 3 3 711 77
0 2 1 595 35
17 3 0 427 22
0 3 5 726 73
16 3 4 727 30
11 2 4 757 70
29 3 1 630 11
26 1 0 727 17
8 1 0 744 44
4 4 1 788 70
0 4 9 799 65
15 4 2 827 54
19 1 3 788 83
24 1 4 827 7
8 2 8 788 13
24 2 7 834 46
29 4 0 788 90
8 3 5 801 67
26 2 6 744 87
19 2 7 880 45
14 4 3 871 71
25 4 4 834 93
5 4 0 878 15
7 4 0 893 24
28 5 3 942 71
29 5 5 878 20
22 4 1 858 84
21 6 3 1013 21
3 4 6 831 88
24 3 6 919 92
8 4 1 942 63
0 5 0 917 27
16 4 7 925 6
26 3 2 881 21
4 5 7 931 24
0 6 6 1011 13
19 3 2 925 76
24 4 2 1011 77
24 5 3 1088 15
8 5 3 1103 49
5 5 8 893 15
28 6 5 1013 60
20 4 7 955 34
13 3 5 1073 28
2 4 9 864 72
14 5 4 942 48
11 3 9 936 55
9 4 0 944 8
15 5 8 908 54
19 4 4 1001 43
4 6 0 955 81
18 4 1 1005 82
17 4 6 1024 79
20 5 6 1103 96
3 5 7 989 53
15 6 4 1044 46
29 6 9 991 34
22 5 2 1088 67
28 7 4 1090 55
18 5 9 1087 54
5 6 5 1101 94
6 3 4 1145 15
6 4 6 1199 78
6 5 3 1277 31
24 6 9 1141 69
26 4 8 962 92
14 6 2 1155 80
8 6 7 1152 5
7 5 8 1054 68
28 8 9 1210 22
29 7 7 1157 6
25 5 6 1277 33
18 6 5 1195 7
5 7 2 1235 33
7 6 9 1232 88
28 9 6 1310 35
27 7 1 1087 43
12 3 9 1320 23
1 5 0 1036 28
2 5 0 1064 6
18 7 6 1345 82
9 5 1 1130 68
4 7 5 1202 73
5 8 1 1268 51
12 4 1 1343 82
23 3 4 1160 80
23 4 0 1240 21
5 9 7 1319 99
16 5 1 1425 32
13 4 8 1122 92
13 5 9 1343 12
25 6 7 1418 75
26 5 9 1355 28
17 5 2 1268 7
21 7 0 1261 42
7 7 1 1457 42
4 8 2 1275 62
25 7 0 1493 41
8 7 4 1240 17
20 6 5 1275 70
13 6 0 1534 59
2 6 4 1257 39
20 7 4 1345 98
3 6 9 1383 28
15 7 1 1499 97
22 6 8 1214 87
3 7 8 1411 65
10 3 8 1476 54
9 6 6 1427 21
27 8 0 1593 50
12 5 6 1448 26
2 7 5 1345 52
27 9 7 1643 96
9 7 8 1530 45
16 6 8 1575 47
26 6 1 1596 61
14 7 9 1411 61
11 4 1 1657 23
21 8 7 1739 18
19 5 9 1472 29
0 7 3 1308 81
29 8 4 1443 70
8 8 6 1474 85
22 7 3 1389 43
10 4 3 1530 49
1 6 3 1579 38
2 8 8 1622 90
9 8 2 1575 99
6 6 5 1397 7
6 7 1 1680 94
12 6 4 1513 45
6 8 2 1774 23
23 5 5 1404 8
1 7 6 1617 53
23 6 9 1501 37
16 7 5 1622 93
23 7 2 1797 15
14 8 8 1712 24
22 8 9 1538 88
1 8 9 1670 49
3 8 5 1715 21
17 6 8 1736 36
10 5 1 1774 96
17 7 9 1772 36
10 6 2 1870 56
7 8 4 1558 35
22 9 5 1736 84
10 7 9 1926 36
7 9 6 1670 72
18 8 3 1617 73
6 9 7 1797 86
18 9 0 1690 49
12 7 5 1820 33
1 9 1 1870 55
13 7 3 1690 64
4 9 8 1772 6
17 8 5 1853 9
2 9 7 1883 21
20 8 3 1754 80
3 9 0 1739 61
15 8 6 1742 61
0 8 8 1778 32
15 9 7 1904 75
19 6 0 1800 35
23 8 6 1812 12
16 8 2 1926 6
13 8 4 1754 87
13 9 2 1932 73
24 7 8 1810 54
25 8 1 1925 24
26 7 4 1841 63
14 9 6 1824 44
11 5 5 1862 83
21 9 9 1962 36
19 7 5 1945 92
0 9 4 1904 74
17 9 4 1978 92
16 9 0 1932 40
11 6 3 1945 38
29 9 8 1864 74
26 8 3 1983 34
20 9 9 1998 94
25 9 3 2017 5
8 9 9 2092 66
10 8 5 2037 53
9 9 5 2090 27
12 8 3 2022 12
12 9 2 2034 37
23 9 1 1949 92
24 8 0 1972 47
26 9 5 2117 77
11 7 2 2071 24
19 8 8 2037 39
19 9 6 2076 28
24 9 5 2194 39
10 9 7 2090 52
11 8 7 2142 37
11 9 6 2179 48
