13 0 0 0 14
11 0 4 0 72
28 0 0 14 50
15 0 1 0 78
17 0 1 78 25
4 0 0 64 52
25 0 7 0 48
12 0 9 0 43
15 1 5 78 50
5 0 7 48 95
10 0 8 0 9
1 0 3 0 32
29 0 3 32 32
20 0 7 143 62
29 1 9 64 95
22 0 4 72 50
27 0 6 0 71
2 0 4 122 43
12 1 1 103 13
28 1 9 159 42
2 1 3 165 68
13 1 6 71 26
1 1 0 116 97
26 0 5 128 87
23 0 8 9 32
7 0 2 0 79
25 1 2 79 59
23 1 1 116 79
19 0 1 195 14
6 0 7 205 97
17 1 0 213 47
23 2 3 233 97
23 3 5 330 38
19 1 0 260 38
1 2 6 213 55
27 1 5 368 20
17 2 7 302 60
12 2 6 268 70
26 1 0 298 18
23 4 9 368 49
22 1 3 330 71
24 0 5 388 13
6 1 5 401 92
29 2 2 159 13
28 2 3 401 72
6 2 1 493 31
21 0 2 172 33
19 2 6 338 88
18 0 0 316 84
10 1 0 400 86
22 2 6 426 50
28 3 5 493 7
20 1 9 417 19
1 3 2 268 88
4 1 4 165 30
7 1 4 195 6
19 3 5 500 5
8 0 7 362 58
22 3 2 476 97
1 4 8 356 93
9 0 9 436 81
18 1 6 476 83
5 1 0 486 33
1 5 9 517 88
4 2 3 473 48
7 2 7 420 20
25 2 0 519 20
27 2 8 449 20
19 4 4 505 77
5 2 1 524 5
22 4 9 605 8
19 5 7 582 92
9 1 6 559 71
25 3 9 613 7
13 2 1 529 71
2 2 8 469 47
15 2 6 630 84
13 3 3 600 46
21 1 5 505 46
3 0 1 600 57
6 3 8 524 5
6 4 2 573 79
25 4 5 620 31
14 0 2 652 12
4 3 5 651 48
7 3 8 529 45
25 5 6 714 97
2 3 9 620 68
26 2 9 688 48
7 4 6 811 34
20 2 6 845 38
16 0 4 582 49
29 3 0 539 73
0 0 0 612 66
11 1 3 646 24
29 4 6 883 97
3 1 5 699 40
24 1 3 670 5
26 3 2 736 43
24 2 2 779 25
12 3 7 674 93
17 3 8 574 33
28 4 1 657 77
13 4 8 646 80
21 2 4 631 74
19 6 8 726 24
18 2 1 734 71
9 2 5 739 7
18 3 5 805 68
21 3 0 705 56
8 1 9 736 50
5 3 6 980 17
27 3 1 805 78
15 3 0 761 42
8 2 2 804 19
16 1 7 767 50
0 1 2 823 84
13 5 5 873 31
11 2 0 803 30
8 3 8 823 93
5 4 5 997 70
27 4 3 883 39
15 4 8 916 84
10 2 9 786 6
28 5 7 817 58
19 7 2 907 73
8 4 6 997 49
4 4 1 883 26
18 4 9 873 89
4 5 9 962 17
7 5 3 922 24
25 6 1 909 89
13 6 4 904 37
27 5 0 922 17
5 5 3 1067 57
22 5 0 939 17
9 3 1 998 39
28 6 4 941 78
2 4 1 1037 57
6 5 4 1019 5
20 3 3 1124 15
16 2 1 1094 15
29 5 8 1000 24
27 6 7 939 50
15 5 4 1024 30
17 4 4 1054 53
27 7 2 989 44
12 4 0 956 95
22 6 7 989 19
20 4 8 1139 64
14 1 0 1051 43
10 3 3 1139 71
12 5 8 1203 12
28 7 2 1033 89
8 5 3 1210 25
2 5 6 1094 20
15 6 9 1054 76
26 4 1 1109 30
15 7 2 1130 57
13 7 9 1130 27
4 6 6 1114 93
6 6 3 1235 67
17 5 5 1107 37
14 2 5 1144 96
24 3 0 1094 86
26 5 6 1207 97
11 3 8 1215 56
17 6 9 1157 73
16 3 8 1271 13
11 4 2 1271 43
21 4 6 1304 84
2 6 5 1240 81
21 5 9 1388 83
3 2 0 1180 78
6 7 0 1302 5
20 5 2 1314 64
16 4 0 1307 93
29 6 4 1107 49
3 3 6 1388 9
0 2 3 1302 26
13 8 7 1157 92
29 7 5 1321 57
12 6 4 1215 15
26 6 7 1304 47
3 4 2 1397 49
9 4 2 1446 16
21 6 8 1471 19
6 8 9 1471 78
24 4 1 1180 95
14 3 6 1397 7
9 5 8 1490 42
1 6 1 1275 20
14 4 3 1404 45
18 5 8 1532 11
9 6 0 1532 71
18 6 3 1543 60
4 7 8 1543 97
25 7 4 1230 32
5 6 4 1262 34
10 4 6 1404 97
1 7 4 1296 50
29 8 1 1378 68
20 6 4 1378 8
16 5 6 1501 50
11 5 1 1446 61
21 7 7 1490 8
2 7 2 1462 60
21 8 3 1603 32
3 5 9 1549 17
6 9 6 1551 60
20 7 1 1507 61
16 6 9 1566 32
3 6 3 1635 32
0 3 7 1498 29
26 7 8 1640 65
20 8 0 1603 19
14 5 7 1527 20
7 6 9 1598 26
28 8 6 1611 70
1 8 7 1547 17
8 6 5 1378 85
22 7 8 1705 92
9 7 4 1603 84
5 7 2 1522 61
25 8 3 1667 25
8 7 4 1687 50
9 8 3 1692 56
3 7 4 1737 30
12 7 2 1583 78
24 5 9 1624 28
8 8 0 1737 93
10 5 5 1501 85
2 8 7 1564 94
20 9 5 1622 33
16 7 5 1655 59
29 9 7 1658 94
3 8 8 1797 87
11 6 7 1752 82
23 5 4 1767 76
10 6 4 1843 16
12 8 5 1714 97
23 6 6 1843 76
14 6 1 1568 13
2 9 0 1830 62
16 8 3 1748 10
0 4 9 1652 94
11 7 6 1919 40
0 5 6 1959 98
15 8 7 1834 87
15 9 3 1921 59
16 9 2 1758 35
27 8 9 1746 42
17 7 2 1793 22
14 7 9 1788 29
3 9 7 1921 77
23 7 0 1919 56
17 8 3 1980 87
1 9 5 1811 5
27 9 4 1859 38
17 9 6 2067 79
12 9 3 2067 14
22 8 5 1816 54
18 7 4 1897 50
10 7 2 1859 42
22 9 1 1870 52
4 8 7 1998 49
7 7 5 1870 68
8 9 1 1922 26
9 9 7 2047 99
18 8 2 1947 33
5 8 8 1884 62
4 9 2 2047 89
25 9 8 1946 41
26 8 3 2081 69
7 8 1 1948 16
0 6 8 2057 7
11 8 5 1959 59
24 6 6 2146 78
26 9 4 2150 27
24 7 8 2224 24
28 9 8 2248 36
13 9 2 2136 67
21 9 1 1964 97
19 8 9 1817 52
18 9 7 2146 97
5 9 9 1946 39
0 7 5 2064 98
11 9 9 2018 43
10 8 7 2243 81
0 8 1 2162 45
14 8 4 2177 60
10 9 1 2324 81
7 9 0 1975 46
24 8 7 2324 10
23 8 2 2203 78
0 9 4 2237 43
14 9 8 2284 33
24 9 4 2334 39
19 9 3 2150 71
23 9 7 2334 54
