0 0 4 0 21
7 0 4 21 58
3 0 5 0 77
4 0 10 0 87
12 0 3 0 50
5 0 0 0 20
3 1 0 77 96
0 1 3 50 55
13 0 9 0 84
12 1 7 50 57
10 0 7 107 65
14 0 9 84 37
0 2 6 105 71
12 2 13 107 61
11 0 1 0 34
1 0 11 0 54
6 0 8 0 69
1 1 4 79 83
5 1 2 20 71
14 1 10 121 81
12 3 5 168 20
9 0 11 54 37
10 1 3 172 96
6 1 4 162 96
2 0 9 121 83
11 1 2 91 47
1 2 1 162 77
9 1 5 188 80
10 2 0 268 47
2 1 5 268 77
11 2 3 268 58
1 3 7 239 64
13 1 7 303 45
5 2 4 258 78
2 2 2 345 87
3 2 9 204 28
8 0 5 345 27
4 1 4 336 28
1 4 8 303 34
13 2 5 372 15
6 2 12 258 17
1 5 14 337 79
13 3 14 416 41
0 3 14 457 98
14 2 11 202 61
5 3 13 336 66
12 4 11 263 85
5 4 3 402 14
12 5 12 348 90
1 6 12 438 43
6 3 0 315 69
9 2 4 364 75
5 5 12 481 8
10 3 4 439 75
14 3 14 555 57
6 4 7 384 45
9 3 8 439 55
10 4 12 514 69
0 4 10 555 12
7 1 13 402 90
3 3 6 232 7
8 1 1 372 46
4 2 8 494 50
8 2 6 418 67
8 3 8 544 27
7 2 11 492 76
2 3 7 432 38
9 4 7 494 50
8 4 13 571 19
8 5 10 590 80
11 3 5 387 51
7 3 3 568 81
2 4 4 514 60
7 4 7 649 23
13 4 10 670 18
4 3 2 544 59
12 6 2 603 58
1 7 0 481 55
6 5 11 568 31
9 5 0 544 94
11 4 4 574 62
2 5 12 583 98
4 4 0 638 46
1 8 3 649 77
6 6 6 599 78
9 6 9 638 14
5 6 14 612 42
10 5 14 654 58
14 4 8 612 57
6 7 10 688 20
9 7 6 677 41
10 6 10 712 33
0 5 2 661 34
7 5 9 672 28
3 4 4 636 95
8 6 2 695 17
4 5 11 684 45
7 6 1 700 18
12 7 4 731 63
1 9 6 726 19
11 5 6 745 44
7 7 2 718 32
2 6 0 684 93
13 5 4 794 82
5 7 6 789 28
3 5 13 731 35
7 8 12 750 86
13 6 11 876 29
4 6 14 729 9
12 8 10 794 84
1 10 9 745 37
6 8 3 726 27
9 8 14 738 72
10 7 1 745 71
0 6 9 782 16
7 9 8 836 99
11 6 9 798 8
2 7 13 777 17
4 7 9 806 43
1 11 5 782 79
6 9 13 794 87
9 9 3 810 50
5 8 1 817 54
10 8 9 849 22
14 5 0 777 52
6 10 1 881 74
9 10 10 878 61
10 9 13 881 32
0 7 1 955 21
7 10 14 935 97
3 6 7 766 35
4 8 6 849 52
1 12 10 939 92
11 7 7 806 17
2 8 6 901 41
13 7 2 905 70
9 11 13 939 79
5 9 9 871 33
14 6 7 829 74
0 8 0 976 53
10 10 5 913 57
14 7 6 942 62
6 11 5 970 84
10 11 8 970 79
0 9 7 1029 26
7 11 0 1032 24
3 7 8 1049 76
8 7 3 860 48
2 9 10 1031 44
7 12 10 1075 45
13 8 1 976 67
4 9 7 1055 27
12 9 1 1043 39
1 13 13 1031 62
6 12 14 1054 76
9 12 2 1018 98
11 8 10 1120 97
2 10 3 1075 69
4 10 1 1082 91
1 14 2 1116 66
6 13 2 1182 94
5 10 11 905 89
10 12 2 1276 14
14 8 12 1004 30
0 10 8 1125 52
14 9 1 1173 52
0 11 5 1177 95
7 13 6 1120 72
3 8 11 1125 9
8 8 7 1082 62
4 11 13 1173 41
8 9 11 1144 12
8 10 14 1156 28
7 14 5 1272 25
2 11 11 1156 49
9 13 12 1116 18
8 11 4 1184 98
8 12 0 1282 42
11 9 8 1217 29
2 12 8 1246 24
13 9 3 1144 30
4 12 3 1214 16
12 10 9 1082 87
6 14 9 1276 81
9 14 1 1225 63
11 10 11 1246 15
4 13 5 1297 59
12 11 6 1192 21
5 11 8 1270 26
3 9 12 1134 95
0 12 12 1272 31
13 10 13 1214 50
12 12 14 1213 56
10 13 11 1290 31
14 10 2 1290 38
0 13 11 1321 42
12 13 8 1296 32
11 11 13 1264 66
5 12 7 1296 37
14 11 13 1330 68
12 14 0 1328 57
10 14 6 1321 60
2 13 1 1288 87
11 12 12 1330 40
2 14 14 1375 25
11 13 0 1385 44
13 11 6 1381 23
5 13 10 1333 33
3 10 2 1328 43
8 13 9 1357 48
4 14 12 1370 39
13 12 0 1429 20
13 13 12 1449 21
0 14 13 1398 39
14 12 4 1398 54
5 14 5 1366 43
14 13 3 1452 54
3 11 1 1375 75
8 14 12 1470 50
11 14 14 1429 38
13 14 8 1470 38
14 14 5 1506 16
3 12 10 1450 61
3 13 14 1511 10
3 14 3 1521 79
