4 0 9 0 98
11 0 12 0 80
6 0 4 0 77
14 0 13 0 76
9 0 11 0 42
4 1 8 98 57
11 1 1 80 21
0 0 5 0 19
10 0 4 77 97
8 0 11 42 21
3 0 10 0 23
6 1 2 77 55
8 1 5 63 42
11 2 10 101 10
9 1 1 101 93
0 1 6 19 64
12 0 2 132 17
0 2 11 83 73
8 2 9 105 91
12 1 7 149 62
8 3 2 196 28
11 3 5 111 73
0 3 9 196 13
5 0 11 156 66
14 1 3 76 27
12 2 5 211 75
12 3 9 286 35
5 1 7 222 53
1 0 1 194 67
0 4 2 224 84
0 5 14 308 88
12 4 1 321 91
5 2 5 286 86
1 1 3 261 74
1 2 7 335 41
6 2 9 321 42
9 2 3 335 95
11 4 8 184 70
8 4 0 224 52
4 2 3 430 73
2 0 6 83 97
3 1 12 80 49
14 2 4 174 26
12 5 14 412 50
7 0 6 180 41
8 5 6 276 88
3 2 3 503 32
10 1 12 174 81
14 3 9 363 36
13 0 11 222 93
14 4 11 399 8
5 3 6 372 40
14 5 10 407 36
9 3 13 430 45
13 1 6 412 57
7 1 5 372 39
11 5 6 469 49
6 3 5 411 74
11 6 2 518 31
8 6 12 364 76
1 3 2 549 57
5 4 0 412 14
8 7 13 475 86
9 4 9 475 28
3 3 4 535 66
6 4 14 485 91
11 7 13 561 34
8 8 10 561 23
4 3 6 518 9
10 2 1 412 58
4 4 0 527 73
13 2 1 470 71
10 3 7 470 84
1 4 14 606 52
11 8 4 601 40
10 4 5 554 58
6 5 13 595 33
14 6 0 600 95
13 3 12 541 70
7 2 11 411 82
6 6 10 628 16
4 5 7 600 7
3 4 2 606 43
8 9 1 584 35
13 4 9 611 93
2 1 8 254 95
0 6 3 535 85
14 7 8 695 48
1 5 0 695 14
0 7 10 644 41
12 6 3 620 7
2 2 0 709 64
9 5 14 658 77
7 3 9 704 64
0 8 12 685 53
12 7 10 685 64
5 5 3 627 19
2 3 9 773 38
14 8 2 743 82
5 6 13 646 96
3 5 0 773 60
7 4 14 768 47
11 9 11 641 22
3 6 8 833 41
4 6 1 619 98
2 4 10 811 59
1 6 9 811 64
10 5 0 833 9
6 7 12 738 54
13 5 5 704 20
7 5 10 870 28
6 8 0 842 18
4 7 4 717 13
13 6 3 724 15
2 5 12 870 95
0 9 13 742 80
1 7 8 875 84
9 6 0 860 84
11 10 0 944 15
8 10 7 619 52
12 8 13 822 75
5 7 4 742 95
2 6 2 965 17
14 9 6 825 87
5 8 2 982 54
3 7 7 874 61
6 9 3 860 87
13 7 13 897 77
7 6 7 935 78
3 8 13 974 70
6 10 7 1013 60
13 8 10 974 58
14 10 5 912 6
7 7 13 1044 49
11 11 14 959 82
3 9 9 1044 49
10 6 11 842 87
1 8 6 959 78
11 12 3 1041 57
10 7 3 1098 5
1 9 5 1037 47
6 11 8 1073 13
9 7 10 1032 8
8 11 4 837 91
5 9 10 1040 84
1 10 13 1093 28
9 8 7 1073 45
8 12 3 1103 47
4 8 13 1121 41
2 7 11 982 65
3 10 11 1093 17
14 11 1 918 63
7 8 1 1093 79
3 11 6 1110 90
10 8 2 1103 44
14 12 7 1118 56
13 9 0 1032 12
9 9 4 1118 70
13 10 2 1147 67
7 9 4 1188 58
2 8 13 1162 93
0 10 1 1172 66
10 9 13 1255 85
6 12 6 1200 33
14 13 12 1174 36
13 11 8 1214 68
7 10 2 1246 92
6 13 1 1238 33
4 9 5 1162 40
3 12 1 1271 85
8 13 14 1150 82
13 12 14 1282 7
2 9 3 1255 10
0 11 7 1238 46
14 14 14 1289 15
1 11 4 1246 84
0 12 8 1284 59
12 9 12 1210 94
2 10 5 1265 73
9 10 5 1338 37
7 11 3 1338 79
0 13 4 1343 25
12 10 0 1304 55
5 10 12 1304 97
2 11 1 1356 11
5 11 8 1401 16
3 13 14 1356 99
7 12 12 1417 6
11 13 9 1098 71
3 14 5 1455 85
4 10 11 1202 85
2 12 4 1368 85
1 12 10 1330 63
10 10 6 1340 89
6 14 11 1287 61
13 13 7 1289 29
7 13 0 1423 69
4 11 10 1393 37
13 14 4 1453 52
2 13 14 1455 46
0 14 0 1492 62
1 13 12 1423 26
9 11 6 1429 86
11 14 7 1318 48
8 14 8 1417 24
12 11 6 1515 72
10 11 10 1430 77
5 12 14 1501 52
9 12 12 1515 64
7 14 8 1492 76
1 14 11 1449 46
9 13 8 1579 67
4 12 2 1430 68
10 12 9 1507 96
2 14 7 1501 67
5 13 1 1553 76
4 13 14 1553 79
12 12 8 1646 47
10 13 14 1632 39
5 14 9 1629 87
9 14 2 1646 38
4 14 12 1632 17
10 14 8 1693 77
12 13 4 1693 11
12 14 11 1704 90
