10 0 10 0 22
8 0 13 0 6
3 0 14 0 63
0 0 1 0 26
10 1 4 22 89
0 1 12 26 67
11 0 5 0 73
9 0 1 26 46
13 0 10 22 17
12 0 9 0 85
7 0 7 0 77
14 0 3 0 8
4 0 2 0 91
8 1 8 6 86
13 1 3 39 24
3 1 11 63 45
13 2 4 111 89
3 2 4 200 49
14 1 5 73 17
8 2 2 92 40
13 3 5 200 15
3 3 1 249 74
14 2 11 108 56
9 1 6 72 28
5 0 11 164 35
6 0 14 63 19
11 1 14 82 56
13 4 11 215 60
2 0 3 63 96
14 3 7 164 93
4 1 0 91 75
7 1 14 138 72
1 0 14 210 42
10 2 12 111 79
2 1 4 249 99
8 3 9 132 79
3 4 8 323 27
14 4 14 257 26
9 2 5 215 34
5 1 6 199 80
6 1 7 257 57
11 2 2 138 37
0 2 0 166 72
0 3 6 279 74
8 4 12 211 92
8 5 11 303 23
2 2 12 348 34
1 1 0 252 39
10 3 0 291 7
2 3 6 382 60
12 1 14 283 58
6 2 10 314 24
0 4 14 353 13
0 5 8 366 43
14 5 9 283 62
9 3 11 326 77
11 3 3 175 22
6 3 13 338 91
7 2 5 249 35
12 2 3 341 46
5 2 4 348 39
1 2 4 387 55
14 6 6 442 7
2 4 7 442 43
9 4 4 442 47
1 3 12 442 46
10 4 9 345 15
2 5 14 485 7
8 6 5 326 89
3 5 0 350 30
3 6 9 380 72
8 7 10 415 95
5 3 3 387 62
3 7 7 485 9
13 5 1 323 42
11 4 13 429 25
1 4 1 488 19
3 8 12 494 99
12 3 8 409 64
9 5 0 489 10
6 4 3 449 50
11 5 6 454 58
7 3 11 403 90
11 6 1 512 8
7 4 4 493 68
12 4 2 473 49
5 4 14 492 74
10 5 1 520 6
13 6 8 473 98
14 7 10 510 88
4 2 9 452 98
4 3 3 550 17
7 5 6 561 18
4 4 10 598 72
7 6 3 579 9
2 6 13 492 12
8 8 6 579 91
3 9 13 593 60
14 8 0 598 97
9 6 14 566 49
5 5 5 566 72
6 5 0 695 5
11 7 7 520 93
0 6 4 561 30
2 7 8 571 11
14 9 1 695 7
4 5 13 670 31
7 7 0 700 33
1 5 8 582 93
10 6 11 526 30
8 9 7 670 72
10 7 6 670 38
13 7 2 571 64
1 6 9 675 80
8 10 0 742 80
5 6 10 670 35
3 10 5 653 69
13 8 13 701 92
1 7 5 755 26
3 11 6 722 69
12 5 6 791 37
9 7 8 675 77
6 6 11 700 49
7 8 8 752 60
12 6 1 828 33
5 7 9 755 25
10 8 5 781 11
13 9 0 822 63
4 6 11 749 9
12 7 4 861 30
5 8 1 861 49
0 7 3 591 19
14 10 2 702 43
9 8 10 752 48
11 8 4 891 88
7 9 10 812 18
14 11 8 812 29
4 7 14 758 98
4 8 7 856 50
7 10 12 830 10
4 9 5 906 37
7 11 13 840 60
2 8 11 758 70
8 11 1 910 60
3 12 2 791 84
14 12 13 900 35
9 9 7 906 24
5 9 8 910 52
6 7 12 840 18
11 9 8 979 17
0 8 10 830 23
2 9 10 853 43
0 9 11 853 85
14 13 12 935 87
11 10 12 1022 9
9 10 12 1031 8
5 10 7 962 63
5 11 2 1025 90
6 8 9 858 58
11 11 11 1031 69
13 10 7 1025 52
2 10 0 896 91
14 14 4 1022 57
4 10 4 1079 8
7 12 1 970 38
1 8 10 896 7
10 9 8 996 52
2 11 1 1008 68
8 12 3 970 56
3 13 3 1026 40
9 11 2 1115 72
5 12 13 1115 21
6 9 5 943 24
11 12 10 1100 71
0 10 5 967 98
0 11 13 1136 43
8 13 4 1087 51
8 14 14 1138 23
2 12 9 1076 11
1 9 6 903 50
10 10 3 1066 20
2 13 5 1087 68
12 8 5 1155 26
6 10 8 1048 52
0 12 2 1187 38
0 13 7 1225 8
9 12 13 1187 55
11 13 9 1171 85
6 11 1 1100 88
7 13 2 1225 99
12 9 0 1181 20
5 13 12 1136 47
1 10 11 1100 57
9 13 9 1256 29
1 11 3 1157 73
10 11 7 1233 5
5 14 0 1201 38
13 11 12 1183 54
11 14 0 1256 55
1 12 2 1324 9
12 10 13 1242 74
9 14 3 1285 40
6 12 2 1333 68
7 14 9 1324 15
12 11 10 1316 77
10 12 14 1238 9
13 12 6 1237 75
4 11 8 1100 65
4 12 1 1188 90
6 13 6 1401 20
4 13 12 1278 91
6 14 4 1421 53
0 14 9 1339 75
4 14 6 1421 71
1 13 7 1333 61
10 13 2 1401 20
10 14 13 1421 28
13 13 14 1312 23
1 14 13 1449 72
12 12 12 1393 99
12 13 11 1492 56
2 14 2 1421 72
3 14 10 1393 59
12 14 7 1548 21
13 14 9 1414 38
