10 0 3 0 44
8 0 4 0 82
9 0 2 0 84
2 0 0 0 32
2 1 3 44 49
1 0 6 0 40
3 0 5 0 23
7 0 7 0 73
13 0 3 93 25
1 1 9 40 88
0 0 10 0 51
9 1 5 84 7
13 1 4 118 85
2 2 10 93 5
5 0 13 0 78
6 0 10 98 83
14 0 3 118 92
5 1 12 78 53
12 0 7 73 49
1 2 10 181 77
1 3 5 258 59
13 2 0 203 66
5 2 11 131 17
10 1 6 44 58
6 1 13 181 46
4 0 12 131 69
3 1 6 102 9
6 2 9 227 7
6 3 12 234 65
8 1 1 82 34
2 3 5 317 64
8 2 3 210 92
13 3 2 269 45
0 1 14 51 43
12 1 0 269 49
10 2 13 227 14
14 1 7 210 93
5 3 5 381 29
1 4 11 317 20
4 1 9 234 59
10 3 8 241 65
6 4 11 337 69
0 2 7 303 80
11 0 14 94 43
7 1 10 258 71
0 3 4 383 18
4 2 3 302 28
11 1 10 329 72
7 2 8 329 64
10 4 1 306 72
0 4 6 401 38
2 4 7 383 58
11 2 5 410 78
11 3 11 488 12
10 5 5 488 14
7 3 6 439 10
4 3 14 330 62
5 4 4 410 82
2 5 8 441 80
9 2 9 293 66
12 2 4 492 71
3 2 0 318 75
3 3 12 393 37
6 5 6 449 62
7 4 9 449 20
9 3 10 401 6
13 4 10 407 95
12 3 5 563 78
13 5 12 502 21
1 5 3 337 52
3 4 11 500 43
14 2 0 393 99
0 5 3 439 24
1 6 8 521 70
9 4 4 563 28
2 6 6 521 94
5 5 2 492 23
6 6 0 511 16
14 3 1 492 40
5 6 9 515 12
12 4 9 641 44
5 7 8 591 64
10 6 12 523 52
4 4 13 392 36
11 4 12 575 17
7 5 11 543 99
4 5 1 532 26
2 7 11 642 11
9 5 13 591 27
14 4 10 532 37
12 5 10 685 41
1 7 0 591 40
13 6 8 655 84
10 7 4 591 21
6 7 2 527 58
4 6 6 615 84
3 5 2 585 79
6 8 8 739 66
8 3 2 664 8
2 8 1 653 26
8 4 0 672 38
0 6 2 672 67
10 8 9 685 25
14 5 12 592 69
4 7 11 699 16
10 9 0 710 5
0 7 12 739 15
11 5 0 715 46
7 6 4 642 24
0 8 11 754 24
4 8 8 805 54
11 6 9 761 27
7 7 14 666 65
9 6 6 699 79
2 9 13 679 26
3 6 4 666 75
14 6 5 661 66
9 7 7 778 70
8 5 8 859 45
12 6 12 754 91
14 7 6 778 57
12 7 13 845 84
3 7 3 741 34
13 7 5 739 24
1 8 4 741 32
3 8 7 848 20
14 8 14 835 22
0 9 13 929 72
13 8 9 788 53
9 8 0 848 85
2 10 14 857 59
5 8 1 679 86
6 9 5 805 83
14 9 9 857 44
5 9 7 868 59
12 8 8 929 91
1 9 13 1001 76
1 10 12 1077 43
13 9 7 927 67
9 9 1 933 94
12 9 6 1020 21
7 8 5 888 82
0 10 8 1020 45
4 9 5 970 42
11 7 6 1041 51
7 9 3 970 72
10 10 11 778 51
0 11 5 1065 80
2 11 9 916 85
11 8 2 1092 63
7 10 12 1120 43
10 11 7 994 61
0 12 9 1145 64
2 12 4 1001 47
11 9 1 1155 79
11 10 8 1234 79
10 12 14 1055 55
7 11 1 1234 82
4 10 2 1155 54
5 10 6 1092 5
2 13 12 1163 96
9 10 3 1042 60
12 10 11 1041 47
3 9 13 1077 10
3 10 14 1110 83
6 10 7 1055 90
7 12 13 1316 27
9 11 14 1193 80
3 11 10 1193 68
7 13 2 1343 24
13 10 6 1097 91
1 11 7 1145 31
0 13 1 1316 44
9 12 12 1273 39
13 11 11 1188 11
2 14 2 1367 14
5 11 3 1102 68
6 11 14 1273 42
3 12 9 1261 52
6 12 4 1315 81
6 13 3 1396 69
8 6 6 1188 21
8 7 5 1209 35
13 12 13 1343 32
0 14 0 1360 88
12 11 14 1315 28
10 13 10 1261 42
14 10 8 1313 73
5 12 14 1343 59
8 8 12 1312 52
13 13 1 1375 30
1 12 2 1381 21
4 11 0 1448 6
6 14 1 1465 85
14 11 13 1386 97
5 13 10 1402 13
12 12 3 1465 61
1 13 14 1402 5
1 14 1 1550 47
13 14 14 1407 89
5 14 0 1454 56
4 12 10 1454 40
10 14 2 1402 36
11 11 7 1313 91
11 12 4 1404 49
11 13 13 1483 26
4 13 7 1494 88
3 13 8 1386 66
8 9 9 1364 35
8 10 11 1399 15
12 13 2 1526 70
14 12 11 1483 18
4 14 4 1582 79
11 14 3 1526 93
7 14 0 1510 33
9 13 8 1452 66
12 14 1 1597 93
3 14 1 1690 9
9 14 11 1518 29
14 13 2 1596 69
14 14 4 1665 41
8 11 14 1496 23
8 12 10 1519 6
8 13 13 1525 83
8 14 7 1608 30
