10 0 2 0 54
12 0 0 0 49
2 0 14 0 73
11 0 10 0 92
3 0 1 0 12
9 0 0 49 87
7 0 3 0 54
5 0 1 12 72
7 1 7 54 24
5 1 5 84 88
3 1 6 12 51
8 0 3 54 12
3 2 7 78 33
8 1 8 66 69
12 1 13 49 83
0 0 9 0 65
7 2 4 78 14
0 1 10 92 28
4 0 12 0 97
4 1 5 172 7
11 1 14 92 36
8 2 6 135 26
9 1 5 179 12
10 1 0 136 22
9 2 7 191 80
3 3 4 111 15
7 3 8 135 38
13 0 10 120 98
0 2 4 126 74
14 0 1 84 70
3 4 14 128 72
13 1 12 218 34
1 0 0 158 64
12 2 3 132 73
2 1 3 205 82
8 3 9 161 23
5 2 2 172 93
1 1 1 222 53
3 5 10 218 98
7 4 5 191 36
14 1 10 316 17
5 3 13 265 13
8 4 14 200 28
1 2 11 275 83
5 4 4 278 44
5 5 14 322 66
7 5 2 265 52
13 2 13 278 52
10 2 6 161 61
13 3 4 330 26
12 3 6 222 82
14 2 6 333 90
14 3 12 423 67
4 2 9 184 96
6 0 9 280 15
0 3 12 490 33
7 6 14 388 55
6 1 7 295 82
3 6 9 316 94
11 2 4 356 22
5 6 6 423 63
12 4 1 304 82
4 3 4 378 15
11 3 9 410 9
5 7 7 486 14
12 5 14 443 92
4 4 14 535 73
3 7 5 410 12
4 5 13 608 43
3 8 11 422 42
13 4 1 386 28
0 4 2 523 51
11 4 3 419 47
14 4 4 490 14
2 2 1 414 23
11 5 1 466 77
1 3 2 574 33
8 5 1 543 82
11 6 12 543 79
2 3 12 622 62
6 2 6 486 21
7 7 12 684 37
10 3 4 504 46
9 3 4 550 50
14 5 8 504 23
3 9 2 607 24
13 5 3 466 39
11 7 13 651 36
14 6 3 527 21
2 4 6 684 88
1 4 4 607 6
8 6 5 625 33
1 5 9 613 52
10 4 3 550 73
9 4 10 600 48
9 5 12 721 90
13 6 8 527 80
10 5 5 658 16
3 10 13 687 15
8 7 4 658 45
3 11 8 702 28
8 8 13 703 64
12 6 11 535 73
0 5 14 608 75
7 8 11 721 48
14 7 7 548 18
4 6 0 651 32
6 3 14 683 53
0 6 5 683 73
3 12 3 730 6
5 8 9 665 67
12 7 4 703 31
4 7 8 730 22
3 13 12 811 99
4 8 11 769 42
0 7 8 756 32
1 6 14 736 72
12 8 10 734 35
0 8 6 788 13
2 5 5 772 21
8 9 7 767 15
2 6 8 793 65
6 4 3 736 72
10 6 12 910 6
9 6 1 811 72
14 8 13 767 43
13 7 5 793 29
9 7 13 883 24
4 9 1 883 94
6 5 13 907 49
0 9 3 808 81
7 9 0 769 93
6 6 2 956 99
3 14 0 910 41
11 8 6 801 30
5 9 10 769 17
12 9 9 769 54
11 9 8 858 98
5 10 11 811 85
12 10 5 823 7
13 8 9 823 70
0 10 1 977 35
1 7 8 956 7
8 10 11 896 9
7 10 13 956 60
9 8 6 907 14
13 9 0 951 43
1 8 13 1016 90
8 11 12 916 73
2 7 11 905 70
6 7 4 1055 26
10 7 9 916 94
9 9 8 963 71
14 9 11 975 84
13 10 6 994 48
2 8 7 975 53
10 8 14 1010 93
9 10 11 1059 44
2 9 10 1028 81
6 8 12 1081 56
5 11 0 994 35
7 11 10 1109 70
13 11 7 1042 58
10 9 13 1106 67
7 12 1 1179 23
13 12 2 1100 45
12 11 8 1034 37
14 10 5 1059 26
4 10 2 1145 23
6 9 8 1137 45
0 11 7 1100 59
6 10 1 1202 68
11 10 11 1103 79
5 12 3 1029 68
4 11 7 1168 86
13 13 14 1145 94
0 12 13 1173 38
14 11 9 1085 36
2 10 2 1168 93
2 11 13 1261 77
6 11 10 1270 51
10 10 8 1182 54
4 12 6 1254 78
11 11 7 1254 7
1 9 12 1137 21
8 12 10 1321 59
11 12 5 1261 55
6 12 0 1321 8
7 13 6 1332 23
10 11 7 1261 75
9 11 9 1121 46
14 12 2 1261 93
11 13 2 1354 6
11 14 0 1360 30
14 13 14 1354 84
2 12 0 1390 61
1 10 6 1355 23
8 13 2 1380 37
4 13 10 1380 24
8 14 0 1451 62
9 12 2 1417 15
10 12 11 1336 32
9 13 14 1438 61
0 13 11 1368 55
14 14 0 1513 42
10 13 10 1404 40
12 12 7 1336 72
4 14 3 1404 31
6 13 5 1329 27
0 14 0 1555 27
12 13 2 1432 52
1 11 3 1435 10
12 14 12 1484 76
2 13 9 1451 28
2 14 4 1479 78
6 14 11 1423 96
10 14 1 1444 97
9 14 3 1499 92
1 12 10 1445 39
1 13 5 1484 49
13 14 11 1519 96
7 14 9 1479 83
5 13 12 1560 5
1 14 7 1533 72
5 14 8 1565 49
