4 0 1 0 68
8 0 2 0 53
7 0 2 53 54
5 0 0 0 24
8 1 1 68 50
9 0 2 107 45
5 1 6 24 80
3 0 0 24 41
4 1 0 68 26
7 1 0 107 41
3 1 1 118 62
2 0 0 148 26
1 0 0 174 49
4 2 5 94 50
3 2 4 180 73
9 1 0 223 59
4 3 3 144 46
8 2 4 253 40
2 1 3 190 33
7 2 3 223 38
4 4 4 293 25
5 2 2 152 91
7 3 4 318 53
5 3 3 261 55
2 2 1 223 82
6 0 2 243 16
1 1 3 316 67
4 5 7 318 88
7 4 1 371 11
5 4 1 382 48
2 3 2 305 98
6 1 3 383 13
1 2 4 383 82
4 6 2 406 6
6 2 0 396 9
8 3 0 405 90
1 3 2 465 92
6 3 1 430 58
3 3 3 396 94
5 5 8 430 99
2 4 5 403 83
7 5 5 486 74
8 4 7 495 7
4 7 8 529 13
0 0 0 495 99
1 4 1 557 62
6 4 4 488 23
1 5 5 619 84
6 5 7 511 85
3 4 6 490 51
5 6 4 529 72
2 5 4 601 16
7 6 9 560 88
5 7 9 648 91
2 6 6 617 64
9 2 8 542 81
3 5 5 703 46
2 7 7 681 65
7 7 6 681 46
8 5 5 749 80
0 1 1 619 74
1 6 8 703 45
5 8 7 746 84
0 2 2 693 49
7 8 7 830 41
9 3 3 623 99
4 8 9 739 98
9 4 6 727 71
9 5 1 798 19
3 6 2 749 55
6 6 5 829 36
5 9 5 865 12
1 7 6 798 30
2 8 9 837 36
0 3 3 742 67
3 7 9 873 31
8 6 3 829 57
2 9 8 873 77
7 9 8 950 65
4 9 6 837 84
1 8 7 871 42
3 8 7 913 64
0 4 4 809 17
1 9 9 913 71
6 7 6 921 89
6 8 8 1015 71
3 9 8 1086 46
9 6 4 826 75
8 7 9 984 60
0 5 5 877 7
0 6 6 1010 9
9 7 7 977 77
8 8 6 1044 91
9 8 9 1054 94
8 9 8 1135 47
9 9 5 1148 95
6 9 9 1148 41
0 7 7 1054 39
0 8 8 1182 35
0 9 9 1217 49
