4 0 1 0 50
7 0 2 0 90
3 0 0 0 8
3 1 1 50 82
8 0 2 90 97
3 2 4 132 27
0 0 0 8 72
7 1 0 90 19
0 1 1 132 64
7 2 3 109 87
5 0 0 109 53
8 1 1 196 99
6 0 2 187 29
0 2 2 216 55
5 1 6 162 30
2 0 0 162 86
7 3 4 196 51
3 3 3 196 99
7 4 1 295 84
5 2 2 271 7
5 3 3 295 12
1 0 0 248 61
8 2 4 295 93
9 0 2 278 44
4 1 0 309 94
7 5 5 379 45
2 1 3 307 32
4 2 5 424 43
0 3 3 339 31
8 3 0 403 38
9 1 0 441 60
8 4 7 441 13
1 1 3 370 27
6 1 3 397 96
7 6 9 424 84
1 2 4 397 88
3 4 6 295 74
6 2 0 501 99
5 4 1 379 68
3 5 5 467 9
7 7 6 508 58
5 5 8 447 87
9 2 8 534 29
7 8 7 566 81
2 2 1 447 35
4 3 3 493 62
0 4 4 485 53
1 3 2 485 78
8 5 5 476 96
9 3 3 563 5
4 4 4 555 55
2 3 2 563 37
4 5 7 647 48
5 6 4 610 28
0 5 5 572 95
8 6 3 572 40
8 7 9 612 64
3 6 2 600 33
0 6 6 667 11
7 9 8 647 96
0 7 7 695 52
5 7 9 676 70
8 8 6 678 32
6 3 1 600 14
0 8 8 747 6
5 8 7 747 45
2 4 5 667 18
3 7 9 746 20
5 9 5 792 7
1 4 1 614 49
8 9 8 753 45
9 4 6 710 74
4 6 2 695 5
2 5 4 685 48
4 7 8 798 36
0 9 9 766 84
9 5 1 784 85
1 5 5 799 83
6 4 4 733 34
1 6 8 882 91
3 8 7 792 59
6 5 7 851 14
3 9 8 973 98
9 6 4 869 34
2 6 6 784 91
6 6 5 882 7
6 7 6 889 76
2 7 7 875 52
1 7 6 973 74
9 7 7 927 95
4 8 9 850 47
2 8 9 927 60
4 9 6 1047 36
9 8 9 1022 51
1 8 7 1047 29
6 8 8 1071 57
1 9 9 1076 87
6 9 9 1163 76
9 9 5 1073 47
2 9 8 1128 30
