8 0 0 0 24
8 1 1 24 63
3 0 0 24 31
8 2 9 87 48
0 0 0 55 8
5 0 1 87 97
0 1 1 184 10
1 0 0 63 63
6 0 0 126 34
6 1 3 160 76
4 0 0 160 97
2 0 0 257 52
5 1 5 184 68
1 1 8 126 39
6 2 8 236 48
8 3 7 135 77
3 1 1 194 85
2 1 6 309 22
6 3 7 284 61
7 0 0 309 44
7 1 9 353 5
2 2 1 331 33
6 4 9 358 11
4 1 5 257 98
3 2 4 279 55
5 2 0 353 44
0 2 2 194 35
6 5 2 369 36
6 6 4 405 33
9 0 0 397 51
7 2 4 438 85
2 3 3 364 68
3 3 8 334 80
6 7 6 438 98
6 8 1 536 7
4 2 9 369 87
3 4 5 414 58
5 3 9 456 67
9 1 2 448 5
2 4 8 432 27
4 3 8 459 47
8 4 8 506 73
5 4 2 523 44
1 2 3 432 80
0 3 3 512 44
7 3 1 543 51
3 5 7 472 11
1 3 5 512 22
0 4 4 556 15
9 2 4 571 40
8 5 6 579 74
8 6 4 653 63
9 3 9 611 60
9 4 1 671 46
7 4 5 594 58
2 5 2 567 68
3 6 6 653 69
5 5 8 579 85
6 9 5 652 44
4 4 7 506 77
3 7 9 722 56
1 4 2 635 88
5 6 3 664 78
0 5 5 696 92
9 5 5 788 58
7 5 7 652 79
2 6 5 846 25
1 5 1 723 39
5 7 6 742 90
1 6 9 778 85
3 8 3 778 73
7 6 2 731 95
4 5 4 716 90
3 9 2 851 25
5 8 7 832 33
0 6 6 832 70
9 6 8 846 54
1 7 6 902 27
0 7 7 902 89
8 7 5 871 17
1 8 7 991 74
7 7 6 929 48
2 7 4 871 34
4 6 3 851 98
5 9 4 905 81
0 8 8 991 50
9 7 3 949 72
1 9 4 1065 69
0 9 9 1041 12
8 8 2 888 93
7 8 3 1021 86
7 9 8 1107 73
2 8 7 1065 24
4 7 2 981 80
9 8 6 1021 29
2 9 9 1089 84
4 8 1 1061 39
8 9 3 1107 84
9 9 7 1089 94
4 9 6 1100 40
