7 0 1 0 5
4 0 1 5 7
9 0 0 0 77
6 0 1 12 24
4 1 0 77 41
9 1 2 77 74
6 1 2 151 21
4 2 4 118 92
0 0 0 118 55
1 0 0 173 63
9 2 3 151 82
1 1 1 236 43
6 2 4 210 47
3 0 2 172 16
2 0 2 188 88
2 1 1 279 31
6 3 0 257 40
4 3 3 233 94
9 3 4 257 10
7 1 2 276 7
3 1 1 310 71
6 4 3 327 94
9 4 1 381 29
7 2 4 283 74
7 3 0 357 28
7 4 3 421 72
3 2 0 385 55
3 3 4 440 55
9 5 5 410 15
9 6 7 425 51
4 4 2 327 46
4 5 6 373 79
2 2 0 440 47
4 6 5 452 34
3 4 3 495 9
2 3 4 495 10
6 5 6 452 71
9 7 8 476 65
7 5 5 493 61
3 5 7 504 49
7 6 7 554 9
2 4 3 505 62
1 2 2 373 51
0 1 1 410 74
9 8 9 541 37
4 7 9 578 38
4 8 8 616 8
2 5 5 567 60
6 6 7 563 89
7 7 8 624 53
6 7 9 652 75
5 0 1 484 25
5 1 0 509 5
3 6 6 553 83
4 9 7 652 18
2 6 6 636 58
3 7 5 636 54
2 7 7 694 29
2 8 8 723 52
6 8 5 727 97
9 9 6 694 21
7 8 9 727 32
3 8 9 759 7
6 9 8 824 15
3 9 8 839 57
1 3 3 567 18
0 2 2 484 45
5 2 4 514 89
5 3 3 603 94
0 3 3 697 23
5 4 2 697 14
1 4 4 603 42
1 5 7 723 11
0 4 4 720 76
5 5 6 715 94
5 6 5 824 20
1 6 6 809 29
0 5 5 844 19
0 6 6 863 18
1 7 5 863 52
0 7 7 881 61
5 7 9 844 23
7 9 6 881 97
5 8 8 896 44
5 9 7 942 39
2 9 9 867 92
0 8 8 942 44
1 8 9 959 29
0 9 9 988 11
1 9 8 988 88
8 0 0 514 34
8 1 2 711 52
8 2 3 763 37
8 3 4 800 6
8 4 1 806 94
8 5 6 978 6
8 6 7 984 56
8 7 9 1040 41
8 8 5 1081 5
8 9 8 1086 16
