1 0 0 0 8
6 0 4 0 15
1 1 3 8 12
5 0 4 15 17
7 0 4 32 8
2 0 0 8 25
1 2 4 40 49
4 0 0 33 27
2 1 7 33 19
7 1 6 40 29
9 0 2 0 20
8 0 2 20 41
0 0 0 60 32
5 1 0 92 15
3 0 0 107 24
1 3 8 89 24
4 1 6 69 29
0 1 1 92 14
2 2 3 52 27
9 1 9 20 7
6 1 3 79 31
4 2 1 106 39
9 2 5 27 44
0 2 2 106 15
8 1 6 98 10
0 3 3 121 37
8 2 8 113 32
8 3 7 145 5
5 2 6 108 51
9 3 8 145 22
7 2 9 69 25
2 3 2 121 45
7 3 3 158 15
7 4 8 173 17
2 4 6 166 21
5 3 8 190 17
1 4 9 113 52
8 4 4 150 21
0 4 4 171 18
3 1 1 145 18
0 5 5 189 43
3 2 3 173 41
1 5 6 187 19
6 2 0 131 25
6 3 9 165 12
1 6 7 206 23
3 3 8 214 29
6 4 2 177 13
6 5 1 190 51
7 5 2 190 22
1 7 5 232 19
2 5 4 189 15
4 3 3 214 21
2 6 1 241 13
8 5 9 177 59
0 6 6 232 19
5 4 2 212 46
4 4 5 251 15
5 5 3 258 16
9 4 6 251 33
2 7 5 266 16
3 4 5 282 14
1 8 2 258 17
5 6 9 274 33
7 6 7 229 32
0 7 7 261 27
8 6 3 274 26
1 9 1 275 32
6 6 8 243 19
4 5 2 275 15
2 8 8 282 43
4 6 9 307 25
2 9 9 332 19
8 7 1 307 10
0 8 8 325 28
5 7 7 307 25
4 7 7 332 26
5 8 5 332 30
3 5 2 296 17
7 7 5 362 20
7 8 0 382 11
6 7 7 358 21
0 9 9 353 31
5 9 1 362 25
3 6 4 313 23
4 8 8 358 44
3 7 7 379 15
4 9 4 402 20
9 5 3 300 25
6 8 6 379 12
8 8 5 382 16
8 9 0 398 29
9 6 7 394 29
7 9 1 393 28
9 7 4 423 12
9 8 1 435 14
3 8 6 394 18
3 9 9 412 23
6 9 5 398 26
9 9 0 449 0
