9 0 0 0 5
4 0 0 5 78
5 0 9 0 66
6 0 8 0 23
4 1 1 83 47
9 1 1 130 19
2 0 9 66 28
2 1 8 94 44
0 0 9 94 11
9 2 2 149 20
0 1 8 138 93
2 2 7 138 26
0 2 0 231 48
6 1 9 105 76
8 0 9 181 79
9 3 3 169 12
3 0 0 279 18
6 2 6 181 45
9 4 4 181 94
3 1 1 297 58
4 2 7 164 29
3 2 3 355 62
9 5 5 275 60
4 3 5 335 16
2 3 6 226 66
0 3 7 279 76
0 4 6 355 13
8 1 8 260 69
6 3 7 355 75
5 1 8 329 51
5 2 3 417 12
7 0 9 260 56
0 5 5 368 71
2 4 4 292 68
8 2 2 329 82
9 6 6 368 99
1 0 8 380 52
3 3 2 417 46
4 4 4 360 29
0 6 3 439 59
4 5 6 467 57
6 4 5 439 24
0 7 2 498 90
6 5 3 498 18
8 3 4 411 16
6 6 4 516 83
8 4 5 463 62
8 5 3 525 41
7 1 8 432 83
5 3 7 430 64
1 1 9 432 76
7 2 7 515 80
6 7 2 599 15
5 4 5 525 67
2 5 5 592 74
1 2 0 508 84
4 6 3 566 78
7 3 6 595 16
8 6 6 611 91
1 3 7 595 73
7 4 4 611 31
6 8 1 614 88
5 5 4 642 15
7 5 5 666 93
0 8 4 657 10
2 6 3 666 27
4 7 2 644 87
4 8 8 731 39
7 6 3 759 30
5 6 6 702 66
4 9 9 770 73
2 7 2 731 14
0 9 1 702 65
8 7 7 702 35
5 7 2 768 26
5 8 1 794 20
7 7 2 794 29
8 8 0 737 34
8 9 1 814 75
7 8 1 889 66
5 9 0 814 98
9 7 7 737 31
3 4 6 768 25
3 5 4 793 6
9 8 8 770 96
6 9 0 912 17
9 9 9 866 63
2 8 1 955 6
2 9 0 961 21
1 4 5 759 56
3 6 5 815 60
3 7 7 875 28
7 9 0 982 28
1 5 4 815 10
3 8 8 903 80
3 9 9 983 30
1 6 6 825 26
1 7 2 851 43
1 8 3 894 39
1 9 1 961 49
