6 0 0 0 38
3 0 0 38 50
5 0 1 0 42
0 0 0 88 36
3 1 1 88 31
6 1 3 38 68
5 1 5 42 11
0 1 1 124 96
3 2 4 119 6
3 3 8 125 13
6 2 8 138 86
5 2 0 124 5
3 4 5 138 98
6 3 7 224 77
5 3 9 129 39
0 2 2 220 86
7 0 0 129 19
1 0 0 148 16
5 4 2 306 10
0 3 3 306 7
7 1 9 168 11
1 1 8 224 95
0 4 4 313 20
3 5 7 301 97
1 2 3 319 67
4 0 0 164 99
4 1 5 263 7
9 0 0 263 44
0 5 5 333 9
4 2 9 270 55
1 3 5 386 63
9 1 2 316 57
9 2 4 373 69
8 0 0 307 83
0 6 6 342 39
8 1 1 390 21
2 0 0 390 65
6 4 9 325 32
4 3 8 325 78
8 2 9 411 23
2 1 6 455 71
6 5 2 373 89
4 4 7 403 68
8 3 7 471 87
5 5 8 403 30
2 2 1 526 9
7 2 4 442 37
4 5 4 479 81
0 7 7 558 79
3 6 6 526 93
1 4 2 462 87
9 3 9 442 50
8 4 8 558 58
9 4 1 535 65
2 3 3 535 67
2 4 8 616 70
7 3 1 600 41
3 7 9 619 30
1 5 1 641 24
6 6 4 560 37
5 6 3 602 39
1 6 9 665 62
9 5 5 600 69
8 5 6 619 89
8 6 4 708 74
1 7 6 727 49
0 8 8 686 82
2 5 2 686 48
7 4 5 669 72
6 7 6 776 53
4 6 3 641 90
8 7 5 782 29
0 9 9 768 24
7 5 7 741 7
7 6 2 748 52
5 7 6 829 50
7 7 6 879 31
3 8 3 731 34
4 7 2 800 75
4 8 1 875 66
1 8 7 776 92
9 6 8 768 60
1 9 4 868 16
9 7 3 828 58
9 8 6 910 89
8 8 2 875 74
8 9 3 949 23
2 6 5 811 49
6 8 1 941 43
2 7 4 884 66
6 9 5 984 89
5 8 7 879 20
2 8 7 950 5
7 8 3 972 68
9 9 7 999 13
4 9 6 999 40
7 9 8 1040 10
2 9 9 955 96
5 9 4 950 51
3 9 2 949 83
