9 0 0 0 52
7 0 1 0 32
9 1 2 52 20
5 0 1 32 20
5 1 0 52 44
6 0 1 52 21
4 0 1 73 53
2 0 2 72 67
1 0 0 96 11
5 2 4 96 81
5 3 3 177 88
4 1 0 126 83
7 1 2 139 63
8 0 0 209 73
0 0 0 282 96
1 1 1 126 48
7 2 4 202 36
5 4 2 265 66
2 1 1 174 63
7 3 0 378 26
4 2 4 238 73
4 3 3 311 26
8 1 2 331 46
5 5 6 331 70
4 4 2 377 77
8 2 3 377 89
5 6 5 401 91
4 5 6 454 33
0 1 1 378 69
2 2 0 404 93
7 4 3 466 17
8 3 4 466 24
0 2 2 454 25
5 7 9 492 37
2 3 4 497 85
1 2 2 479 67
5 8 8 529 55
4 6 5 492 92
1 3 3 546 38
8 4 1 490 99
8 5 6 589 92
1 4 4 584 18
4 7 9 584 99
0 3 3 584 5
3 0 2 546 30
2 4 3 589 25
7 5 5 584 85
0 4 4 602 55
9 2 3 614 70
2 5 5 669 72
3 1 1 589 35
9 3 4 684 98
1 5 7 602 24
5 9 7 626 96
4 8 8 683 38
7 6 7 722 15
8 6 7 737 7
0 5 5 741 15
1 6 6 681 62
7 7 8 737 55
2 6 6 743 51
7 8 9 792 16
9 4 1 782 23
6 1 2 576 93
4 9 7 744 38
0 6 6 794 88
2 7 7 794 81
7 9 6 882 82
8 7 9 808 51
0 7 7 882 11
2 8 8 875 58
1 7 5 756 92
1 8 9 859 96
8 8 5 859 19
8 9 8 933 14
6 2 4 782 22
0 8 8 947 17
3 2 0 624 27
2 9 9 955 15
0 9 9 970 82
9 5 5 878 15
9 6 7 893 81
6 3 0 804 56
3 3 4 804 82
9 7 8 974 71
6 4 3 860 34
3 4 3 894 44
1 9 8 1045 81
6 5 6 964 40
3 5 7 974 92
9 8 9 1052 24
3 6 6 1066 25
3 7 5 1091 49
9 9 6 1091 81
3 8 9 1140 28
6 6 7 1066 53
6 7 9 1168 46
3 9 8 1168 77
6 8 5 1214 29
6 9 8 1245 63
