1 0 0 0 16
3 0 0 16 49
5 0 4 0 46
9 0 2 0 22
3 1 1 65 31
1 1 3 16 88
3 2 3 104 17
5 1 0 65 23
9 1 9 22 76
3 3 8 121 50
3 4 5 171 63
5 2 6 88 70
5 3 8 171 19
2 0 0 88 47
4 0 0 135 55
2 1 7 135 11
6 0 4 46 76
8 0 2 22 28
8 1 6 158 11
0 0 0 190 72
7 0 4 122 93
7 1 6 215 27
1 2 4 215 48
5 4 2 190 54
0 1 1 262 54
7 2 9 242 57
2 2 3 146 14
6 1 3 160 60
2 3 2 244 56
1 3 8 263 52
5 5 3 244 22
9 2 5 234 89
5 6 9 299 85
2 4 6 300 16
6 2 0 262 76
9 3 8 323 13
3 5 2 300 35
5 7 7 384 87
2 5 4 316 83
4 1 6 316 6
4 2 1 322 28
6 3 9 384 98
8 2 8 336 78
8 3 7 471 85
0 2 2 335 33
7 3 3 299 87
7 4 8 414 86
1 4 9 482 60
0 3 3 386 86
4 3 3 472 96
0 4 4 472 75
9 4 6 336 88
9 5 3 568 10
3 6 4 547 65
7 5 2 500 54
2 6 1 399 10
6 4 2 554 76
2 7 5 409 61
2 8 8 500 24
5 8 5 471 79
2 9 9 542 58
4 4 5 568 86
6 5 1 630 50
8 4 4 612 63
8 5 9 675 81
0 5 5 654 16
7 6 7 556 24
3 7 7 612 23
1 5 6 542 29
3 8 6 635 50
5 9 1 680 93
9 6 7 635 75
3 9 9 756 29
4 5 2 654 99
6 6 8 680 86
8 6 3 756 10
8 7 1 773 9
0 6 6 685 96
7 7 5 670 49
7 8 0 719 20
1 6 7 710 18
7 9 1 782 47
1 7 5 728 89
0 7 7 781 7
6 7 7 788 14
1 8 2 817 80
9 7 4 710 98
6 8 6 802 27
9 8 1 829 78
4 6 9 785 14
4 7 7 802 70
6 9 5 829 57
8 8 5 886 46
8 9 0 932 32
0 8 8 788 99
1 9 1 907 76
0 9 9 887 76
4 8 8 887 64
4 9 4 951 24
9 9 0 964 17
