4 0 0 0 34
2 0 9 0 12
9 0 0 34 43
4 1 1 34 74
3 0 0 77 77
9 1 1 108 63
6 0 8 0 52
9 2 2 171 83
4 2 7 108 48
4 3 5 156 44
2 1 8 52 26
3 1 1 171 73
4 4 4 200 92
7 0 9 12 81
9 3 3 254 29
9 4 4 292 52
6 1 9 93 43
1 0 8 78 34
0 0 9 136 66
6 2 6 136 5
5 0 9 202 8
3 2 3 283 82
3 3 2 365 75
1 1 9 210 99
7 1 8 112 23
8 0 9 309 79
2 2 7 156 64
7 2 7 220 23
2 3 6 220 92
7 3 6 312 75
4 5 6 387 40
2 4 4 344 67
9 5 5 344 98
7 4 4 411 78
0 1 8 202 13
6 3 7 243 78
5 1 8 215 85
5 2 3 365 58
4 6 3 427 60
8 1 8 388 55
6 4 5 442 12
0 2 0 215 93
0 3 7 321 91
6 5 3 487 62
5 3 7 423 97
8 2 2 443 88
2 5 5 454 28
6 6 4 549 21
8 3 4 570 21
2 6 3 549 66
9 6 6 442 54
4 7 2 531 62
9 7 7 520 39
7 5 5 489 56
9 8 8 559 33
4 8 8 593 22
1 2 0 309 62
0 4 6 496 14
6 7 2 593 80
5 4 5 545 92
3 4 6 510 84
3 5 4 594 19
1 3 7 559 65
7 6 3 615 51
8 4 5 637 83
2 7 2 673 83
7 7 2 756 39
2 8 1 756 38
7 8 1 795 53
4 9 9 615 67
2 9 0 794 58
9 9 9 682 23
7 9 0 852 96
0 5 5 720 70
6 8 1 848 60
5 5 4 637 89
5 6 6 726 75
8 5 3 720 93
6 9 0 948 31
0 6 3 813 99
5 7 2 801 77
5 8 1 908 95
3 6 5 790 18
1 4 5 808 62
0 7 2 912 53
5 9 0 1003 5
3 7 7 808 89
3 8 8 897 8
1 5 4 870 64
3 9 9 905 73
1 6 6 934 21
1 7 2 965 12
1 8 3 977 9
0 8 4 965 86
1 9 1 1003 75
8 6 6 955 47
0 9 1 1078 16
8 7 7 1002 10
8 8 0 1012 63
8 9 1 1094 14
