4 0 4 0 39
1 0 3 0 6
15 0 4 39 50
6 0 3 6 90
6 1 2 96 69
1 1 1 6 48
11 0 3 96 68
3 0 2 165 98
10 0 4 89 56
18 0 4 145 64
10 1 0 145 73
11 1 4 209 50
19 0 3 164 9
1 2 4 259 14
7 0 3 173 59
10 2 3 232 59
16 0 0 218 70
1 3 0 288 66
5 0 3 291 94
8 0 4 273 36
10 3 2 291 38
16 1 2 329 58
18 1 0 354 97
16 2 3 387 33
8 1 2 387 17
5 1 0 451 8
7 1 1 232 99
10 4 1 331 51
19 1 4 309 87
10 5 6 382 99
19 2 2 404 34
0 0 2 438 16
8 2 1 404 51
5 2 2 459 89
7 2 4 396 41
16 3 1 455 85
1 4 2 548 24
1 5 7 572 2
10 6 8 481 29
18 2 2 572 31
19 3 0 459 62
7 3 0 521 68
13 0 3 420 89
7 4 2 603 14
16 4 4 540 25
1 6 9 574 85
1 7 6 659 73
16 5 8 565 5
19 4 1 540 56
7 5 7 617 4
5 3 1 596 13
8 3 0 589 16
3 1 3 509 84
10 7 9 659 53
18 3 1 609 4
19 5 5 596 66
16 6 7 621 65
5 4 4 609 37
16 7 9 712 20
16 8 6 732 52
0 1 1 613 58
4 1 0 605 54
19 6 8 662 95
7 6 9 732 55
5 5 8 757 36
18 4 3 613 43
18 5 9 787 47
7 7 6 787 48
19 7 7 757 56
0 2 0 671 22
8 4 3 656 54
5 6 6 835 63
13 1 0 693 73
19 8 9 834 42
19 9 6 898 86
8 5 8 793 45
1 8 8 838 19
6 2 1 671 25
6 3 4 696 15
3 2 4 711 52
18 6 7 834 93
7 8 8 857 13
5 7 9 898 24
8 6 5 838 50
18 7 6 984 100
5 8 5 922 71
4 2 2 659 28
17 0 1 696 22
17 1 3 718 45
13 2 4 766 12
3 3 0 766 12
13 3 1 778 9
4 3 3 763 8
4 4 1 787 30
13 4 2 787 49
17 2 4 778 60
17 3 0 838 66
15 1 0 904 54
6 4 0 958 65
12 0 2 836 3
0 3 4 838 24
6 5 7 1023 52
13 5 5 993 11
3 4 1 817 96
17 4 2 904 5
3 5 9 922 60
3 6 6 1084 74
11 2 1 913 88
9 0 1 1001 75
17 5 7 1075 61
1 9 5 1004 99
0 4 3 862 53
9 1 0 1076 11
8 7 7 1136 98
13 6 8 1004 15
17 6 6 1158 73
13 7 7 1234 41
0 5 8 1019 9
4 5 8 1028 57
0 6 9 1028 57
13 8 9 1275 37
6 6 6 1231 56
3 7 8 1158 93
4 6 6 1287 75
3 8 5 1251 45
17 7 9 1312 60
17 8 5 1372 14
4 7 5 1386 9
6 7 9 1372 91
9 2 4 1087 55
4 8 7 1395 41
12 1 3 915 42
18 8 5 1395 10
10 8 5 1405 7
4 9 9 1463 19
15 2 3 958 85
8 8 6 1362 68
15 3 1 1076 47
11 3 2 1001 88
0 7 7 1436 63
11 4 0 1089 33
15 4 2 1123 45
12 2 0 1122 45
11 5 5 1412 47
12 3 1 1167 57
11 6 8 1459 52
9 3 2 1168 93
11 7 6 1511 26
9 4 3 1261 51
17 9 8 1511 44
0 8 5 1499 92
9 5 6 1537 61
8 9 9 1482 82
13 9 6 1598 10
0 9 6 1608 43
6 8 8 1555 83
9 6 9 1598 40
18 9 8 1638 51
3 9 7 1499 49
7 9 5 1591 15
5 9 7 1548 97
15 5 6 1651 99
6 9 5 1638 86
12 4 4 1224 28
16 9 5 1724 44
15 6 9 1750 39
12 5 5 1768 14
10 9 7 1645 72
15 7 5 1789 32
12 6 8 1782 22
11 8 9 1789 74
9 7 7 1717 19
9 8 8 1804 24
15 8 8 1828 87
12 7 9 1863 31
11 9 7 1863 68
9 9 5 1828 55
15 9 7 1931 56
12 8 6 1894 44
12 9 7 1987 38
2 0 4 1252 100
2 1 2 1352 90
2 2 0 1442 63
2 3 1 1505 14
2 4 3 1519 31
2 5 5 1883 27
2 6 9 1910 15
2 7 8 1925 1
2 8 6 1938 51
2 9 7 2025 33
14 0 3 1550 76
14 1 2 1626 97
14 2 4 1723 100
14 3 1 1823 92
14 4 0 1915 25
14 5 5 1940 8
14 6 9 1948 92
14 7 7 2058 51
14 8 6 2109 58
14 9 8 2167 65
