10 0 4 0 62
15 0 1 0 75
5 0 1 75 63
10 1 1 138 60
13 0 0 0 82
18 0 1 198 27
6 0 0 82 87
4 0 4 62 73
12 0 1 225 5
8 0 3 0 16
11 0 2 0 66
13 1 3 82 84
4 1 3 166 87
0 0 3 253 19
2 0 4 135 79
2 1 3 272 80
8 1 0 169 84
14 0 4 214 55
12 1 3 352 92
3 0 2 66 76
7 0 4 269 70
0 1 2 272 27
5 1 0 253 49
14 1 0 302 57
1 0 2 299 69
2 2 0 359 86
14 2 3 444 63
18 1 0 445 77
9 0 3 507 8
18 2 4 522 13
15 1 2 368 47
1 1 0 522 30
17 0 2 415 85
0 2 1 299 39
5 2 2 500 16
11 1 1 338 71
19 0 1 409 34
10 2 3 515 64
8 2 1 443 58
14 3 2 516 24
2 3 2 540 55
9 1 0 552 10
16 0 0 562 91
11 2 3 579 23
0 3 4 535 13
17 1 1 501 31
0 4 0 653 25
5 3 3 602 55
5 4 4 657 9
19 1 2 595 12
12 2 4 666 6
16 1 4 672 25
7 1 2 607 22
10 3 2 629 12
11 3 4 697 75
19 2 3 657 31
0 5 8 678 37
13 2 1 532 24
5 5 9 666 73
19 3 0 688 24
10 4 0 712 39
16 2 2 697 10
4 2 1 556 74
10 5 5 751 2
16 3 1 707 21
0 6 9 739 40
5 6 5 753 61
11 4 0 772 78
6 1 1 728 71
19 4 4 772 24
10 6 7 753 64
19 5 7 817 16
10 7 6 817 87
16 4 3 728 94
11 5 7 850 74
7 2 0 850 73
14 4 1 799 40
5 7 8 814 34
5 8 6 904 82
14 5 7 924 30
2 4 1 839 54
14 6 6 986 37
18 3 2 707 30
9 2 1 893 3
18 4 3 822 2
6 2 4 799 43
4 3 0 923 39
12 3 0 962 69
8 3 4 842 7
11 6 6 1023 35
13 3 2 737 47
4 4 2 962 98
0 7 5 814 54
2 5 8 893 81
8 4 2 1060 9
12 4 2 1069 80
3 1 3 824 15
7 3 3 923 62
0 8 7 954 74
5 9 7 1028 46
18 5 5 868 88
15 2 3 985 68
17 2 0 1031 94
19 6 5 956 6
10 8 9 904 21
8 5 5 1069 8
2 6 6 1058 72
12 5 7 1149 13
14 7 5 1077 99
19 7 9 962 88
16 5 8 974 6
7 4 1 985 64
4 5 9 1060 100
13 4 4 849 93
19 8 8 1050 81
16 6 7 1162 59
14 8 8 1176 88
18 6 7 1221 4
9 3 4 942 41
18 7 9 1225 39
6 3 3 1053 80
4 6 5 1176 43
12 6 5 1219 17
8 6 6 1130 10
11 7 9 1264 24
13 5 7 1225 85
4 7 8 1264 17
0 9 6 1140 93
2 7 7 1310 86
8 7 7 1396 17
12 7 9 1288 89
3 2 1 1049 26
7 5 5 1236 25
18 8 6 1264 53
15 3 0 1125 7
17 3 4 1125 94
19 9 6 1317 11
10 9 8 1281 60
16 7 5 1261 84
11 8 8 1341 23
7 6 8 1364 19
14 9 9 1377 41
2 8 5 1396 59
18 9 8 1383 54
9 4 2 1149 3
6 4 2 1152 39
4 8 7 1413 7
12 8 6 1377 80
8 8 8 1437 42
11 9 5 1455 50
13 6 5 1505 34
2 9 9 1455 75
8 9 9 1530 65
12 9 8 1479 47
3 3 0 1132 17
7 7 6 1457 69
15 4 4 1219 78
3 4 4 1297 30
7 8 9 1595 41
6 5 7 1420 70
13 7 6 1539 73
3 5 8 1526 44
1 2 4 1327 1
9 5 7 1490 40
15 5 7 1530 80
1 3 3 1328 4
17 4 3 1332 11
9 6 8 1570 56
16 8 9 1636 75
17 5 5 1539 21
16 9 6 1711 70
13 8 8 1626 28
4 9 6 1781 77
6 6 8 1654 18
9 7 5 1626 53
15 6 6 1858 2
1 4 1 1332 64
9 8 9 1711 96
17 6 9 1807 7
7 9 7 1636 28
13 9 9 1814 91
1 5 7 1664 71
6 7 6 1860 41
9 9 6 1901 13
15 7 9 1905 23
1 6 5 1735 2
17 7 6 1914 61
17 8 8 1975 50
6 8 9 1928 79
3 6 7 1735 91
1 7 9 2007 84
6 9 5 2007 44
3 7 6 1975 83
1 8 6 2091 31
15 8 8 2025 49
3 8 5 2058 52
1 9 8 2122 8
3 9 9 2110 68
15 9 5 2110 50
17 9 7 2025 93
