15 0 4 0 24
14 0 1 0 16
14 1 3 16 46
1 0 1 16 5
12 0 3 62 90
1 1 4 24 64
11 0 0 0 75
14 2 4 88 34
0 0 2 0 16
7 0 0 75 23
18 0 0 98 2
4 0 0 100 17
16 0 1 21 56
4 1 3 152 16
17 0 2 16 85
11 1 2 101 96
9 0 2 197 29
15 1 1 77 73
12 1 4 152 64
16 1 2 226 51
1 2 3 168 30
14 3 2 277 23
11 2 1 197 21
16 2 0 277 3
0 1 0 280 59
4 2 4 216 41
7 1 3 198 67
4 3 1 257 78
16 3 4 280 87
17 1 3 265 3
11 3 3 268 90
14 4 0 339 77
16 4 3 367 25
7 2 1 335 39
4 4 2 335 100
0 2 4 367 10
17 2 4 377 21
16 5 5 392 62
4 5 5 454 55
17 3 0 416 49
11 4 4 398 55
13 0 3 392 57
17 4 1 465 79
16 6 7 454 11
4 6 8 509 27
11 5 6 453 23
11 6 7 476 40
4 7 6 536 2
14 5 7 516 68
17 5 8 544 38
12 2 0 465 72
1 3 2 435 14
14 6 8 584 14
7 3 4 453 98
15 2 2 449 92
16 7 8 598 88
7 4 2 551 63
11 7 9 516 76
14 7 9 598 54
16 8 6 686 68
18 1 3 449 55
9 1 1 544 17
15 3 0 541 43
4 8 7 584 87
12 3 2 614 33
15 4 3 584 42
9 2 0 584 6
7 5 8 686 83
17 6 5 582 37
13 1 1 561 84
13 2 2 647 87
4 9 9 671 55
15 5 5 626 81
12 4 1 647 59
7 6 5 769 45
1 4 0 590 96
7 7 6 814 89
1 5 9 726 11
13 3 4 734 2
1 6 8 769 73
17 7 9 737 72
13 4 0 736 68
13 5 8 842 4
19 0 4 736 69
12 5 7 706 51
7 8 9 903 81
0 3 3 626 95
18 2 1 706 31
17 8 7 809 18
1 7 7 842 35
12 6 6 903 74
0 4 1 737 64
18 3 2 737 29
15 6 7 877 99
9 3 3 721 74
13 6 5 846 77
9 4 4 805 51
9 5 9 984 14
19 1 3 805 64
11 8 8 846 55
13 7 6 977 37
13 8 7 1014 37
7 9 7 1051 44
17 9 6 1014 18
11 9 5 923 45
16 9 9 998 29
12 7 5 977 85
0 5 8 901 92
18 4 4 856 98
9 6 6 1032 2
0 6 9 1027 56
18 5 5 1062 92
0 7 7 1095 3
15 7 8 993 88
13 9 9 1083 94
18 6 6 1154 43
12 8 9 1177 76
1 8 6 1197 93
15 8 9 1253 80
18 7 8 1197 99
9 7 5 1154 56
12 9 8 1296 38
9 8 7 1210 49
3 0 4 954 29
14 8 5 1210 37
14 9 6 1290 99
0 8 5 1247 73
0 9 6 1389 17
1 9 5 1320 12
18 8 7 1296 67
9 9 8 1334 14
15 9 6 1406 5
18 9 9 1363 41
19 2 0 869 61
2 0 3 869 35
19 3 1 930 13
3 1 3 983 21
2 1 4 983 75
19 4 2 943 31
3 2 0 1004 52
3 3 2 1056 93
2 2 0 1058 54
2 3 1 1112 30
19 5 5 1332 6
19 6 8 1348 84
2 4 2 1149 83
2 5 9 1404 20
2 6 8 1432 29
3 4 1 1149 20
3 5 5 1338 5
2 7 7 1461 38
2 8 6 1499 90
19 7 9 1432 94
19 8 7 1526 32
19 9 6 1589 54
2 9 5 1589 39
3 6 7 1558 11
3 7 8 1569 53
3 8 9 1622 56
3 9 6 1678 98
10 0 3 1004 75
10 1 2 1232 10
10 2 4 1242 1
10 3 0 1243 35
6 0 3 1079 41
6 1 1 1169 57
8 0 1 1226 88
8 1 0 1314 59
6 2 4 1243 37
10 4 1 1314 99
6 3 0 1373 64
6 4 2 1437 92
8 2 3 1373 39
8 3 2 1529 63
6 5 6 1776 19
8 4 4 1592 91
10 5 7 1569 56
10 6 5 1628 95
10 7 9 1723 78
10 8 6 1801 53
8 5 8 1683 36
8 6 5 1723 44
6 6 9 1801 47
10 9 8 1854 82
6 7 7 1848 94
6 8 8 1942 79
8 7 6 1854 45
8 8 9 1899 43
6 9 5 2021 21
8 9 7 1942 12
5 0 3 1412 97
5 1 1 1509 32
5 2 4 1683 84
5 3 2 1767 71
5 4 0 1838 38
5 5 9 1942 64
5 6 7 2006 16
5 7 5 2042 5
5 8 6 2047 41
5 9 8 2088 41
