1 0 3 0 34
0 0 3 34 8
9 0 6 0 36
8 0 6 36 71
5 0 0 0 56
19 0 6 107 67
3 0 2 0 41
6 0 0 56 90
4 0 0 146 48
16 0 2 41 80
17 0 4 0 33
17 1 2 121 20
16 1 6 174 14
17 2 3 141 74
17 3 6 215 20
9 1 4 36 46
0 1 4 82 73
19 1 2 174 46
3 1 0 194 72
6 1 4 155 75
4 1 1 194 44
16 2 0 266 67
17 4 5 235 3
17 5 0 333 90
9 2 1 238 50
8 1 5 238 64
12 0 1 288 62
0 2 2 220 49
3 2 1 350 91
3 3 4 441 52
5 1 6 235 42
5 2 2 277 42
18 0 6 277 47
5 3 3 319 93
6 2 6 324 9
2 0 0 423 8
0 3 5 302 24
8 2 2 319 40
13 0 5 326 45
1 1 2 359 33
9 3 5 371 87
8 3 0 431 32
9 4 3 458 33
8 4 3 491 92
5 4 1 441 80
19 2 3 583 25
3 4 5 493 30
6 3 1 521 46
16 3 5 523 15
17 6 1 567 37
8 5 1 604 59
12 1 0 463 86
18 1 4 493 63
6 4 2 567 91
0 4 6 333 81
17 7 13 604 56
5 5 4 556 54
19 3 1 663 2
0 5 1 665 68
4 2 5 538 49
16 4 1 733 14
9 5 2 658 94
8 6 4 663 69
12 2 2 752 57
0 6 0 733 23
3 5 3 608 1
4 3 6 587 92
5 6 5 610 94
5 7 12 704 80
18 2 3 609 1
5 8 14 784 69
6 5 3 658 93
2 1 6 679 20
8 7 13 732 68
13 1 3 751 30
1 2 5 704 7
1 3 1 747 69
9 6 0 756 3
5 9 11 853 39
19 4 5 711 22
9 7 14 853 60
7 0 0 759 55
10 0 1 816 53
6 6 5 751 93
19 5 4 733 8
3 6 6 699 92
6 7 14 913 77
19 6 0 814 22
3 7 13 800 52
4 4 3 781 29
16 5 3 810 97
17 8 12 784 38
12 3 6 809 80
2 2 3 907 52
3 8 8 852 41
18 3 0 836 28
4 5 2 810 29
0 7 12 822 69
8 8 14 990 34
13 2 0 864 57
9 8 11 913 45
5 10 8 893 85
19 7 13 852 64
0 8 8 978 74
15 0 6 889 68
17 9 8 1052 7
14 0 6 957 49
11 0 2 839 1
10 1 0 921 34
6 8 9 990 63
3 9 9 1053 45
6 9 11 1053 50
16 6 4 907 23
17 10 14 1059 84
2 3 4 959 83
18 4 2 864 99
0 9 10 1052 45
18 5 1 963 41
2 4 5 1042 18
13 3 6 1006 68
1 4 4 1042 54
19 8 7 916 82
13 4 1 1074 61
7 1 2 963 90
10 2 5 1060 56
13 5 2 1135 34
11 1 5 1116 97
0 10 11 1103 4
9 9 13 958 84
9 10 9 1098 1
5 11 10 1097 95
19 9 12 998 99
0 11 14 1143 59
15 1 5 1213 18
4 6 4 1096 88
16 7 8 1059 45
12 4 5 1231 37
2 5 2 1169 82
18 6 5 1268 45
4 7 14 1202 14
8 9 12 1097 71
16 8 10 1192 1
15 2 0 1231 87
18 7 14 1313 60
6 10 12 1168 82
2 6 1 1251 68
18 8 13 1373 2
4 8 10 1216 99
8 10 8 1168 28
17 11 9 1143 100
8 11 9 1243 94
12 5 3 1268 94
18 9 7 1375 25
6 11 13 1375 74
0 12 9 1337 25
17 12 11 1243 41
19 10 11 1284 79
0 13 7 1400 70
4 9 8 1315 22
9 11 8 1337 38
8 12 7 1470 82
12 6 4 1362 77
0 14 13 1470 68
3 10 14 1373 43
6 12 8 1449 67
13 6 4 1439 2
1 5 6 1096 18
1 6 0 1318 38
9 12 10 1375 22
19 11 10 1397 87
9 13 12 1397 39
7 2 6 1114 11
10 3 6 1125 97
6 13 7 1552 72
19 12 8 1516 71
3 11 12 1436 97
17 13 10 1484 6
13 7 7 1624 57
15 3 3 1362 6
14 1 4 1441 53
11 2 0 1356 77
10 4 3 1368 95
1 7 8 1587 28
7 3 3 1463 60
11 3 4 1494 82
15 4 4 1576 13
7 4 4 1589 75
14 2 1 1494 51
14 3 2 1545 4
15 5 2 1589 9
14 4 0 1549 17
11 4 6 1576 14
8 13 10 1552 1
12 7 7 1681 72
19 13 9 1587 24
14 5 5 1566 21
11 5 1 1590 18
3 12 10 1553 64
12 8 9 1753 26
1 8 12 1615 12
7 5 1 1664 23
10 5 4 1664 32
1 9 14 1627 50
14 6 3 1587 31
14 7 10 1618 45
7 6 5 1687 74
15 6 1 1687 40
9 14 7 1753 50
7 7 11 1761 54
10 6 2 1696 28
19 14 14 1677 19
12 9 11 1815 41
2 7 7 1803 50
13 8 13 1681 96
15 7 8 1727 83
14 8 13 1777 45
11 6 3 1618 74
10 7 14 1724 48
12 10 10 1856 7
13 9 9 1779 10
15 8 7 1853 95
14 9 9 1822 63
11 7 14 1772 52
13 10 12 1789 85
4 10 13 1822 79
18 10 8 1810 59
2 8 14 1853 54
13 11 14 1907 42
1 10 10 1863 66
1 11 7 1948 81
10 8 7 2029 54
3 13 11 1856 71
3 14 7 2083 76
4 11 9 1901 93
16 9 11 1927 5
12 11 8 1869 56
2 9 11 1932 6
18 11 9 1994 39
4 12 12 1994 69
8 14 11 1938 58
13 12 10 1949 93
15 9 12 2063 27
14 10 11 1996 21
11 8 11 2017 14
10 9 12 2090 98
16 10 14 1949 87
2 10 10 2042 73
13 13 8 2042 89
1 12 9 2033 81
7 8 7 2159 97
10 10 8 2188 84
11 9 12 2188 93
15 10 10 2115 94
16 11 7 2256 34
12 12 13 1925 98
16 12 12 2290 12
15 11 14 2209 68
12 13 14 2277 67
12 14 12 2344 47
1 13 13 2114 91
1 14 11 2205 66
7 9 12 2391 32
10 11 9 2272 77
15 12 11 2277 22
14 11 8 2272 4
11 10 9 2349 35
4 13 11 2299 63
16 13 9 2384 98
7 10 13 2423 67
14 12 7 2290 23
4 14 7 2362 68
15 13 13 2490 28
14 13 14 2344 90
11 11 8 2384 34
15 14 9 2518 66
18 12 10 2209 76
5 12 13 2518 12
18 13 11 2362 89
2 11 13 2530 48
13 14 11 2451 43
7 11 10 2490 15
10 12 10 2505 46
16 14 13 2578 35
17 14 7 2430 97
2 12 9 2584 20
18 14 12 2451 5
14 14 12 2456 1
11 12 13 2613 84
10 13 13 2697 65
2 13 8 2604 93
5 13 9 2604 28
5 14 7 2632 64
6 14 10 2551 76
2 14 12 2697 99
7 12 14 2505 48
10 14 11 2762 94
11 13 10 2697 6
7 13 8 2697 100
11 14 7 2703 81
7 14 9 2797 55
