13 0 0 0 29
18 0 0 29 7
2 0 1 0 26
9 0 6 0 85
4 0 3 0 57
15 0 5 0 59
8 0 6 85 1
5 0 4 0 10
13 1 6 86 34
4 1 0 57 55
7 0 4 10 47
8 1 1 86 10
5 1 2 10 81
4 2 1 112 21
9 1 2 91 47
17 0 2 138 29
19 0 3 57 63
14 0 6 120 44
1 0 2 167 89
7 1 5 59 70
12 0 3 120 86
15 1 4 59 47
10 0 0 112 17
18 1 6 164 60
13 2 1 133 53
4 3 5 133 84
19 1 0 129 89
9 2 4 138 45
11 0 6 224 9
14 1 4 183 91
17 1 4 274 99
10 1 2 256 21
13 3 3 206 7
11 1 0 233 87
5 2 1 186 13
8 2 0 320 72
2 1 6 233 96
5 3 3 213 78
19 2 2 277 2
9 3 1 199 99
10 2 3 291 87
19 3 1 298 46
18 2 3 378 31
2 2 3 409 32
17 2 3 441 17
5 4 0 392 78
3 0 3 458 37
18 3 5 409 76
8 3 3 495 59
19 4 6 344 86
11 2 4 373 34
14 2 1 344 91
17 3 0 470 96
10 3 6 430 41
5 5 5 485 10
8 4 4 554 92
2 3 4 646 75
5 6 6 495 48
19 5 5 495 74
5 7 9 543 37
18 4 1 485 23
8 5 5 646 53
14 3 2 435 58
18 5 2 508 83
3 1 2 591 36
0 0 1 508 16
5 8 11 580 21
7 2 6 543 7
1 1 1 524 94
19 6 4 721 1
11 3 1 618 62
7 3 2 627 72
15 2 1 680 56
6 0 6 550 100
6 1 2 699 52
12 1 1 736 37
1 2 0 618 86
7 4 0 704 62
1 3 3 704 13
7 5 3 766 30
1 4 6 717 54
18 6 4 722 30
15 3 6 771 39
16 0 4 752 24
18 7 8 752 73
14 4 0 766 77
17 4 1 773 50
10 4 5 699 41
5 9 7 601 88
8 6 2 751 89
2 4 5 740 9
5 10 12 689 75
19 7 7 722 34
18 8 14 825 76
14 5 3 843 51
18 9 11 901 17
15 4 2 840 7
10 5 4 776 31
18 10 10 918 53
13 4 5 749 19
19 8 9 756 30
11 4 3 894 56
14 6 5 894 14
17 5 5 908 67
11 5 5 975 66
5 11 14 901 11
8 7 14 912 52
2 5 0 843 57
5 12 13 912 55
8 8 7 964 48
2 6 2 900 39
5 13 10 971 93
19 9 12 786 19
18 11 13 971 9
14 7 13 980 1
18 12 12 980 72
8 9 8 1012 8
5 14 8 1064 51
13 5 4 807 26
4 4 2 939 23
7 6 1 823 95
8 10 13 1020 69
4 5 6 962 79
9 4 0 900 39
17 6 6 1041 91
19 10 13 1089 48
14 8 9 981 17
1 5 4 833 41
7 7 10 1064 18
12 2 2 962 49
15 5 0 939 43
10 6 1 918 96
18 13 7 1052 89
13 6 2 1011 63
4 6 4 1041 90
19 11 11 1137 75
9 5 5 1041 32
11 6 2 1074 95
14 9 7 1141 55
17 7 10 1132 91
10 7 8 1115 17
13 7 12 1074 22
11 7 9 1169 56
8 11 10 1223 49
2 7 12 1096 54
19 12 8 1212 72
9 6 3 1073 87
10 8 11 1212 95
19 13 14 1284 47
18 14 9 1225 24
2 8 14 1331 28
17 8 13 1223 14
3 2 5 1073 63
8 12 9 1272 26
19 14 10 1331 58
11 8 14 1359 42
14 10 12 1196 40
17 9 12 1237 14
10 9 13 1307 29
9 7 10 1389 56
2 9 10 1445 8
8 13 12 1298 76
14 11 8 1284 95
3 3 0 1136 24
0 1 6 1132 58
7 8 9 1298 65
1 6 5 1136 55
11 9 8 1401 86
15 6 3 1160 39
6 2 3 1199 54
6 3 1 1253 37
12 3 0 1160 2
1 7 7 1196 98
15 7 13 1336 75
16 1 1 1290 30
14 12 14 1401 31
17 10 7 1294 19
10 10 14 1432 3
8 14 11 1374 97
2 10 11 1471 30
14 13 11 1501 54
10 11 10 1453 71
16 2 3 1320 97
1 8 13 1411 38
7 9 7 1363 69
1 9 14 1449 80
7 10 13 1449 89
1 10 9 1529 1
15 8 10 1524 43
16 3 6 1417 17
14 14 10 1567 37
17 11 8 1487 36
10 12 7 1524 64
2 11 13 1538 57
15 9 12 1567 32
13 8 10 1604 98
12 4 6 1434 30
3 4 6 1464 71
11 10 7 1588 68
15 10 9 1599 6
13 9 13 1702 77
4 7 11 1555 8
9 8 8 1523 98
11 11 12 1656 82
17 12 11 1563 11
2 12 9 1605 75
9 9 11 1621 13
2 13 7 1680 9
17 13 14 1574 83
3 5 1 1535 97
3 6 4 1632 74
0 2 2 1190 22
0 3 4 1706 24
7 11 8 1621 89
1 11 11 1634 100
7 12 14 1710 64
1 12 12 1738 90
6 4 5 1290 26
6 5 4 1730 74
9 10 7 1689 96
3 7 14 1774 19
16 4 0 1434 7
3 8 12 1828 45
0 4 5 1730 53
1 13 10 1828 63
12 5 5 1783 63
1 14 8 1891 14
6 6 0 1804 87
6 7 8 1905 13
12 6 4 1846 4
16 5 2 1441 55
16 6 5 1846 8
0 5 3 1783 9
4 8 14 1793 59
12 7 14 1852 47
6 8 12 1918 88
12 8 8 1918 84
16 7 7 1854 70
0 6 0 1891 57
10 13 9 1680 97
13 10 14 1899 11
11 12 10 1891 82
15 11 11 1734 93
10 14 12 2006 31
13 11 7 1924 87
13 12 9 2011 5
9 11 12 2037 71
3 9 8 2002 24
3 10 11 2026 71
3 11 13 2097 53
0 7 10 1973 63
6 9 10 2036 94
9 12 14 2108 95
13 13 11 2097 44
0 8 8 2036 92
7 13 12 2108 81
7 14 11 2189 25
15 12 7 2011 69
6 10 14 2203 73
12 9 10 2130 5
15 13 8 2128 47
16 8 10 2135 87
16 9 8 2222 29
3 12 10 2222 61
0 9 12 2189 43
13 14 8 2251 42
12 10 13 2150 13
12 11 9 2163 39
15 14 14 2276 93
11 13 13 2163 52
4 9 10 2283 99
9 13 9 2203 11
11 14 11 2215 97
17 14 9 2214 6
2 14 8 2293 41
16 10 12 2251 20
3 13 9 2283 6
0 10 7 2232 41
6 11 7 2276 55
6 12 11 2331 68
12 12 12 2271 18
16 11 13 2271 29
3 14 7 2331 32
0 11 13 2300 26
6 13 9 2399 50
4 10 9 2449 41
6 14 13 2449 88
12 13 7 2363 76
16 12 11 2399 51
12 14 11 2450 63
16 13 9 2490 14
0 12 14 2369 20
0 13 9 2504 44
4 11 12 2490 68
4 12 8 2558 14
16 14 14 2504 32
0 14 11 2548 93
4 13 13 2572 4
9 14 13 2576 78
4 14 7 2576 55
