8 0 1 0 34
7 0 4 0 3
11 0 4 3 70
10 0 0 0 31
5 0 0 31 98
10 1 2 31 66
7 1 1 34 59
3 0 4 73 1
19 0 1 93 13
17 0 0 129 50
19 1 4 106 14
15 0 0 179 5
8 1 2 97 55
19 2 0 184 90
14 0 3 0 62
18 0 0 274 47
6 0 3 62 51
8 2 3 152 97
0 0 2 152 19
7 2 0 321 53
14 1 0 374 31
17 1 2 179 28
0 1 1 171 30
0 2 3 249 80
13 0 4 120 81
7 3 3 374 20
2 0 4 201 90
1 0 2 207 74
9 0 4 291 77
1 1 4 368 79
5 1 1 201 73
13 1 0 405 37
5 2 4 447 15
10 2 1 274 58
7 4 2 394 19
17 2 1 332 64
16 0 3 394 26
3 1 3 420 22
19 3 2 413 77
3 2 2 490 1
8 3 0 442 93
14 2 4 462 63
17 3 4 525 34
19 4 3 490 80
15 1 2 491 55
14 3 2 546 31
17 4 3 570 63
13 2 1 442 2
2 1 3 633 33
1 2 1 447 39
8 4 4 559 90
7 5 6 413 20
11 1 1 486 25
7 6 9 433 16
3 3 0 535 77
19 5 9 570 30
15 2 3 666 62
8 5 7 649 81
14 4 1 577 5
18 1 2 577 23
6 1 4 649 47
0 3 0 612 84
16 1 1 582 50
16 2 2 632 58
12 0 1 632 67
4 0 2 690 63
12 1 4 699 62
16 3 0 696 22
3 4 1 699 33
5 3 3 728 21
16 4 4 761 68
5 4 2 753 32
12 2 3 761 12
4 1 4 829 5
3 5 6 732 98
11 2 2 785 75
19 6 7 730 31
17 5 7 761 9
15 3 1 732 82
8 6 5 730 63
14 5 9 600 7
18 2 1 814 23
6 2 2 860 30
8 7 8 793 41
0 4 4 834 14
14 6 7 770 77
17 6 9 770 48
0 5 8 848 51
13 3 3 773 39
2 2 1 837 38
1 3 0 718 7
9 1 3 812 87
1 4 3 899 66
17 7 6 830 63
14 7 8 899 34
8 8 6 893 1
5 5 7 847 24
15 4 4 848 80
14 8 6 933 34
2 3 2 890 73
9 2 1 899 92
16 5 7 871 12
3 6 5 830 4
5 6 9 871 9
13 4 2 963 17
16 6 6 967 9
12 3 2 980 55
3 7 9 880 27
3 8 8 933 8
18 3 4 928 82
8 9 9 907 51
18 4 3 1010 98
6 3 1 991 16
13 5 7 980 74
2 4 0 963 61
12 4 0 1035 62
17 8 8 941 61
9 3 2 1035 83
1 5 9 965 6
5 7 8 1002 24
19 7 5 834 36
0 6 5 899 73
0 7 6 976 91
19 8 6 1067 51
2 5 8 1026 61
14 9 5 972 3
15 5 6 1118 6
0 8 7 1067 81
6 4 0 1097 51
12 5 5 1097 58
4 2 1 1007 95
12 6 8 1155 66
1 6 5 1155 93
9 4 0 1148 45
18 5 7 1148 66
6 5 5 1248 41
13 6 6 1124 71
2 6 7 1214 76
12 7 7 1290 73
3 9 7 1363 68
9 5 7 1431 75
16 7 9 976 34
10 3 4 1010 17
19 9 8 1221 69
15 6 8 1290 7
18 6 6 1214 78
6 6 6 1292 79
0 9 9 1148 71
13 7 8 1297 61
2 7 5 1290 86
1 7 8 1358 76
9 6 9 1506 60
1 8 6 1434 21
16 8 5 1376 90
5 8 5 1466 7
13 8 5 1473 42
10 4 3 1108 94
5 9 6 1473 34
10 5 5 1515 63
18 7 8 1434 100
6 7 7 1506 79
13 9 9 1566 5
6 8 9 1585 3
7 7 7 1585 90
17 9 5 1578 2
2 8 9 1588 28
9 7 6 1566 75
16 9 8 1534 87
7 8 5 1675 96
2 9 6 1641 35
9 8 5 1771 93
10 6 7 1675 80
11 3 0 1193 89
1 9 7 1755 76
10 7 9 1755 61
15 7 7 1831 29
11 4 3 1282 41
15 8 5 1864 80
18 8 9 1816 79
6 9 8 1621 72
12 8 6 1676 55
4 3 0 1282 7
12 9 9 1895 1
9 9 8 1864 33
15 9 9 1944 89
18 9 5 1944 32
7 9 8 1897 18
10 8 6 1816 78
11 5 7 1860 100
10 9 8 1915 52
11 6 5 1976 73
4 4 3 1323 50
11 7 6 2049 28
4 5 8 1967 46
4 6 9 2033 28
11 8 8 2077 94
11 9 9 2171 88
4 7 6 2077 70
4 8 5 2147 60
4 9 7 2207 34
