13 0 2 0 44
8 0 1 0 69
6 0 3 0 29
1 0 3 29 34
5 0 4 0 48
19 0 1 69 7
5 1 5 48 50
7 0 4 48 31
14 0 2 44 72
8 1 2 116 27
1 1 4 79 29
0 0 5 98 8
16 0 5 106 82
18 0 1 76 39
12 0 5 188 50
6 1 0 29 25
10 0 4 108 89
13 1 3 63 77
6 2 6 54 44
0 1 3 140 73
1 2 2 143 69
13 2 5 238 26
0 2 0 213 69
4 0 2 212 15
15 0 2 227 60
10 1 6 197 20
19 1 4 197 14
19 2 3 213 79
13 3 1 264 42
0 3 2 287 38
6 3 5 264 87
4 1 0 282 61
15 1 6 287 28
8 2 0 343 76
15 2 5 351 33
13 4 4 306 9
0 4 6 325 6
6 4 2 351 42
4 2 3 343 47
16 1 2 393 12
18 1 5 384 19
12 1 2 405 13
1 3 0 419 5
5 2 2 418 66
16 2 3 405 11
8 3 5 419 19
4 3 4 390 38
13 5 6 331 73
19 3 2 484 27
13 6 0 424 60
0 5 4 428 62
6 5 1 393 44
4 4 6 428 49
15 3 1 437 36
8 4 6 477 86
15 4 0 484 6
13 7 9 484 61
0 6 1 490 78
6 6 4 490 86
4 5 5 477 21
18 2 0 490 19
12 2 3 418 49
13 8 10 545 85
1 4 5 498 63
13 9 12 630 14
0 7 9 568 79
6 7 8 576 28
4 6 1 568 6
1 5 1 574 82
10 2 1 656 27
0 8 8 647 59
16 3 4 576 61
10 3 5 683 78
11 0 6 563 1
6 8 10 630 86
5 3 0 509 92
17 0 5 761 72
8 5 3 563 16
16 4 1 683 21
5 4 6 601 2
6 9 9 716 74
18 3 4 637 73
13 10 11 644 92
19 4 6 603 43
13 11 7 736 100
0 9 13 706 77
6 10 14 790 77
19 5 0 646 96
0 10 11 783 22
4 7 11 805 8
15 5 3 579 96
8 6 4 710 31
15 6 4 741 48
0 11 10 805 80
4 8 8 813 71
16 5 0 742 21
12 3 6 646 75
13 12 14 867 49
9 0 2 511 75
3 0 2 586 50
11 1 2 636 10
2 0 1 704 52
9 1 3 675 78
2 1 2 756 30
6 11 13 867 59
8 7 12 741 33
0 12 12 885 58
6 12 12 943 94
18 4 6 721 63
3 1 4 789 20
0 13 14 943 49
16 6 6 784 34
11 2 4 809 84
4 9 14 992 83
15 7 9 790 40
8 8 9 830 69
15 8 11 830 79
0 14 7 992 48
6 13 7 1040 58
4 10 13 1075 24
18 5 3 784 30
12 4 1 756 42
1 6 6 818 94
6 14 11 1098 16
4 11 12 1099 18
1 7 14 1075 17
16 7 12 1117 86
11 3 5 893 72
5 5 3 814 58
17 1 0 833 13
8 9 13 1099 19
5 6 1 872 23
18 6 2 814 69
12 5 0 846 81
19 6 5 965 24
9 2 6 912 41
19 7 11 1114 30
15 9 10 909 60
12 6 4 927 89
9 3 4 1016 60
3 2 3 872 24
2 2 0 927 25
9 4 5 1076 59
2 3 6 953 17
18 7 9 899 36
3 3 0 952 53
18 8 7 1098 13
12 7 9 1016 100
19 8 7 1144 27
4 12 9 1117 33
8 10 10 1118 43
18 9 10 1161 96
10 4 3 896 2
19 9 12 1203 2
3 4 1 1005 97
15 10 8 969 39
15 11 13 1118 34
1 8 11 1144 94
8 11 14 1161 9
3 5 5 1135 79
3 6 6 1214 92
10 5 2 898 21
15 12 7 1171 54
13 13 8 1008 46
5 7 9 1150 84
8 12 11 1238 37
16 8 14 1203 53
5 8 8 1234 66
16 9 8 1300 7
7 1 3 898 58
1 9 9 1238 29
8 13 7 1275 35
16 10 9 1307 4
18 10 12 1257 27
12 8 14 1256 54
5 9 10 1300 12
7 2 0 1005 94
14 1 0 1099 53
16 11 7 1311 95
12 9 13 1310 37
10 6 0 1152 55
4 13 7 1406 70
15 13 12 1284 20
10 7 13 1347 79
15 14 14 1310 52
17 2 3 956 46
12 10 10 1347 7
9 5 0 1207 42
8 14 8 1310 24
16 12 10 1406 62
12 11 11 1354 38
9 6 1 1249 60
3 7 14 1362 3
11 4 0 1249 14
2 4 3 1002 46
9 7 12 1309 18
2 5 4 1076 86
3 8 12 1365 52
16 13 13 1468 54
11 5 1 1309 9
1 10 10 1468 5
12 12 8 1392 25
3 9 10 1473 75
11 6 3 1318 51
3 10 9 1548 74
7 3 5 1214 69
14 2 1 1318 43
10 8 11 1426 77
9 8 8 1417 31
17 3 6 1306 97
17 4 1 1403 87
17 5 4 1490 87
14 3 5 1361 65
18 11 13 1522 59
12 13 12 1417 78
19 10 8 1448 69
18 12 14 1581 76
12 14 7 1495 79
4 14 10 1548 100
19 11 14 1657 75
16 14 11 1522 82
18 13 11 1657 62
10 9 10 1648 99
2 6 5 1426 3
2 7 14 1732 70
18 14 8 1719 14
11 7 7 1574 22
1 11 13 1581 75
5 10 7 1596 36
19 12 13 1732 34
11 8 14 1802 65
19 13 10 1766 79
19 14 9 1845 96
13 14 13 1766 12
1 12 7 1656 15
10 10 9 1941 70
17 6 2 1577 11
14 4 6 1426 59
7 4 2 1588 44
5 11 14 1867 4
14 5 4 1577 87
2 8 11 1802 34
10 11 12 2011 30
3 11 8 1733 59
1 13 8 1792 61
3 12 7 1792 75
3 13 13 1867 84
11 9 10 1867 100
11 10 13 1967 65
5 12 12 2041 88
7 5 1 1632 93
14 6 3 1664 13
9 9 10 1967 15
14 7 8 1853 71
11 11 11 2032 43
2 9 9 2011 23
2 10 10 2034 68
11 12 8 2075 10
7 6 6 1725 92
10 12 7 2041 97
10 13 8 2138 41
5 13 13 2129 64
5 14 11 2193 12
3 14 11 2205 99
1 14 12 2129 61
10 14 14 2179 98
7 7 9 2034 80
7 8 8 2179 63
14 8 12 2190 25
17 7 7 2138 45
17 8 14 2277 85
17 9 11 2362 66
14 9 9 2215 71
11 13 12 2215 14
7 9 12 2242 47
7 10 13 2289 3
14 10 10 2286 89
17 10 8 2428 43
9 10 7 2183 54
9 11 14 2362 60
11 14 9 2286 19
2 11 13 2292 76
9 12 9 2422 20
2 12 8 2471 53
7 11 7 2292 79
14 11 11 2428 2
9 13 11 2442 61
17 11 9 2471 39
17 12 13 2510 34
17 13 10 2544 30
14 12 7 2430 76
2 13 12 2524 71
2 14 7 2595 9
17 14 12 2595 55
14 13 14 2506 21
7 12 11 2503 39
14 14 13 2544 12
7 13 14 2542 80
9 14 13 2556 69
7 14 10 2622 75
