16 0 4 0 2
8 0 4 2 9
19 0 2 0 36
10 0 4 11 66
14 0 1 0 24
1 0 2 36 63
12 0 1 24 73
18 0 0 0 48
9 0 2 99 14
14 1 4 77 25
16 1 0 48 21
1 1 1 99 11
5 0 4 102 93
11 0 4 195 89
2 0 2 113 19
17 0 1 110 63
9 1 0 113 56
3 0 0 169 42
0 0 2 132 19
6 0 4 284 82
9 2 1 173 95
8 1 1 268 64
11 1 1 332 52
18 1 4 366 45
15 0 2 151 19
14 2 2 170 69
7 0 3 0 79
10 1 3 79 9
1 2 4 411 65
9 3 4 476 34
16 2 3 88 83
0 1 0 211 30
3 1 2 239 71
14 3 0 241 27
18 2 3 411 100
17 1 3 511 49
6 1 1 384 95
11 2 2 384 37
2 1 4 510 17
8 2 2 421 31
16 3 1 479 19
5 1 1 498 53
18 3 2 511 66
15 1 3 560 17
14 4 3 577 51
7 1 1 551 31
10 2 2 577 66
1 3 3 628 16
9 4 3 644 13
16 4 2 643 65
0 2 1 582 68
18 4 1 650 30
9 5 6 657 16
14 5 9 628 60
16 5 6 708 65
1 4 0 644 67
5 2 2 708 4
11 3 3 657 74
2 2 1 680 79
17 2 2 712 4
9 6 5 673 44
3 2 3 731 27
0 3 4 650 55
6 2 2 716 12
9 7 7 717 45
8 3 0 711 13
11 4 0 731 7
18 5 6 773 58
15 2 1 759 82
14 6 8 688 26
7 2 4 705 63
3 3 4 768 95
0 4 3 758 24
6 3 0 738 60
8 4 3 782 33
11 5 8 738 43
18 6 7 831 73
14 7 6 831 45
7 3 0 798 28
1 5 9 711 95
17 3 4 863 2
17 4 0 865 50
11 6 5 781 96
2 3 3 815 49
8 5 9 815 82
5 3 3 864 48
13 0 2 728 21
1 6 8 806 23
16 6 8 829 8
5 4 0 915 57
13 1 0 972 68
0 5 8 837 34
8 6 6 897 79
1 7 7 904 82
11 7 7 986 89
18 7 9 904 94
1 8 6 986 52
12 1 3 912 68
18 8 5 998 36
9 8 8 871 62
16 7 9 998 68
1 9 5 1038 53
5 5 8 972 99
11 8 6 1075 21
2 4 0 1040 12
17 5 9 1066 99
9 9 9 1165 86
3 4 1 863 19
0 6 7 1075 72
6 4 3 980 80
8 7 5 1091 30
11 9 9 1251 66
18 9 8 1071 5
0 7 5 1147 32
6 5 8 1076 88
8 8 7 1147 84
15 3 4 865 75
14 8 5 1179 77
7 4 2 826 64
10 3 1 882 46
16 8 7 1231 60
15 4 0 1052 34
10 4 0 1086 12
4 0 3 1060 1
3 5 5 1256 48
19 1 0 1098 53
4 1 1 1061 100
19 2 4 1151 56
13 2 1 1161 88
0 8 9 1317 62
6 6 7 1291 5
8 9 8 1231 20
15 5 5 1304 67
14 9 7 1296 93
7 5 8 1251 63
10 5 5 1371 10
16 9 5 1381 7
0 9 6 1379 45
15 6 9 1379 89
7 6 5 1388 29
4 2 4 1207 68
3 6 8 1314 100
19 3 3 1207 57
4 3 0 1275 94
6 7 6 1424 81
12 2 2 980 5
5 6 7 1389 67
2 5 7 1456 41
12 3 4 1275 49
5 7 5 1456 86
2 6 9 1497 67
3 7 6 1505 31
15 7 6 1536 91
7 7 7 1497 75
10 6 7 1572 58
15 8 7 1630 13
10 7 6 1630 6
4 4 2 1369 89
3 8 7 1643 25
19 4 1 1264 77
4 5 5 1542 86
19 5 9 1564 7
13 3 4 1324 75
12 4 0 1369 67
19 6 6 1636 59
2 7 8 1564 40
10 8 8 1636 62
12 5 9 1571 23
3 9 9 1668 38
15 9 8 1698 35
7 8 9 1706 18
13 4 3 1399 64
19 7 8 1733 8
2 8 6 1695 25
10 9 9 1724 17
12 6 7 1668 7
4 6 7 1675 35
19 8 5 1741 15
4 7 9 1741 29
4 8 8 1770 56
13 5 6 1720 6
12 7 5 1756 44
13 6 8 1826 72
17 6 5 1800 27
6 8 9 1770 52
5 8 6 1726 80
13 7 7 1898 66
12 8 8 1898 30
5 9 9 1822 60
2 9 5 1827 42
17 7 6 1827 68
6 9 5 1869 69
7 9 6 1895 33
4 9 6 1928 55
19 9 7 1964 23
13 8 9 1964 66
17 8 8 1928 46
12 9 6 1983 29
17 9 7 1987 89
13 9 5 2030 56
