1 0 5 0 4
9 0 2 0 18
19 0 5 4 100
10 0 3 0 42
8 0 4 0 55
14 0 4 55 34
2 0 1 0 34
13 0 6 0 92
11 0 6 92 12
5 0 3 42 69
2 1 6 104 34
14 1 0 89 60
4 0 2 18 35
4 1 1 53 1
3 0 3 111 49
17 0 5 104 14
19 1 2 104 46
15 0 6 138 31
9 1 5 118 42
7 0 6 169 98
4 2 3 160 15
5 1 6 267 24
3 1 5 160 12
17 1 0 149 5
19 2 4 150 69
9 2 0 160 37
6 0 0 197 83
13 1 0 280 67
12 0 4 219 51
8 1 0 347 44
2 2 4 270 37
12 1 5 270 39
14 2 1 149 52
2 3 2 307 82
14 3 5 309 70
17 2 3 175 40
19 3 3 219 41
9 3 4 307 1
5 2 5 379 21
2 4 0 391 25
14 4 2 389 51
3 2 6 291 52
17 3 1 215 70
19 4 1 285 3
15 1 1 288 44
9 4 3 308 67
19 5 6 343 18
9 5 6 375 20
5 3 4 400 3
2 5 5 416 43
14 5 6 440 2
3 3 2 440 76
17 4 4 403 63
19 6 0 416 41
15 2 0 457 84
9 6 1 395 91
7 1 4 466 24
17 5 2 516 59
0 0 3 375 92
6 1 4 490 15
18 0 6 442 70
13 2 5 459 85
16 0 1 486 20
10 1 1 506 16
15 3 3 541 16
11 1 4 505 45
19 7 8 457 94
4 3 6 512 49
5 4 1 522 28
19 8 11 551 97
7 2 2 575 75
11 2 2 650 7
1 1 3 557 96
4 4 5 561 78
2 6 3 653 11
14 6 3 664 43
3 4 0 541 64
17 6 6 575 42
19 9 12 648 30
15 4 4 557 10
9 7 8 551 21
14 7 10 707 75
1 2 6 653 52
0 1 1 550 49
9 8 14 572 57
0 2 2 657 93
17 7 9 617 74
0 3 6 750 48
6 2 2 750 62
18 1 0 605 28
13 3 1 599 88
16 1 4 567 40
15 5 2 812 4
12 2 0 633 50
11 3 0 683 15
8 2 3 707 47
2 7 9 691 71
18 2 3 754 79
8 3 5 754 75
10 2 4 607 19
19 10 14 678 96
4 5 4 639 80
5 5 2 816 8
19 11 7 774 7
7 3 0 698 57
11 4 1 698 22
1 3 1 720 87
4 6 0 755 99
2 8 14 774 55
14 8 11 782 45
3 5 1 807 51
17 8 13 691 32
19 12 9 781 86
15 6 5 829 48
9 9 12 678 100
14 9 8 827 53
1 4 2 824 94
0 4 0 854 1
9 10 10 782 100
0 5 4 855 52
17 9 7 781 50
0 6 5 907 57
6 3 6 812 27
18 3 4 907 25
13 4 3 833 18
12 3 2 918 9
5 6 0 855 42
11 5 3 851 31
18 4 5 964 98
8 4 2 927 81
2 9 7 831 34
12 4 3 927 23
14 10 12 880 96
4 7 9 867 88
14 11 13 976 1
2 10 11 865 77
3 6 4 932 84
17 10 10 882 21
19 13 13 977 83
15 7 13 1060 67
9 11 11 942 59
0 7 8 964 16
6 4 5 1062 5
18 5 2 1062 24
4 8 7 955 24
3 7 10 1016 42
19 14 10 1060 90
9 12 13 1127 77
6 5 1 1067 65
13 5 4 1016 13
12 5 6 950 28
8 5 6 1008 30
2 11 12 976 20
12 6 1 1132 49
14 12 14 977 44
2 12 8 996 89
14 13 7 1021 66
3 8 12 1058 5
9 13 9 1204 21
6 6 3 1132 100
13 6 2 1086 70
16 2 3 1232 37
10 3 6 1038 70
11 6 5 1067 70
8 6 1 1181 42
11 7 13 1204 88
1 5 4 1029 83
2 13 10 1150 23
3 9 7 1087 45
17 11 14 1021 29
15 8 14 1127 11
9 14 7 1225 98
7 4 1 1223 93
7 5 3 1316 74
17 12 12 1063 83
0 8 12 1146 6
13 7 7 1323 69
3 10 8 1132 20
0 9 13 1292 6
0 10 11 1298 19
16 3 2 1269 68
10 4 2 1337 7
15 9 12 1152 21
11 8 9 1292 46
18 6 1 1316 54
8 7 10 1223 100
10 5 0 1344 74
4 9 11 1317 20
16 4 6 1337 42
11 9 8 1338 44
5 7 10 1323 33
16 5 0 1418 11
16 6 5 1429 6
15 10 8 1382 78
12 7 13 1298 5
1 6 0 1429 9
0 11 9 1338 96
0 12 7 1434 27
5 8 11 1356 40
17 13 11 1396 64
0 13 14 1461 76
6 7 14 1537 65
18 7 12 1370 65
13 8 14 1602 10
16 7 10 1435 44
10 6 5 1435 7
15 11 7 1461 42
11 10 14 1612 45
6 8 10 1602 82
13 9 13 1612 52
12 8 12 1435 17
8 8 8 1460 81
2 14 13 1664 32
12 9 14 1657 40
14 14 9 1434 19
5 9 9 1453 50
3 11 11 1460 93
17 14 8 1541 45
3 12 14 1697 48
7 6 5 1442 10
7 7 7 1503 44
0 14 10 1684 60
13 10 8 1664 42
11 11 12 1657 87
18 8 13 1696 93
8 9 7 1547 29
12 10 10 1744 30
4 10 10 1774 100
15 12 11 1553 44
7 8 13 1789 59
4 11 8 1874 28
3 13 13 1848 75
15 13 9 1597 37
16 8 11 1597 43
10 7 12 1744 50
15 14 10 1874 35
11 12 11 1744 5
18 9 10 1909 74
8 10 13 1923 31
10 8 9 1794 74
7 9 11 1848 51
11 13 7 1749 99
1 7 11 1899 85
4 12 14 1902 71
3 14 9 1923 100
1 8 10 1984 47
6 9 7 1848 89
18 10 7 1983 22
13 11 11 1984 82
16 9 12 1794 17
10 9 8 1902 46
11 14 10 2031 70
8 11 9 2023 47
4 13 13 1973 1
1 9 8 2031 63
7 10 12 1899 82
10 10 14 1973 88
12 11 11 2066 62
7 11 14 2061 65
16 10 14 2126 3
5 10 8 2094 8
1 10 9 2094 31
5 11 13 2102 5
1 11 13 2125 26
5 12 12 2107 13
6 10 13 2151 81
18 11 9 2125 73
16 11 7 2129 77
10 11 13 2232 71
8 12 11 2128 34
1 12 12 2151 46
13 12 10 2101 19
12 12 8 2128 65
8 13 12 2197 77
12 13 7 2206 84
5 13 7 2290 42
7 12 10 2126 8
6 11 9 2232 92
18 12 11 2198 75
13 13 12 2274 21
1 13 7 2332 49
6 12 8 2324 38
18 13 8 2362 69
13 14 9 2324 5
16 12 13 2303 100
10 12 10 2303 42
6 13 11 2362 47
12 14 9 2329 12
8 14 14 2274 92
5 14 14 2366 73
7 13 8 2431 12
6 14 12 2409 96
18 14 14 2439 9
16 13 9 2403 82
10 13 7 2381 34
4 14 12 2505 7
7 14 9 2485 24
16 14 8 2485 5
10 14 11 2415 60
1 14 14 2448 48
