18 0 6 0 98
43 0 9 0 54
31 0 9 54 100
2 0 7 0 96
27 0 4 0 45
14 0 5 0 6
39 0 7 96 94
22 0 6 98 40
36 0 8 0 21
44 0 5 6 29
31 1 8 154 14
48 0 3 0 20
19 0 6 138 33
35 0 3 20 26
32 0 4 45 26
33 0 3 46 98
3 0 4 71 83
24 0 5 35 61
45 0 1 0 17
24 1 1 96 55
45 1 5 96 62
28 0 2 0 57
12 0 9 154 12
43 1 5 158 3
17 0 8 168 49
5 0 6 171 57
25 0 9 166 19
6 0 5 161 50
28 1 9 185 16
17 1 4 217 46
17 2 1 263 28
20 0 6 228 3
37 0 4 263 39
8 0 2 57 20
33 1 2 144 10
2 1 2 154 38
4 0 3 144 46
0 0 7 190 35
29 0 8 217 48
45 2 2 192 25
15 0 3 190 37
30 0 6 231 69
10 0 2 217 79
34 0 0 0 64
3 1 7 225 82
8 1 3 227 90
46 0 9 201 31
0 1 6 300 23
10 1 3 317 29
8 2 9 317 20
36 1 5 211 98
1 0 2 296 60
44 1 6 323 60
35 1 6 383 43
47 0 9 337 95
40 0 5 309 32
27 1 0 64 18
18 1 1 291 30
49 0 0 82 49
45 3 7 307 80
2 2 0 192 61
3 2 8 307 97
46 1 3 346 54
0 2 2 356 92
9 0 7 387 80
5 1 4 302 80
49 1 3 400 54
6 1 0 253 91
39 1 0 344 17
1 1 3 454 97
14 1 9 432 13
3 3 1 404 43
38 0 7 467 73
23 0 5 341 57
13 0 6 426 8
39 2 6 434 15
36 2 0 361 64
34 1 8 404 63
26 0 2 448 33
5 2 8 467 68
28 2 1 447 71
12 1 8 535 39
17 3 7 540 18
5 3 7 558 27
25 1 5 398 90
6 2 2 481 97
17 4 6 558 41
20 1 4 382 85
37 1 7 585 32
8 3 4 467 42
33 2 9 445 99
4 1 9 544 80
2 3 1 518 55
15 1 8 574 26
30 1 7 617 14
30 2 1 631 2
29 1 9 624 32
15 2 7 631 29
10 2 0 425 96
34 2 7 660 98
3 4 0 521 95
8 4 8 600 72
46 2 5 488 28
0 3 4 509 5
26 1 9 656 72
13 1 9 728 48
35 2 4 514 69
18 2 8 672 24
49 2 2 578 31
29 2 0 656 42
36 3 6 599 38
33 3 8 696 50
7 0 7 758 23
37 2 1 633 67
15 3 6 660 74
2 4 4 583 31
46 3 1 700 19
0 4 5 516 40
4 2 8 746 66
41 0 3 551 23
29 3 3 698 73
0 5 1 719 90
37 3 0 700 33
16 0 7 781 15
5 4 0 733 90
49 3 8 812 69
6 3 9 776 63
47 1 7 796 1
22 1 7 797 77
28 3 8 881 25
45 4 6 734 62
27 2 3 771 73
34 3 5 758 31
47 2 2 797 43
21 0 7 874 81
18 3 4 696 91
49 4 1 881 21
29 4 1 902 56
7 1 6 796 43
37 4 5 789 16
43 2 0 823 78
7 2 3 844 25
46 4 4 787 4
47 3 3 869 6
21 1 1 958 98
24 2 6 839 73
0 6 3 875 30
28 4 7 955 50
29 5 7 1005 53
12 2 4 791 77
41 1 2 840 40
15 4 9 839 43
4 3 2 880 38
0 7 9 905 35
15 5 5 882 17
19 1 3 905 94
31 2 0 901 55
44 2 3 999 80
40 1 6 912 37
49 5 5 902 2
7 3 8 906 83
11 0 8 989 93
15 6 0 956 45
10 3 7 1058 66
34 4 1 1056 30
3 5 6 949 92
46 5 2 918 34
0 8 8 1082 8
26 2 6 1041 27
13 2 4 868 4
35 3 7 1124 27
18 4 9 940 73
49 6 6 1068 73
36 4 2 952 23
33 4 0 1001 20
2 5 5 904 48
46 6 8 1090 64
4 4 4 918 95
16 1 3 1079 37
5 5 5 952 45
49 7 9 1141 35
6 4 7 1151 52
22 2 3 1116 72
45 5 9 1176 19
27 3 2 975 26
34 5 6 1141 62
21 2 2 1056 45
37 5 2 1101 43
8 5 5 997 46
29 6 6 1203 3
18 5 7 1203 25
29 7 5 1206 66
37 6 6 1206 62
41 2 1 1086 6
41 3 7 1228 31
47 4 4 1013 7
6 5 3 1203 48
39 3 5 1272 81
1 2 8 1154 21
14 2 2 1144 86
3 6 2 1230 18
38 1 9 1195 45
23 1 3 1251 63
13 3 1 1092 87
36 5 1 1179 13
34 6 3 1314 11
39 4 9 1353 64
26 3 8 1175 14
12 3 5 1353 79
17 5 2 1248 57
5 6 3 1325 98
25 2 8 1189 91
6 6 4 1251 4
17 6 0 1305 75
20 2 1 1192 66
37 7 3 1423 42
8 6 1 1258 27
33 5 6 1268 12
2 6 9 1417 79
30 3 8 1280 40
0 9 0 1380 86
10 4 1 1285 58
34 7 4 1325 89
46 7 6 1280 46
13 4 3 1465 38
35 4 8 1320 92
36 6 7 1259 89
33 6 4 1414 7
2 7 3 1503 4
16 2 6 1326 21
5 7 9 1496 59
45 6 8 1412 81
15 7 2 1305 28
4 5 1 1343 40
41 4 6 1347 25
49 8 4 1421 66
29 8 4 1487 15
15 8 1 1383 58
2 8 6 1507 12
46 8 7 1348 60
5 8 1 1555 6
22 3 1 1561 97
28 5 3 1507 41
27 4 8 1493 55
43 3 2 1333 43
24 3 2 1376 87
12 4 0 1466 26
19 2 1 1658 21
31 3 2 1463 5
44 3 1 1679 94
40 2 9 1555 11
11 1 6 1519 3
43 4 6 1522 90
48 1 7 1408 82
32 1 5 1432 44
9 1 5 1476 97
1 3 9 1566 70
14 3 6 1612 19
48 2 0 1492 87
32 2 8 1548 39
25 3 0 1579 45
6 7 8 1587 96
37 8 9 1636 70
7 4 2 1468 76
41 5 9 1706 98
47 5 8 1683 66
28 6 6 1631 58
47 6 1 1773 45
21 3 0 1624 18
21 4 6 1689 65
16 3 5 1573 47
38 2 3 1548 37
20 3 7 1490 61
8 7 0 1642 81
46 9 0 1723 27
26 4 3 1585 59
24 4 4 1502 35
13 5 2 1544 28
35 5 2 1572 51
18 6 5 1620 49
36 7 9 1804 89
33 7 1 1818 57
7 5 9 1893 41
37 9 8 1749 90
2 9 8 1839 29
4 6 7 1551 89
41 6 8 1868 29
16 4 2 1623 90
5 9 2 1713 94
6 8 1 1875 18
22 4 5 1669 39
28 7 5 1708 71
45 7 3 1644 73
27 5 6 1754 22
21 5 9 1934 1
18 7 0 1750 40
7 6 1 1934 88
43 5 7 1640 88
28 8 4 1779 9
12 5 7 1728 58
4 7 0 1790 32
19 3 2 1807 90
31 4 5 1779 12
44 4 2 1897 67
40 3 0 1822 25
11 2 1 2022 7
3 7 3 1717 29
26 5 0 1847 39
13 6 8 1897 10
35 6 1 2029 10
18 8 2 1964 9
36 8 4 1893 21
33 8 7 1875 87
4 8 6 1822 64
22 5 4 1914 21
8 8 6 1886 40
39 5 3 1746 62
1 4 7 1962 82
14 4 3 1808 26
3 8 5 1791 4
38 3 0 1886 45
23 2 1 2039 14
12 6 2 1973 98
17 7 3 1834 21
25 4 3 1855 66
17 8 9 1935 3
20 4 8 1907 57
33 9 5 1962 89
30 4 4 1935 70
22 6 0 1935 59
19 4 9 1938 86
30 5 9 2024 90
22 7 8 1994 42
28 9 0 1994 32
19 5 7 2044 85
11 3 3 2029 27
48 3 1 2053 65
32 3 1 2118 84
9 2 0 2026 42
23 3 4 2053 64
36 9 3 2056 27
25 5 2 2071 84
6 9 6 1926 100
27 6 7 2129 27
16 5 0 2068 37
38 4 2 2155 61
20 5 3 2083 84
43 6 4 2117 1
31 5 4 2118 79
16 6 9 2114 33
45 8 0 2105 57
9 3 2 2216 49
39 6 1 2202 2
38 5 6 2216 25
23 4 6 2241 23
13 7 0 2162 19
39 7 8 2204 16
26 6 7 2156 20
12 7 6 2264 38
17 9 5 2051 32
25 6 1 2204 61
11 4 5 2083 66
10 5 8 2220 31
26 7 5 2176 29
13 8 7 2181 82
22 8 9 2147 90
21 6 4 2197 98
43 7 8 2251 97
21 7 3 2295 30
24 5 3 2325 41
19 6 5 2205 29
31 6 1 2265 68
44 5 0 2181 42
40 4 1 2333 37
7 7 0 2223 31
11 5 7 2263 23
48 4 6 2302 64
32 4 7 2286 64
9 4 9 2265 10
22 9 2 2265 26
11 6 0 2286 60
48 5 8 2366 61
32 5 9 2350 98
24 6 7 2366 96
39 8 2 2291 35
25 7 7 2462 3
20 6 2 2326 5
30 6 3 2366 38
10 6 4 2295 47
35 7 5 2234 29
7 8 5 2263 44
43 8 1 2370 30
1 5 0 2346 12
14 5 7 2465 79
35 8 9 2448 21
11 7 4 2346 97
19 7 0 2358 17
48 6 2 2427 21
32 6 3 2448 38
26 8 4 2443 54
24 7 0 2462 32
11 8 2 2448 66
48 7 5 2448 32
32 7 2 2514 2
9 5 1 2400 10
23 5 8 2427 78
25 8 6 2465 84
27 7 1 2410 46
16 7 1 2456 42
38 6 5 2480 15
20 7 9 2469 40
43 9 3 2486 96
31 7 3 2582 83
16 8 4 2498 7
45 9 4 2505 90
18 9 3 2665 4
7 9 4 2595 13
4 9 5 2495 1
41 7 4 2608 4
16 9 8 2505 62
27 8 9 2509 43
21 8 8 2567 84
12 8 3 2669 31
19 8 4 2612 94
31 8 6 2665 89
44 6 8 2651 17
40 5 8 2668 21
11 9 9 2552 55
3 9 9 2607 67
26 9 1 2498 88
13 9 5 2496 83
35 9 0 2494 37
8 9 7 2544 34
39 9 4 2706 40
1 6 4 2746 3
14 6 0 2544 55
38 7 4 2749 5
23 6 2 2516 54
12 9 1 2700 28
25 9 4 2754 100
20 8 0 2599 54
30 7 2 2570 31
19 9 8 2706 90
30 8 5 2601 55
48 8 9 2674 16
32 8 6 2754 27
9 6 3 2700 71
23 7 0 2653 51
27 9 5 2656 77
38 8 8 2796 58
20 9 5 2733 70
31 9 7 2754 78
9 7 4 2854 71
38 9 1 2854 98
23 8 9 2704 100
10 7 5 2803 76
21 9 5 2879 82
24 8 8 2854 91
44 7 9 2804 27
40 6 2 2689 76
48 9 4 2925 37
32 9 0 2781 18
9 8 6 2925 14
24 9 9 2945 60
30 9 0 2799 50
10 8 6 2939 59
1 7 5 2961 45
14 7 1 2952 85
9 9 8 2945 98
23 9 7 2832 96
10 9 9 3005 88
44 8 7 2928 75
40 7 7 3003 52
1 8 1 3037 75
14 8 8 3043 33
1 9 6 3112 69
14 9 4 3076 30
44 9 4 3106 86
40 8 4 3192 56
41 8 5 3006 25
41 9 0 3031 33
40 9 3 3248 87
47 7 5 3031 13
47 8 0 3064 80
34 8 9 3093 31
34 9 2 3124 34
47 9 6 3181 1
15 9 4 3248 15
29 9 2 3158 44
49 9 7 3055 82
42 0 8 3076 96
42 1 9 3172 30
42 2 1 3202 95
42 3 3 3335 2
42 4 6 3337 3
42 5 2 3340 22
42 6 0 3362 62
42 7 4 3424 30
42 8 7 3454 1
42 9 5 3455 99
