12 0 2 0 76
6 0 1 0 1
29 0 3 0 90
43 0 3 90 55
47 0 4 0 48
25 0 4 48 38
34 0 1 1 30
4 0 4 86 46
5 0 4 132 13
14 0 4 145 63
30 0 4 208 85
17 0 0 0 37
23 0 1 31 71
40 0 2 76 6
4 1 0 132 39
36 0 4 293 5
1 0 1 102 11
12 1 4 298 72
19 0 3 145 83
0 0 4 370 69
46 0 2 82 18
15 0 0 171 79
39 0 3 228 74
16 0 3 302 20
17 1 2 100 17
44 0 2 117 3
21 0 3 322 32
13 0 2 120 12
36 1 2 298 51
13 1 1 132 3
32 0 3 354 85
2 0 4 439 90
11 0 1 135 71
37 0 0 250 58
40 1 4 529 67
15 1 1 250 65
32 1 0 439 24
38 0 3 439 85
15 2 4 596 35
18 0 4 631 90
8 0 4 721 13
39 1 2 349 29
38 1 2 524 58
47 1 0 463 87
48 0 1 315 80
31 0 0 550 58
29 1 4 734 94
47 2 1 550 96
12 2 3 524 91
21 1 0 608 86
30 1 2 582 97
45 0 3 615 30
9 0 3 645 1
30 2 0 694 8
32 2 4 828 23
40 2 0 702 97
37 1 4 851 83
8 1 2 734 25
47 3 2 759 58
48 1 4 934 5
31 1 3 646 4
29 2 0 828 21
18 1 3 721 74
47 4 3 817 83
36 2 3 900 67
15 3 3 967 78
32 3 1 851 41
9 1 1 892 7
28 0 2 817 86
0 1 0 849 37
13 2 4 939 35
0 2 3 1045 64
39 2 0 886 11
17 2 1 899 92
17 3 4 991 30
8 2 0 897 82
48 2 0 979 50
31 2 4 1021 49
29 3 2 903 78
30 3 3 1109 27
29 4 1 991 85
9 2 0 1029 21
23 1 4 1070 92
15 4 2 1045 17
15 5 8 1062 90
18 2 0 1050 46
47 5 8 1152 77
47 6 5 1229 26
48 3 3 1136 65
31 3 2 1070 1
29 5 5 1255 94
47 7 7 1255 77
12 3 0 1096 75
21 2 1 1076 5
30 4 1 1136 86
9 3 2 1071 73
32 4 2 1144 59
40 3 3 1201 66
8 3 3 1267 23
18 3 2 1203 36
47 8 9 1332 72
31 4 1 1222 79
29 6 6 1349 90
18 4 1 1301 2
21 3 4 1162 66
23 2 3 1290 99
37 2 2 1239 9
37 3 3 1389 68
12 4 1 1303 7
36 3 1 1310 20
15 6 5 1349 54
39 3 1 1330 23
8 4 1 1353 26
48 4 2 1248 85
9 4 4 1228 39
28 1 0 1171 53
40 4 1 1379 21
0 3 1 1400 1
13 3 0 1224 64
0 4 2 1401 65
39 4 4 1353 34
37 4 1 1457 21
48 5 7 1333 88
31 5 8 1301 10
15 7 9 1404 91
0 5 9 1495 34
21 4 2 1466 77
13 4 3 1457 30
40 5 8 1400 90
38 2 0 1288 65
18 5 6 1439 9
12 5 6 1448 53
32 5 8 1490 20
32 6 6 1510 52
38 3 1 1478 80
18 6 5 1448 83
23 3 2 1543 56
37 5 6 1562 28
40 6 9 1529 46
15 8 7 1495 57
48 6 5 1531 47
37 6 9 1590 77
21 5 7 1552 15
30 5 9 1667 26
0 6 5 1578 67
48 7 6 1590 33
15 9 6 1623 23
18 7 8 1531 90
8 5 7 1567 22
39 5 7 1589 84
38 4 4 1558 50
47 9 6 1646 86
48 8 8 1623 50
31 6 6 1732 44
29 7 8 1673 28
12 6 8 1701 32
21 6 5 1645 68
30 6 7 1693 5
45 1 4 1608 23
9 5 6 1776 32
30 7 8 1733 96
32 7 5 1713 58
40 7 6 1808 12
37 7 5 1771 19
8 6 9 1693 35
48 9 9 1728 75
31 7 9 1803 87
29 8 9 1890 92
18 8 7 1698 88
36 4 0 1353 11
32 8 9 1982 75
9 6 7 1808 77
0 7 8 1829 43
13 5 5 1790 94
0 8 7 1885 72
39 6 8 1872 57
17 4 3 1487 59
17 5 5 1884 47
8 7 8 1929 16
31 8 5 1931 16
29 9 7 1982 56
30 8 5 1947 68
18 9 9 2057 39
31 9 7 2038 13
12 7 7 2051 71
21 7 9 2096 40
30 9 6 2015 57
40 8 5 2015 17
37 8 7 2122 32
9 7 5 2032 29
28 2 3 1546 3
32 9 7 2154 77
8 8 6 2072 24
9 8 8 2061 89
21 8 8 2150 1
38 5 7 2231 79
12 8 5 2122 63
36 5 7 2310 37
39 7 5 2185 77
8 9 5 2262 41
9 9 9 2150 21
28 3 1 1558 89
40 9 7 2347 96
0 9 6 2096 79
13 6 8 2151 67
39 8 6 2262 83
37 9 8 2218 66
21 9 6 2345 4
13 7 7 2443 31
38 6 5 2310 43
12 9 9 2185 53
38 7 8 2353 29
23 4 0 1599 81
23 5 7 2474 79
38 8 9 2382 9
39 9 9 2391 82
38 9 6 2391 18
45 2 1 1647 92
36 6 6 2409 42
28 4 4 1647 37
13 8 6 2474 79
17 6 8 2382 7
17 7 7 2553 45
23 6 6 2553 66
36 7 8 2451 25
28 5 7 2598 100
13 9 9 2553 14
45 3 0 1739 18
36 8 9 2567 57
28 6 5 2698 59
17 8 6 2619 13
17 9 9 2632 60
23 7 9 2692 42
23 8 8 2734 47
36 9 5 2757 1
28 7 9 2757 23
23 9 5 2781 43
45 4 2 1757 19
34 1 0 1757 1
45 5 9 2780 32
28 8 6 2780 19
19 1 0 1758 85
16 1 1 1739 93
44 1 0 1843 16
44 2 1 1859 48
22 0 0 1859 2
2 1 3 1549 29
11 1 2 1776 54
43 1 0 1861 46
41 0 4 1684 34
6 1 2 1830 99
6 2 4 1929 36
43 2 2 1929 1
25 1 0 1907 3
34 2 3 1758 61
4 2 2 1930 92
5 1 1 1907 44
14 1 1 1951 28
4 3 3 2022 53
1 1 0 1910 7
19 2 2 2022 20
46 1 0 1917 72
16 2 4 1965 61
26 0 1 1979 68
19 3 4 2042 88
22 1 1 2047 48
33 0 0 1989 47
1 2 3 2075 68
25 2 2 2042 61
14 2 3 2143 87
4 4 1 2095 62
22 2 4 2130 23
16 3 0 2036 76
46 2 4 2153 92
11 2 3 2230 21
11 3 0 2251 20
35 0 0 2271 11
35 1 4 2282 58
3 0 1 2157 46
11 4 4 2340 23
28 9 8 2799 35
41 1 1 2203 5
3 1 0 2282 26
25 3 3 2251 98
33 1 1 2208 89
33 2 2 2297 68
26 1 4 2363 54
19 4 1 2297 94
14 3 0 2308 89
4 5 9 2812 68
22 3 3 2349 25
34 3 4 2417 20
45 6 6 2812 57
11 5 9 2880 40
42 0 1 2391 30
2 2 1 2421 1
6 3 3 2374 86
42 1 2 2421 66
34 4 2 2487 73
20 0 0 2397 4
1 3 4 2437 43
42 2 0 2487 33
42 3 3 2520 70
6 4 0 2520 65
1 4 2 2560 52
2 3 2 2612 1
44 3 4 2480 8
46 3 1 2422 6
16 4 2 2613 23
35 2 3 2590 66
43 3 1 2428 77
41 2 2 2636 13
26 2 0 2585 62
35 3 2 2656 67
43 4 4 2505 19
41 3 0 2649 100
6 5 8 2834 32
26 3 2 2723 93
43 5 7 2698 85
25 4 1 2505 76
5 2 3 2656 43
46 4 3 2699 67
16 5 5 2824 10
44 4 3 2766 51
2 4 0 2749 14
16 6 8 2866 34
22 4 2 2816 58
2 5 8 2900 38
42 4 4 2590 16
1 5 6 2869 29
5 3 2 2874 67
46 5 8 2938 100
5 4 0 2941 75
44 5 7 2817 72
11 6 5 2920 99
35 4 1 2723 18
26 4 3 2817 22
2 6 5 3019 13
27 0 2 2941 62
41 4 3 2839 12
26 5 6 2898 57
19 5 6 2955 14
22 5 9 2920 55
19 6 5 3032 16
1 6 9 2975 71
19 7 7 3048 62
33 3 4 2606 88
27 1 1 3003 96
35 5 8 3038 42
41 5 8 3080 63
27 2 4 3099 56
44 6 6 2969 19
27 3 0 3155 68
34 5 8 3143 78
45 7 5 3048 50
16 7 7 3110 20
5 5 6 3016 5
46 6 6 3038 32
43 6 9 3046 32
44 7 8 3221 58
2 7 9 3078 21
11 7 7 3130 61
43 7 6 3078 59
41 6 7 3191 59
6 6 5 3098 17
26 6 7 3250 79
1 7 7 3329 81
6 7 7 3410 71
11 8 6 3191 94
16 8 9 3130 87
43 8 5 3137 37
41 7 5 3250 75
26 7 9 3329 19
22 6 7 3481 14
33 4 3 2851 17
27 4 3 3223 24
35 6 7 3495 88
27 5 5 3325 41
44 8 9 3348 59
44 9 5 3407 94
27 6 6 3366 19
1 8 8 3410 12
25 5 5 3501 14
33 5 6 3385 48
25 6 9 3515 56
14 4 2 3003 52
4 6 7 3583 65
22 7 8 3495 21
16 9 6 3433 77
46 7 9 3571 14
35 7 9 3585 49
35 8 5 3634 62
3 2 4 3155 83
41 8 6 3510 91
3 3 2 3238 36
25 7 8 3571 26
33 6 8 3597 84
33 7 9 3681 100
26 8 5 3696 77
14 5 8 3681 2
4 7 8 3683 74
22 8 6 3601 85
34 6 7 3648 41
42 5 6 3686 80
2 8 7 3689 41
42 6 5 3773 58
2 9 6 3766 97
43 9 8 3757 69
11 9 8 3826 71
45 8 7 3730 64
34 7 9 3781 52
45 9 8 3897 27
41 9 9 3833 89
6 8 6 3863 15
26 9 8 3924 45
19 8 9 3922 53
1 9 5 3831 36
42 7 8 3969 8
6 9 9 3975 61
19 9 8 3977 9
22 9 5 3867 27
33 8 5 3894 92
27 7 7 3794 2
35 9 6 3878 71
27 8 8 3986 73
27 9 9 4059 50
20 1 4 3238 16
42 8 7 3977 86
42 9 9 4109 66
34 8 5 3986 43
34 9 6 4029 74
33 9 7 4063 47
25 8 7 4110 43
14 6 9 4175 21
4 8 6 4103 87
46 8 5 4029 51
3 4 3 3274 20
3 5 9 4196 4
20 2 2 3274 64
20 3 1 3338 60
20 4 3 3398 79
25 9 6 4190 44
14 7 7 4196 92
4 9 5 4190 46
20 5 5 4236 37
20 6 6 4273 49
3 6 8 4200 23
3 7 7 4288 65
14 8 6 4322 44
46 9 7 4353 55
20 7 7 4408 67
5 6 9 4200 94
5 7 5 4294 95
3 8 5 4389 56
14 9 5 4445 37
3 9 6 4445 42
20 8 9 4475 95
5 8 7 4475 28
5 9 8 4503 85
20 9 8 4588 5
7 0 2 3338 18
24 0 1 3398 77
7 1 4 3356 63
24 1 4 3475 85
7 2 3 3477 15
7 3 0 3492 59
7 4 1 3551 33
24 2 3 3560 72
7 5 7 4503 95
24 3 2 3632 19
7 6 5 4598 63
24 4 0 3651 71
7 7 6 4661 85
24 5 5 4661 34
7 8 8 4746 34
24 6 7 4695 9
7 9 9 4780 3
24 7 9 4783 14
24 8 6 4797 62
24 9 8 4859 58
10 0 1 3584 53
49 0 1 3637 78
49 1 0 3722 96
10 1 3 3637 27
10 2 4 3664 55
10 3 0 3818 16
10 4 2 3834 64
49 2 4 3818 80
49 3 3 3898 5
10 5 5 4695 78
10 6 9 4797 32
49 4 2 3903 99
49 5 9 4829 58
10 7 8 4917 60
49 6 5 4887 38
49 7 7 4925 29
49 8 8 4977 69
10 8 7 4977 20
10 9 6 4997 20
49 9 6 5046 44
