10 0 2 0 28
38 0 0 0 22
38 1 4 22 27
17 0 0 22 36
40 0 1 0 64
7 0 1 64 30
5 0 3 0 41
6 0 1 94 59
34 0 0 58 33
12 0 0 91 58
12 1 1 153 60
33 0 1 213 91
47 0 3 41 42
25 0 0 149 48
15 0 4 49 93
19 0 0 197 100
14 0 0 297 10
42 0 2 28 23
39 0 3 83 68
16 0 4 142 72
31 0 1 304 62
48 0 4 214 34
38 2 1 366 77
14 1 4 307 85
26 0 3 151 84
19 1 3 297 29
11 0 0 307 65
14 2 3 392 72
21 0 0 372 40
46 0 2 51 91
22 0 4 392 30
40 1 0 412 76
24 0 2 142 65
15 1 0 488 87
1 0 0 575 92
48 1 1 443 93
19 2 2 326 60
12 2 4 422 97
27 0 0 667 95
23 0 1 536 36
36 0 2 386 95
24 1 3 464 27
13 0 3 491 64
4 0 2 481 20
30 0 2 501 81
23 1 2 582 41
7 1 4 519 51
1 1 4 667 80
40 2 2 623 85
17 1 3 555 63
7 2 3 618 25
5 1 2 708 35
34 1 3 643 95
33 1 2 743 20
47 1 1 572 34
25 1 1 606 85
19 3 4 747 63
14 3 2 763 37
42 1 1 691 10
39 1 1 701 82
16 1 0 762 56
48 2 0 818 26
19 4 1 810 64
30 1 4 810 25
8 0 0 844 47
22 1 2 800 12
4 1 0 891 24
38 3 3 738 25
25 2 2 812 92
11 1 2 904 12
48 3 3 844 81
38 4 2 916 16
23 2 3 925 27
10 1 1 874 100
2 0 1 974 44
7 3 0 915 51
39 2 2 932 16
19 5 8 874 71
48 4 2 948 9
32 0 1 1018 43
40 3 3 952 71
21 1 4 835 80
17 2 4 915 79
19 6 6 945 35
30 2 3 1023 33
4 2 3 1056 41
31 1 4 994 25
48 5 7 957 96
38 5 8 945 72
14 4 1 1061 77
26 1 2 957 50
11 2 4 1019 53
14 5 5 1138 70
21 2 1 1138 41
46 1 1 1179 89
22 2 0 966 35
40 4 4 1072 97
24 2 4 1169 74
15 2 1 1268 87
1 2 1 1355 76
48 6 8 1053 79
12 3 3 1097 31
27 1 4 1243 41
31 2 0 1019 21
10 2 4 1284 20
38 6 9 1017 61
38 7 6 1078 75
17 3 2 1007 32
40 5 5 1208 97
7 4 2 1039 84
5 2 1 1431 32
6 1 0 1040 45
34 2 4 1304 68
12 4 2 1128 50
12 5 9 1178 85
33 2 4 1372 44
47 2 0 1085 4
25 3 4 1416 95
15 3 2 1355 18
19 7 5 1305 26
14 6 7 1208 45
42 2 0 1089 82
39 3 0 1171 83
16 2 3 1128 57
31 3 2 1373 20
48 7 9 1263 68
38 8 7 1253 4
14 7 9 1331 8
26 2 0 1254 70
19 8 9 1339 9
11 3 3 1185 93
14 8 6 1339 83
21 3 2 1393 10
46 2 0 1324 44
22 3 3 1278 17
24 3 0 1368 32
48 8 5 1331 76
27 2 2 1403 11
15 4 3 1373 4
1 3 3 1431 59
19 9 7 1348 22
12 6 5 1407 64
27 3 3 1490 98
23 3 4 1511 36
36 1 0 1400 42
24 4 1 1463 40
13 1 0 1442 58
4 3 1 1503 2
30 3 0 1500 22
23 4 0 1547 78
7 5 6 1422 60
1 4 2 1490 70
40 6 7 1370 8
17 4 1 1505 5
7 6 5 1482 45
5 3 4 1547 18
34 3 2 1560 22
33 3 0 1625 42
47 3 4 1565 34
25 4 3 1588 61
42 3 3 1649 93
39 4 4 1599 2
16 3 2 1582 15
30 4 1 1522 50
8 1 3 1742 18
22 4 1 1572 70
4 4 4 1601 4
25 5 8 1649 72
11 4 1 1642 40
23 5 7 1625 64
10 3 0 1667 35
2 1 2 1597 92
7 7 7 1689 89
32 1 0 1702 16
40 7 6 1482 40
21 4 3 1760 68
17 5 6 1522 25
30 5 5 1572 74
4 5 9 1605 44
30 6 9 1649 56
4 6 7 1778 79
23 6 6 1689 88
1 5 5 1646 86
45 0 4 1605 72
13 2 1 1682 49
34 4 1 1731 80
33 4 3 1828 87
0 0 2 1689 93
15 5 8 1721 78
26 3 4 1677 24
32 2 2 1782 91
6 2 4 1701 53
40 8 8 1799 70
21 5 8 1869 28
1 6 9 1732 17
24 5 5 1732 88
23 7 5 1820 25
31 4 3 1915 8
46 3 4 1754 91
44 0 1 1811 42
9 0 3 1923 33
44 1 3 1956 41
10 4 3 1997 26
43 0 0 1718 75
1 7 6 1777 78
48 9 6 1855 10
38 9 5 1845 19
23 8 9 1845 92
7 8 8 1897 25
1 8 7 1857 30
45 1 1 1853 63
13 3 2 1873 45
33 5 9 1937 57
0 1 4 1845 40
15 6 5 1864 67
6 3 3 2023 44
24 6 8 1922 73
12 7 7 1887 38
24 7 6 1995 92
13 4 4 1918 9
30 7 8 1995 33
5 4 0 1793 15
33 6 6 2087 15
47 4 2 1918 16
15 7 9 1994 20
0 2 0 1885 1
15 8 6 2102 17
13 5 8 2028 49
12 8 6 2119 85
39 5 7 1925 10
16 4 1 1916 45
31 5 6 2204 36
14 9 8 2077 57
23 9 8 2134 66
1 9 8 2200 93
45 2 0 1916 33
13 6 6 2240 22
34 5 7 1935 53
33 7 5 2102 38
0 3 3 2067 77
15 9 7 2119 35
26 4 1 1961 42
32 3 3 2144 96
6 4 2 2067 98
40 9 9 2014 35
21 6 9 2049 51
24 8 7 2154 83
36 2 4 1927 5
24 9 9 2237 42
13 7 5 2262 99
4 7 8 2293 81
30 8 7 2237 85
7 9 9 2279 97
17 6 7 2322 86
5 5 8 2374 98
34 6 8 2472 13
33 8 8 2485 42
47 5 6 2262 86
25 6 9 2376 76
42 4 4 1932 90
39 6 8 2527 88
16 5 6 2348 41
30 9 6 2389 83
8 2 2 2165 40
22 5 9 2452 29
4 8 5 2374 16
25 7 5 2452 58
11 5 8 2615 18
10 5 5 2510 24
2 2 3 2240 96
32 4 4 2240 24
21 7 7 2408 33
17 7 9 2481 91
4 9 6 2472 39
45 3 2 2205 27
13 8 9 2572 15
34 7 9 2587 70
33 9 7 2527 89
0 4 1 2144 77
26 5 9 2657 55
32 5 5 2534 11
6 5 5 2545 84
21 8 6 2511 82
31 6 9 2712 9
46 4 3 2336 26
44 2 2 2232 35
9 1 1 2221 68
44 3 0 2267 75
10 6 9 2721 41
43 1 2 2267 27
45 4 3 2362 41
13 9 7 2616 7
0 5 5 2629 16
6 6 6 2629 23
12 9 8 2633 35
5 6 6 2652 29
47 6 7 2623 25
0 6 9 2762 74
39 7 5 2645 41
16 6 5 2686 40
31 7 5 2726 91
26 6 5 2817 100
11 6 7 2648 23
21 9 5 2917 25
46 5 6 2681 49
22 6 7 2671 18
27 4 1 2289 85
36 3 1 2374 57
10 7 6 2762 42
2 3 4 2336 77
42 5 8 2668 67
39 8 9 2836 21
16 7 9 2857 85
8 3 4 2413 62
25 8 7 2689 11
32 6 9 2942 91
10 8 7 2804 100
43 2 4 2475 97
45 5 5 2942 52
34 8 5 2994 22
0 7 8 2836 11
26 7 6 2917 70
6 7 7 2904 45
36 4 3 2431 67
17 8 5 3016 21
36 5 6 2987 30
6 8 8 2949 39
36 6 9 3033 21
17 9 8 3037 35
27 5 5 3037 64
36 7 8 3072 70
10 9 8 3142 32
5 7 5 3101 19
34 9 6 3017 69
42 6 7 2949 9
39 9 6 3086 66
16 8 8 3174 32
31 8 8 3206 90
26 8 7 2987 4
22 7 8 3296 93
27 6 6 3152 8
36 8 5 3142 9
5 8 7 3120 14
6 9 9 3054 89
2 4 0 2413 53
42 7 9 3143 18
8 4 1 2475 58
25 9 6 3160 89
16 9 7 3206 81
8 5 5 3151 36
37 0 2 2294 54
20 0 1 2533 81
28 0 0 2466 84
2 5 9 3161 10
11 7 5 3187 60
11 8 6 3249 89
3 0 1 2614 60
29 0 2 2348 48
49 0 3 2498 19
3 1 2 2674 19
3 2 3 2693 76
29 1 0 2550 29
49 1 1 2674 47
47 7 8 3389 99
22 8 6 3389 94
27 7 7 3287 26
36 9 7 3313 20
45 6 7 3333 42
8 6 7 3375 93
49 2 4 2721 13
18 0 2 2693 83
26 9 8 3488 68
45 7 9 3375 10
31 9 7 3468 49
0 8 6 3483 51
20 1 0 2614 60
46 6 5 3247 22
9 2 0 2674 41
43 3 3 2769 9
18 1 4 2776 29
41 0 0 2715 94
20 2 3 2778 62
28 1 2 2776 49
37 1 0 2809 15
43 4 1 2778 57
18 2 0 2824 9
28 2 1 2835 17
18 3 1 2852 38
47 8 5 3488 67
5 9 9 3385 26
32 7 7 3517 41
44 4 4 2805 18
9 3 4 2823 72
37 2 1 2890 20
3 3 0 2833 73
49 3 2 2825 98
43 5 9 3411 14
37 3 3 2910 64
18 4 3 2974 73
28 3 3 3047 69
18 5 7 3558 50
47 9 9 3555 25
11 9 9 3580 53
45 8 6 3534 14
8 7 8 3556 77
22 9 5 3555 37
45 9 8 3633 71
9 4 2 2923 20
43 6 5 3592 50
18 6 9 3633 99
29 2 4 2895 1
8 8 9 3732 90
29 3 1 2910 64
46 7 8 3704 31
27 8 8 3735 6
28 4 4 3116 55
46 8 9 3822 69
35 0 0 2906 15
37 4 4 3171 83
32 8 8 3741 35
46 9 7 3891 5
27 9 9 3891 6
28 5 8 3776 75
18 7 5 3732 18
42 8 5 3750 22
0 9 7 3896 92
44 5 9 3897 65
9 5 6 3548 69
43 7 7 3988 31
41 1 1 2974 45
42 9 6 3772 87
2 6 7 4019 49
8 9 6 3859 15
32 9 6 3874 66
37 5 9 3962 40
20 3 4 3254 48
28 6 6 3940 45
2 7 5 4068 84
3 4 4 3302 85
29 4 3 3116 41
49 4 0 2923 32
3 5 7 4068 13
3 6 8 4081 93
29 5 5 4152 23
49 5 7 4081 12
49 6 9 4093 45
18 8 8 4174 29
44 6 7 4093 38
9 6 7 4131 47
43 8 8 4203 62
41 2 2 3019 94
49 7 6 4138 52
35 1 3 3157 47
37 6 7 4178 6
20 4 2 3302 68
35 2 1 3204 24
44 7 6 4190 38
18 9 6 4228 41
9 7 5 4178 22
43 9 6 4269 23
29 6 7 4184 64
29 7 9 4248 31
28 7 9 4279 38
35 3 2 3370 31
37 7 5 4200 89
3 7 5 4289 68
35 4 4 3401 41
20 5 7 4248 28
29 8 6 4292 56
49 8 8 4265 49
3 8 9 4357 50
29 9 8 4348 12
49 9 5 4357 34
37 8 6 4348 91
2 8 8 4360 59
2 9 6 4439 14
44 8 8 4419 51
9 8 9 4407 47
44 9 5 4470 56
9 9 8 4470 22
41 3 4 3442 84
35 5 8 4492 14
37 9 8 4506 48
20 6 5 4526 69
35 6 9 4506 28
3 9 6 4453 78
35 7 7 4534 59
28 8 7 4593 59
35 8 5 4595 52
35 9 6 4647 39
20 7 8 4595 92
28 9 5 4652 28
41 4 3 3526 44
20 8 6 4687 79
41 5 8 4687 41
41 6 5 4728 30
20 9 9 4766 10
41 7 7 4758 47
41 8 6 4805 19
41 9 9 4824 22
