2 0 4 0 25
37 0 3 0 7
21 0 1 0 96
44 0 1 96 32
4 0 2 0 90
18 0 3 7 6
35 0 0 0 58
8 0 2 90 36
5 0 4 25 90
44 1 4 128 80
1 0 2 126 14
41 0 0 58 75
7 0 3 13 19
13 0 0 133 8
7 1 1 128 37
9 0 2 140 20
17 0 3 32 9
49 0 4 208 8
32 0 4 216 64
28 0 2 160 56
40 0 4 280 4
33 0 3 41 96
9 1 1 165 77
25 0 3 137 43
22 0 1 242 38
22 1 3 280 31
42 0 0 141 54
5 1 0 195 55
36 0 0 250 32
32 1 2 280 76
28 1 4 284 90
40 1 0 284 100
33 1 1 280 17
9 2 0 384 71
25 1 1 297 79
22 2 2 356 76
42 1 3 311 6
5 2 3 317 69
13 1 1 376 60
47 0 3 386 44
40 2 2 432 95
45 0 0 455 65
35 1 4 374 19
23 0 0 520 15
36 1 2 527 99
10 0 3 430 55
45 1 4 520 95
12 0 4 615 19
43 0 4 634 15
23 1 2 626 84
3 0 3 485 70
21 1 4 649 10
32 2 0 535 70
34 0 0 605 68
33 2 0 673 20
28 2 1 436 41
8 1 0 693 76
31 0 4 659 4
3 1 0 769 29
16 0 0 798 21
29 0 0 819 2
45 2 3 615 84
36 2 1 626 95
27 0 0 821 8
1 1 3 699 45
28 3 0 829 35
6 0 1 721 23
37 1 4 663 45
9 3 3 744 73
33 3 4 708 13
22 3 0 864 8
5 3 1 744 76
33 4 2 721 28
35 2 2 749 16
8 2 3 817 97
22 4 4 872 8
13 2 4 880 91
29 1 4 971 39
15 0 2 765 46
39 0 3 914 31
36 3 3 945 2
11 0 2 811 21
46 0 1 820 50
10 1 4 1010 96
29 2 3 1010 44
43 1 3 1054 19
44 2 2 832 83
48 0 0 872 86
20 0 1 870 38
2 1 1 908 77
3 2 2 915 31
37 2 2 946 19
6 1 4 1106 13
9 4 4 1119 47
33 5 7 749 21
32 3 3 1073 83
37 3 0 965 97
15 1 1 985 4
5 4 2 965 97
41 1 3 1156 10
18 1 1 989 7
22 5 6 880 50
42 2 4 1166 7
5 5 7 1062 94
36 4 4 1173 8
32 4 1 1156 91
28 4 3 1166 62
40 3 1 1247 11
33 6 9 770 65
9 5 7 1166 88
25 2 0 1062 80
22 6 5 930 95
42 3 1 1258 72
5 6 5 1156 57
36 5 9 1181 55
10 2 0 1142 8
44 3 3 1228 83
13 3 3 1311 85
49 1 0 1150 60
46 1 2 1062 49
8 3 4 1181 71
28 5 7 1254 4
40 4 3 1396 28
38 0 2 1111 97
33 7 5 1213 87
8 4 1 1330 19
45 3 2 1208 64
35 3 3 1424 74
30 0 2 1272 34
31 1 2 1306 70
6 2 0 1210 90
38 1 4 1252 98
27 1 4 1350 46
23 2 4 1396 100
45 4 1 1349 18
12 1 1 1367 83
43 2 1 1450 18
23 3 3 1498 76
3 3 1 1468 39
21 2 0 1300 29
25 3 2 1376 44
22 7 8 1025 5
22 8 9 1236 25
42 4 2 1420 49
5 7 8 1213 65
36 6 6 1236 32
32 5 7 1258 98
28 6 5 1300 15
40 5 5 1424 80
33 8 6 1300 54
9 6 5 1504 100
25 4 4 1496 65
22 9 7 1356 62
42 5 7 1469 72
5 8 9 1278 80
36 7 8 1278 26
10 3 2 1469 61
13 4 2 1530 27
49 2 3 1574 31
32 6 8 1356 37
47 1 0 1329 91
8 5 9 1358 87
28 7 9 1445 89
40 6 7 1541 25
33 9 8 1393 98
8 6 6 1445 97
45 5 9 1534 27
35 4 1 1507 32
30 1 0 1420 94
31 2 1 1539 19
6 3 3 1605 24
45 6 6 1561 70
10 4 1 1558 40
9 7 9 1604 16
17 1 4 1561 37
49 3 2 1605 93
27 2 3 1629 47
26 0 2 1698 8
1 2 0 1514 18
43 3 0 1532 84
44 4 0 1616 50
48 1 4 1598 91
20 1 2 1706 19
2 2 0 1666 64
3 4 4 1689 62
6 4 2 1725 41
9 8 8 1620 69
32 7 5 1604 3
41 2 4 1751 59
18 2 0 1730 57
28 8 6 1631 73
49 4 1 1698 8
34 1 4 1810 40
30 2 3 1676 1
9 9 6 1704 77
23 4 1 1706 66
7 2 0 1787 16
3 5 8 1751 12
17 2 0 1803 2
32 8 9 1620 75
25 5 5 1607 81
10 5 8 1763 46
47 2 1 1772 5
45 7 7 1631 74
12 2 2 1766 1
27 3 2 1767 57
20 2 4 1850 22
38 2 3 1677 43
27 4 1 1824 47
23 5 7 1772 56
2 3 3 1730 18
36 8 5 1688 6
28 9 8 1809 66
11 1 0 1805 18
49 5 9 1706 1
46 2 0 1823 96
34 2 3 1850 98
31 3 0 1919 19
45 8 5 1705 87
10 6 7 1828 29
36 9 7 1857 68
29 3 1 1871 68
17 3 2 1824 74
49 6 7 1925 19
35 5 9 1707 32
27 5 9 1871 55
26 1 4 1872 2
1 3 4 1874 72
43 4 2 1898 96
44 5 5 1792 81
48 2 1 1939 19
20 3 0 1938 73
2 4 2 1994 19
3 6 9 1926 2
37 4 1 1958 56
6 5 8 1875 69
32 9 6 1781 92
15 2 4 1946 25
5 9 6 1873 24
41 3 2 2013 80
18 3 2 2093 4
2 5 8 2013 27
27 6 8 2040 74
26 2 0 2011 12
1 4 1 2014 27
43 5 9 1994 71
44 6 7 1944 82
48 3 2 2097 69
20 4 3 2011 7
2 6 6 2040 97
3 7 5 1928 91
37 5 7 2026 22
6 6 7 2048 8
41 4 1 2093 60
18 4 4 2097 56
2 7 9 2137 81
49 7 6 2137 8
34 3 2 2166 90
30 3 1 2153 23
23 6 5 2019 95
1 5 7 2056 57
41 5 5 2153 75
7 3 4 2153 4
13 5 9 2218 39
3 8 7 2113 98
17 4 1 2176 15
49 8 5 2228 85
25 6 7 2211 7
42 6 8 2114 64
10 7 9 2257 71
13 6 5 2313 31
47 3 2 2256 100
45 9 8 2178 68
12 3 0 2023 95
27 7 7 2218 98
20 5 5 2344 63
2 8 7 2316 65
43 6 8 2246 64
3 9 6 2211 91
21 3 3 2018 59
17 5 8 2310 26
34 4 1 2256 38
43 7 6 2310 38
44 7 9 2328 33
48 4 3 2166 71
21 4 2 2356 94
31 4 3 2237 92
20 6 8 2407 28
20 7 6 2435 23
43 8 5 2407 58
47 4 4 2356 77
40 7 9 2361 87
35 6 5 2465 58
30 4 4 2433 45
31 5 5 2523 70
6 7 5 2593 81
38 3 0 2118 28
27 8 6 2458 54
23 7 8 2435 94
12 4 3 2329 48
43 9 7 2465 62
23 8 6 2529 56
17 6 5 2674 83
16 1 1 2294 77
44 8 8 2529 10
48 5 5 2757 13
27 9 5 2770 51
1 6 6 2585 90
6 8 6 2675 94
20 8 9 2458 11
2 9 5 2821 11
18 5 7 2527 11
41 6 8 2539 87
18 6 5 2832 57
35 7 6 2769 93
8 7 8 2626 64
13 7 6 2862 62
41 7 6 2924 33
39 1 0 2146 88
49 9 8 2690 24
10 8 5 2889 89
26 3 3 2377 55
1 7 8 2714 19
30 5 8 2733 83
23 9 9 2585 85
7 4 2 2450 68
13 8 7 2924 94
31 6 7 3018 33
6 9 9 2769 76
38 4 1 2371 23
21 5 5 2978 26
25 7 8 2816 93
42 7 6 2957 32
40 8 6 2989 25
25 8 6 3014 55
38 5 5 3004 3
21 6 7 3051 22
42 8 9 2989 86
31 7 9 3075 50
10 9 6 3069 59
26 4 1 2432 60
1 8 9 3125 19
44 9 6 3128 55
48 6 8 2909 87
20 9 7 3073 84
30 6 7 3157 84
17 7 6 3183 90
16 2 4 2478 22
48 7 6 3273 98
21 7 8 3073 52
21 8 6 3371 37
30 7 5 3241 49
12 5 9 3144 37
17 8 7 3273 51
8 8 5 3290 84
47 5 6 3408 20
30 8 6 3428 67
17 9 9 3324 80
38 6 8 3125 75
7 5 6 3495 45
38 7 9 3404 43
25 9 9 3447 34
42 9 5 3374 69
40 9 8 3200 9
1 9 5 3443 50
48 8 9 3481 43
15 3 3 2432 41
18 7 8 3209 12
39 2 2 2518 88
39 3 1 2606 82
34 5 7 3324 45
15 4 0 2473 11
39 4 4 2688 65
39 5 5 3493 53
4 1 4 2753 51
37 6 9 3524 72
18 8 6 3540 94
35 8 7 3369 1
30 9 9 3596 49
31 8 8 3221 82
12 6 7 3370 59
34 6 8 3369 21
16 3 2 2606 72
48 9 7 3524 13
31 9 6 3634 48
8 9 7 3537 43
47 6 5 3546 13
35 9 8 3390 80
18 9 9 3645 29
41 8 9 3674 10
15 5 5 3559 96
16 4 3 2678 53
26 5 9 3684 91
37 7 8 3596 98
46 3 3 2731 1
41 9 7 3684 31
13 9 8 3694 12
29 4 2 2678 54
46 4 4 2804 89
47 7 7 3715 25
16 5 9 3775 28
29 5 7 3740 7
11 2 3 2732 37
46 5 8 3706 42
12 7 5 3655 56
34 7 5 3711 9
12 8 8 3748 57
34 8 9 3803 3
38 8 7 3747 58
12 9 6 3805 81
29 6 8 3805 76
21 9 9 3806 50
37 8 5 3720 59
15 6 9 3856 56
11 3 4 2893 97
46 6 5 3779 88
29 7 9 3912 29
26 6 6 3886 6
15 7 6 3912 10
11 4 1 2990 59
46 7 9 3941 91
7 6 8 3881 79
38 9 6 3922 71
34 9 6 3993 47
16 6 7 3805 23
26 7 5 3892 83
37 9 6 4040 20
15 8 7 3922 25
11 5 7 3947 79
46 8 6 4060 64
29 8 5 3975 90
26 8 8 3975 31
15 9 8 4006 32
11 6 6 4124 2
46 9 7 4124 3
7 7 9 4032 4
29 9 6 4126 53
26 9 7 4127 91
11 7 5 4126 80
7 8 7 4218 30
7 9 5 4248 33
47 8 9 4036 71
16 7 5 4281 2
16 8 8 4283 52
39 6 9 4107 15
11 8 8 4335 85
11 9 9 4420 59
16 9 6 4335 83
39 7 7 4248 68
39 8 6 4418 60
4 2 3 2804 38
47 9 8 4420 71
39 9 8 4491 99
4 3 1 3049 27
14 0 4 2990 2
4 4 0 3076 29
14 1 3 2992 10
14 2 0 3105 17
14 3 1 3122 38
4 5 6 4478 67
4 6 8 4590 95
14 4 2 3160 96
4 7 9 4685 60
14 5 6 4545 21
4 8 7 4745 86
4 9 5 4831 64
14 6 9 4745 81
14 7 8 4826 64
14 8 5 4895 76
14 9 7 4971 46
0 0 4 2992 68
24 0 3 3002 73
0 1 1 3160 39
24 1 2 3256 38
19 0 1 3199 40
19 1 2 3294 93
24 2 1 3294 84
24 3 0 3378 42
0 2 2 3387 79
0 3 0 3466 72
19 2 3 3387 65
0 4 3 3538 65
19 3 4 3452 66
0 5 5 4971 82
24 4 4 3518 37
19 4 0 3538 96
19 5 9 4826 5
0 6 7 5053 33
0 7 6 5086 82
19 6 7 5086 32
24 5 5 5053 16
24 6 7 5118 24
19 7 8 5118 85
24 7 9 5142 59
24 8 6 5201 60
0 8 8 5203 66
24 9 8 5269 23
19 8 5 5203 93
0 9 9 5269 55
19 9 6 5296 94
