29 0 2 0 14
43 0 1 0 23
40 0 3 0 75
25 0 3 75 28
10 0 7 0 66
34 0 4 0 65
27 0 0 0 22
41 0 5 0 48
15 0 2 14 32
14 0 5 48 6
8 0 4 65 60
15 1 5 54 58
14 1 6 54 58
33 0 9 0 96
25 1 5 112 68
35 0 9 96 6
41 1 4 125 32
2 0 6 112 43
47 0 1 23 66
28 0 1 89 87
24 0 4 157 1
20 0 4 158 11
34 1 0 65 17
47 1 2 89 55
10 1 8 66 80
35 1 3 103 21
24 1 6 158 91
17 0 2 144 50
24 2 8 249 49
13 0 4 169 84
43 1 9 102 3
3 0 0 82 45
48 0 3 124 79
16 0 0 127 78
19 0 1 176 11
38 0 7 66 82
9 0 2 194 98
7 0 6 249 37
49 0 9 105 100
22 0 9 205 60
6 0 9 265 58
10 2 0 205 18
27 1 5 180 12
30 0 5 192 47
38 1 8 298 43
9 1 5 292 56
40 1 7 148 13
1 0 2 292 96
16 1 7 205 14
49 1 0 223 55
6 1 4 323 33
4 0 2 388 45
46 0 1 187 5
3 1 6 286 85
21 0 9 323 11
31 0 2 433 59
27 2 8 341 95
18 0 6 371 29
15 2 6 400 97
21 1 7 334 65
2 1 3 203 93
35 2 8 436 46
0 0 1 192 55
22 1 7 399 9
14 2 7 408 90
20 1 8 482 99
25 2 9 334 30
35 3 0 482 82
24 3 3 298 75
17 1 1 247 95
24 4 1 373 19
13 1 5 348 20
43 2 2 492 85
3 2 2 577 59
48 1 5 368 2
16 2 4 356 98
19 1 0 564 18
38 2 6 497 76
9 2 1 392 68
7 1 3 373 67
49 2 5 370 14
22 2 8 581 16
6 2 6 573 77
10 3 3 440 97
27 3 4 454 24
30 1 9 364 90
38 3 1 573 36
24 5 7 498 100
30 2 0 582 88
34 2 9 454 26
24 6 0 670 58
49 3 2 636 86
6 3 2 722 11
4 1 3 537 36
46 1 6 650 89
3 3 7 636 76
21 2 1 609 14
31 1 7 712 26
27 4 3 573 30
18 1 7 738 20
15 3 1 623 49
21 3 2 733 85
2 2 8 597 30
35 4 2 818 74
0 1 3 603 46
22 3 2 892 4
14 3 1 672 54
45 0 5 384 67
45 1 8 627 53
20 2 9 581 2
25 3 7 758 68
25 4 1 826 10
19 2 9 583 42
33 1 4 478 3
0 2 5 649 71
24 7 2 896 14
42 0 7 826 24
1 1 6 739 94
32 0 6 833 92
28 1 0 728 68
23 0 9 625 31
3 4 1 836 93
17 2 4 481 82
14 4 9 726 73
20 3 7 850 10
25 5 6 925 20
19 3 4 625 81
33 2 3 649 92
1 2 8 833 98
23 1 2 910 41
7 2 0 796 88
16 3 3 741 26
49 4 4 722 69
49 5 3 791 87
12 0 2 951 69
30 3 1 929 52
41 2 2 1020 82
9 3 6 945 63
46 2 0 884 37
37 0 0 921 46
11 0 0 967 16
7 3 9 884 92
17 3 9 976 25
4 2 8 931 11
21 4 3 878 5
4 3 6 1008 96
28 2 2 1102 64
5 0 9 1001 51
31 2 4 791 76
46 3 3 921 88
27 5 1 981 81
45 2 0 983 77
45 3 4 1060 69
18 2 8 942 55
25 6 8 997 47
19 4 7 860 2
33 3 7 862 67
1 3 0 1060 55
23 2 1 1062 13
7 4 8 1044 19
16 4 8 1063 25
49 6 8 1088 46
49 7 1 1134 3
12 1 8 1134 65
30 4 8 1199 43
41 3 0 1115 1
9 4 7 1008 61
46 4 7 1069 20
37 1 1 1137 46
11 1 7 1089 6
7 5 4 1129 27
17 4 0 1116 68
4 4 7 1104 96
21 5 8 1242 5
4 5 1 1200 8
28 3 3 1166 33
5 1 7 1200 75
31 3 0 1184 26
46 5 9 1089 4
27 6 2 1166 21
45 4 2 1187 55
45 5 3 1242 78
18 3 4 1156 14
5 2 0 1275 4
0 3 8 1247 29
22 4 5 896 34
29 1 6 1104 98
42 1 0 1279 8
1 4 3 1320 10
28 4 7 1275 59
23 3 6 1202 28
7 6 7 1334 46
16 5 9 1093 45
43 3 6 1230 93
49 8 6 1323 89
12 2 5 1199 20
18 4 2 1242 66
30 5 4 1242 62
16 6 6 1412 12
41 4 1 1208 2
46 6 4 1304 77
37 2 4 1381 20
20 4 3 1330 91
42 2 8 1287 96
11 2 4 1401 53
37 3 7 1401 91
0 4 0 1287 47
31 4 3 1421 71
40 2 6 1424 63
37 4 2 1492 76
23 4 5 1230 97
20 5 5 1421 83
4 6 0 1334 75
28 5 5 1504 95
22 5 6 1487 2
41 5 7 1492 35
11 3 6 1489 86
12 3 4 1454 15
12 4 1 1469 61
33 4 6 1575 60
40 3 1 1530 78
19 5 2 1568 39
31 5 8 1492 59
12 5 3 1530 71
2 3 2 1607 41
25 7 4 1469 51
39 0 7 1527 51
32 1 2 1648 10
44 0 6 1635 99
16 7 2 1658 98
18 5 5 1599 52
0 5 2 1756 12
22 6 4 1520 30
18 6 0 1651 75
30 6 7 1578 33
12 6 6 1734 71
22 7 1 1608 32
27 7 7 1611 28
33 5 8 1635 35
25 8 0 1726 44
35 5 5 1651 56
41 6 3 1601 16
47 2 4 1550 15
28 6 6 1805 1
24 8 5 1707 34
36 0 6 1806 89
8 1 2 1768 88
14 5 0 1770 92
20 6 6 1895 61
34 3 7 1639 46
47 3 7 1685 35
10 4 9 1138 47
17 5 8 1670 83
3 5 9 1185 62
19 6 3 1617 83
9 5 3 1700 78
10 5 5 1741 38
4 7 5 1779 6
37 5 9 1568 83
23 5 3 1778 8
48 2 6 1956 17
16 8 1 1756 99
38 4 0 1862 27
9 6 8 1778 45
17 6 5 1785 36
7 7 1 1855 58
13 2 9 1651 58
44 1 2 1856 14
43 4 5 1821 18
47 4 3 1786 76
39 1 9 1709 27
40 4 4 1608 1
31 6 1 1913 73
13 3 0 1889 55
26 0 9 1736 86
47 5 9 1862 91
7 8 2 1913 60
6 4 3 1862 37
0 6 7 1768 57
44 2 9 1953 16
43 5 7 1839 47
26 1 3 1899 9
18 7 9 1969 63
0 7 4 1825 79
22 8 0 1944 51
35 6 7 1886 94
3 6 4 1904 33
9 7 0 1995 62
23 6 7 1980 42
39 2 5 1839 12
46 7 8 1823 27
46 8 5 1851 31
11 4 5 1882 81
13 4 8 1944 98
2 4 0 2057 23
30 7 3 1908 51
37 6 3 1959 14
17 7 7 2022 78
32 2 9 2032 45
9 8 4 2057 31
40 5 8 2042 60
1 5 1 1986 95
16 9 5 1963 69
49 9 7 2100 100
6 5 8 2102 64
0 8 6 1973 91
12 7 9 2077 58
27 8 9 2135 100
28 7 9 2235 14
36 1 5 2032 23
31 7 9 2249 70
5 3 3 1973 13
34 4 5 2055 81
35 7 6 2064 83
15 4 3 1986 61
23 7 4 2088 95
43 6 0 2080 96
45 6 6 2147 95
11 5 8 2166 49
1 6 5 2136 95
5 4 5 2231 12
33 6 5 2243 70
46 9 2 1973 47
15 5 0 2176 69
1 7 7 2231 37
11 6 3 2215 90
44 3 3 2305 81
19 7 6 2242 11
39 3 6 2253 52
40 6 2 2102 24
19 8 5 2313 38
31 8 5 2351 57
29 2 0 2245 86
47 6 6 2305 35
28 8 8 2249 82
20 7 0 2331 21
34 5 1 2136 42
47 7 5 2408 37
10 6 1 2178 26
35 8 4 2183 63
17 8 3 2386 35
13 5 2 2126 75
43 7 8 2331 6
3 7 8 2337 46
48 3 1 2204 65
19 9 8 2383 52
38 5 9 2319 93
9 9 9 2412 70
7 9 5 2445 55
6 6 5 2500 94
10 7 2 2204 8
27 9 6 2340 27
30 8 6 2367 97
38 6 5 2594 71
40 7 5 2665 10
1 8 9 2482 82
22 9 3 2421 51
34 6 2 2212 64
4 8 4 2246 13
32 3 0 2352 11
6 7 7 2594 89
32 4 1 2363 53
36 2 8 2435 78
28 9 4 2331 43
5 5 1 2416 4
14 6 4 2374 39
48 4 7 2683 27
39 4 4 2413 85
36 3 2 2513 33
8 2 0 2363 23
14 7 3 2472 23
34 7 6 2464 46
47 8 8 2513 54
10 8 6 2510 90
17 9 6 2600 27
3 8 5 2675 33
10 9 4 2600 90
4 9 9 2564 2
33 7 0 2386 52
47 9 0 2567 33
36 4 9 2566 4
8 3 5 2708 69
34 8 3 2510 96
13 6 7 2710 46
43 8 4 2690 60
26 2 1 2420 80
32 5 3 2606 35
1 9 4 2750 2
42 3 3 2641 59
39 5 8 2567 66
40 8 9 2675 56
31 9 6 2627 10
29 3 1 2500 85
41 7 9 2731 67
2 5 1 2585 60
15 6 8 2633 2
24 9 9 2798 82
5 6 2 2546 38
13 7 3 2756 81
38 7 4 2752 81
44 4 8 2635 89
6 8 1 2683 96
3 9 3 2837 35
21 6 5 2777 11
18 8 1 2779 93
15 7 4 2833 3
21 7 4 2836 47
2 6 7 2756 14
35 9 1 2872 21
0 9 9 2880 30
14 8 2 2584 100
20 8 2 2684 69
25 9 2 2753 32
33 8 2 2785 39
42 4 2 2824 41
32 6 8 2724 76
23 8 8 2800 46
43 9 3 2872 3
12 8 0 2600 24
18 9 3 2875 64
30 9 2 2865 22
41 8 8 2846 74
37 7 6 2637 61
14 9 8 2920 18
37 8 5 2788 84
13 8 1 2893 71
44 5 1 2964 53
39 6 0 2633 100
40 9 0 2733 3
15 8 9 2910 32
42 5 4 2883 23
23 9 0 2846 93
11 7 2 2887 57
12 9 7 2770 71
33 9 1 3017 94
5 7 6 2698 30
44 6 7 3017 86
26 3 0 2939 89
11 8 1 3111 34
37 9 8 2938 76
34 9 8 3014 59
39 7 3 2939 44
15 9 7 3103 46
11 9 9 3145 56
5 8 4 2906 42
45 7 1 3145 76
45 8 7 3221 2
5 9 8 3073 28
45 9 9 3223 71
38 8 2 2944 45
39 8 2 2989 82
29 4 8 3101 85
41 9 6 2920 39
2 7 4 2948 15
32 7 4 2963 83
20 9 1 3221 8
36 5 7 3223 97
44 7 4 3103 39
36 6 3 3320 60
8 4 8 3186 60
48 5 8 3246 53
38 9 3 3380 62
13 9 6 2964 46
44 8 5 3142 3
39 9 1 3229 36
26 4 5 3145 93
6 9 0 3028 93
44 9 0 3145 87
26 5 4 3238 12
2 8 5 3238 42
32 8 7 3320 55
29 5 5 3280 12
29 6 4 3292 99
36 7 1 3380 29
8 5 1 3409 32
26 6 8 3299 13
48 6 4 3391 52
29 7 7 3391 8
42 6 1 3441 37
21 8 6 3010 67
8 6 7 3441 4
32 9 5 3375 79
48 7 9 3443 35
26 7 7 3445 10
26 8 6 3455 18
2 9 9 3478 56
29 8 3 3442 21
29 9 9 3534 7
36 8 0 3409 79
8 7 6 3473 56
26 9 2 3473 4
48 8 0 3488 23
21 9 0 3511 41
36 9 4 3488 93
42 7 9 3541 4
48 9 2 3511 59
8 8 9 3545 25
42 8 5 3545 69
8 9 3 3570 14
42 9 6 3614 27
