44 0 2 0 44
27 0 2 44 63
7 0 3 0 96
18 0 3 96 56
2 0 0 0 31
9 0 0 31 96
11 0 3 152 36
21 0 4 0 81
42 0 2 107 98
24 0 1 0 54
32 0 4 81 68
48 0 1 54 98
35 0 2 205 35
27 1 3 188 59
49 0 4 149 58
22 0 4 207 74
13 0 1 152 2
40 0 3 247 51
0 0 0 127 92
28 0 4 281 29
11 1 4 310 5
5 0 2 240 46
26 0 0 219 82
19 0 0 301 23
16 0 3 298 16
39 0 4 315 25
9 1 1 154 4
14 0 1 158 21
15 0 4 340 97
20 0 2 286 88
42 1 1 205 100
37 0 1 305 100
17 0 3 314 45
25 0 3 359 16
49 1 2 374 43
27 2 0 324 42
23 0 1 405 1
39 1 2 417 98
3 0 0 366 34
8 0 3 375 5
11 2 2 515 36
17 1 4 437 91
25 1 4 528 1
12 0 2 551 44
26 1 3 380 5
1 0 4 529 82
41 0 0 400 57
9 2 3 385 60
2 1 1 406 26
4 0 4 611 22
47 0 2 595 4
40 1 4 633 49
45 0 2 599 21
30 0 4 682 100
7 1 1 432 87
28 1 2 620 76
39 2 1 519 94
0 1 4 782 49
47 1 1 613 53
37 1 2 696 33
31 0 3 445 34
25 2 1 666 28
44 1 0 457 1
28 2 1 696 6
40 2 1 702 53
49 2 3 479 14
42 2 0 458 47
42 3 4 831 28
39 3 3 613 49
46 0 4 859 26
11 3 0 551 49
11 4 1 755 90
13 1 0 600 18
2 2 3 662 46
5 1 3 708 70
29 0 3 778 55
12 1 1 845 47
11 5 8 845 62
9 3 2 729 43
21 1 3 833 42
44 2 3 875 52
31 1 4 885 35
40 3 2 772 7
49 3 0 618 74
16 1 2 779 19
39 4 0 692 34
46 1 0 885 59
11 6 5 907 74
39 5 9 726 37
25 3 0 944 54
44 3 1 927 43
11 7 9 981 4
13 2 3 927 88
32 1 2 798 89
2 3 2 887 49
12 2 3 1015 75
32 2 1 970 99
13 3 2 1015 27
2 4 4 936 48
5 2 1 1069 3
2 5 8 984 74
44 4 4 984 4
28 3 3 1090 44
31 2 2 1042 18
40 4 0 998 73
49 4 1 1072 64
39 6 7 763 80
39 7 6 843 50
13 4 4 1042 5
5 3 0 1072 44
2 6 7 1058 82
12 3 4 1090 81
32 3 0 1116 3
44 5 6 988 36
13 5 5 1047 36
18 1 2 1060 3
4 1 0 1119 91
2 7 5 1140 47
47 2 4 1171 57
9 4 4 1228 39
40 5 6 1071 96
49 5 7 1140 37
44 6 9 1024 75
42 4 3 1134 4
39 8 8 1058 25
25 4 2 1063 97
12 4 0 1210 30
5 4 4 1267 24
40 6 7 1177 19
0 2 1 1136 93
31 3 1 1229 58
49 6 8 1177 78
2 8 9 1187 93
44 7 8 1255 58
28 4 0 1240 4
31 4 0 1287 98
40 7 9 1280 41
49 7 6 1255 33
39 9 5 1187 72
13 6 7 1196 30
5 5 9 1321 65
2 9 6 1288 91
12 5 7 1240 42
32 4 3 1138 92
44 8 5 1313 61
13 7 6 1379 51
18 2 1 1287 8
4 2 3 1230 54
47 3 3 1284 95
9 5 7 1282 97
40 8 5 1374 55
49 8 9 1386 42
44 9 7 1379 38
29 1 4 1291 84
42 5 7 1417 34
46 2 3 1379 53
46 3 1 1432 45
25 5 5 1429 71
13 8 8 1430 51
12 6 8 1481 100
13 9 9 1481 31
5 6 6 1430 60
35 1 0 1385 60
40 9 8 1581 42
0 3 3 1432 48
31 5 9 1512 78
49 9 5 1500 80
32 5 5 1580 10
42 6 9 1590 55
26 2 2 1160 18
25 6 6 1500 53
12 7 9 1645 81
32 6 6 1590 52
28 5 9 1726 81
19 1 3 1480 28
11 8 6 1642 85
18 3 4 1375 25
4 3 2 1284 49
29 2 1 1477 36
31 6 8 1623 17
5 7 5 1590 94
12 8 6 1727 29
32 7 7 1642 30
18 4 0 1445 90
4 4 1 1513 97
47 4 0 1535 6
9 6 5 1684 2
29 3 0 1541 42
42 7 5 1686 32
46 4 2 1477 23
46 5 5 1718 55
25 7 8 1640 32
12 9 5 1773 31
5 8 8 1684 58
35 2 4 1445 61
0 4 2 1500 1
31 7 5 1804 53
32 8 8 1742 66
42 8 6 1756 72
26 3 4 1506 71
25 8 7 1672 26
32 9 9 1808 69
28 6 5 1857 29
19 2 1 1610 49
11 9 7 1727 53
48 1 2 1501 77
22 1 2 1578 73
0 5 7 1780 52
28 7 7 1886 95
5 9 7 1981 22
26 4 1 1659 50
19 3 2 1659 5
9 7 9 1877 81
14 1 0 1583 57
15 1 2 1664 72
42 9 8 1828 66
37 2 3 1508 94
25 9 9 1958 28
26 5 5 1886 41
28 8 8 1981 66
14 2 3 1640 100
31 8 6 1857 85
31 9 7 2003 86
22 2 3 1740 63
14 3 2 1740 100
21 2 0 1640 19
41 1 1 1709 86
45 1 4 1577 6
30 1 0 1659 46
28 9 6 2047 89
16 2 1 1795 70
14 4 4 1840 59
15 2 1 1865 70
20 1 0 1705 86
37 3 0 1791 59
29 4 2 1840 64
9 8 6 2136 89
21 3 2 1904 100
16 3 0 1865 7
46 6 8 2047 12
18 5 8 2059 99
4 5 9 1986 2
47 5 6 2225 30
9 9 8 2225 91
29 5 5 1927 81
27 3 1 1935 74
7 2 0 1872 36
18 6 6 2255 22
21 4 1 2009 10
24 1 2 2004 18
48 2 3 1803 65
35 3 1 2019 61
27 4 4 2009 32
22 3 1 2080 9
0 6 6 2277 57
26 6 7 2089 62
19 4 4 2041 17
16 4 4 2058 74
14 5 8 2316 77
15 3 3 1935 99
20 2 4 2132 8
37 4 4 2140 25
17 2 2 2022 28
27 5 5 2041 50
23 1 3 2034 44
3 1 4 2165 37
8 1 2 2050 47
17 3 0 2050 52
26 7 9 2151 89
1 1 3 2078 25
41 2 2 2097 1
4 6 7 2151 46
47 6 8 2393 1
45 2 3 2103 32
27 6 6 2334 21
23 2 0 2102 66
3 2 1 2202 82
8 2 1 2284 59
17 4 1 2343 12
26 8 6 2355 93
1 2 2 2103 69
0 7 9 2334 16
26 9 8 2448 54
19 5 7 2197 40
16 5 6 2448 7
14 6 7 2393 21
15 4 0 2168 42
20 3 1 2355 41
37 5 5 2165 88
17 5 5 2355 45
27 7 7 2414 29
23 3 4 2202 19
3 3 3 2284 25
8 3 0 2343 57
17 6 6 2455 7
1 3 1 2396 86
41 3 4 2221 61
4 7 5 2400 98
47 7 7 2443 92
45 3 1 2482 74
30 2 1 2556 69
7 3 2 2172 57
0 8 5 2498 6
47 8 9 2535 20
37 6 9 2555 50
46 7 7 2535 34
29 6 8 2502 85
21 5 5 2504 23
46 8 6 2569 98
18 7 9 2605 65
4 8 6 2667 27
47 9 5 2555 86
29 7 6 2694 76
46 9 9 2670 43
35 4 3 2309 72
0 9 8 2587 6
27 8 8 2593 83
23 4 2 2229 65
17 7 7 2569 15
41 4 3 2381 66
4 9 8 2694 89
45 4 0 2556 57
30 3 3 2625 41
7 4 4 2282 7
37 7 6 2770 19
29 8 7 2770 4
21 6 9 2713 71
16 6 5 2641 50
18 8 7 2774 51
29 9 9 2784 16
19 6 9 2800 30
22 4 0 2613 51
14 7 5 2691 98
20 4 3 2666 12
36 0 3 2678 85
18 9 5 2825 31
16 7 9 2830 74
14 8 6 2789 38
3 4 2 2309 43
8 4 4 2400 28
35 5 9 2904 57
41 5 6 2827 28
38 0 2 2352 8
36 1 2 2763 38
45 5 5 2856 72
35 6 8 2961 94
20 5 6 2855 67
14 9 9 2961 84
37 8 8 3055 4
17 8 9 3045 22
27 9 9 3067 64
1 4 0 2664 54
41 6 5 2928 56
45 6 8 3059 10
30 4 2 2801 3
7 5 8 3069 36
37 9 7 3059 66
35 7 5 3055 77
19 7 5 3132 62
36 2 0 2801 79
30 5 6 2922 18
7 6 9 3131 26
35 8 7 3132 1
22 5 8 3105 39
15 5 6 2940 94
41 7 7 3133 68
30 6 5 3194 41
7 7 5 3235 94
38 1 0 2880 85
24 2 4 2428 99
35 9 6 3133 53
24 3 0 2965 79
48 3 4 2527 51
19 8 8 3194 65
15 6 5 3329 59
20 6 9 3157 77
17 9 8 3259 31
23 5 7 3201 10
3 5 6 3186 11
8 5 9 3234 24
1 5 6 3197 15
41 8 8 3290 21
45 7 9 3258 34
23 6 6 3212 23
3 6 9 3292 71
8 6 8 3311 79
1 6 5 3388 31
41 9 9 3363 65
45 8 6 3292 91
30 7 7 3235 94
7 8 6 3383 47
19 9 6 3430 84
23 7 8 3390 26
3 7 5 3419 55
8 7 6 3514 19
1 7 9 3428 5
36 3 4 2880 43
45 9 7 3383 94
30 8 8 3416 97
7 9 7 3477 70
22 6 7 3547 7
15 7 9 3433 90
20 7 5 3474 94
23 8 9 3523 76
3 8 7 3554 34
16 8 8 3513 46
15 8 8 3559 78
20 8 7 3588 80
21 7 8 3637 18
24 4 3 3044 22
48 4 0 3044 85
22 7 6 3554 96
16 9 7 3668 88
15 9 7 3756 13
20 9 8 3668 11
23 9 5 3599 77
3 9 8 3679 77
8 8 5 3676 44
1 8 7 3769 6
30 9 9 3599 30
21 8 6 3655 93
21 9 7 3775 36
48 5 7 3811 23
22 8 5 3720 81
38 2 1 2965 80
36 4 1 3045 71
36 5 6 3748 44
24 5 5 3801 2
38 3 4 3045 75
8 9 7 3834 35
1 9 8 3775 18
24 6 6 3803 42
38 4 3 3120 1
36 6 5 3803 87
24 7 8 3845 54
48 6 6 3845 79
38 5 7 3869 17
36 7 8 3899 61
22 9 9 3801 22
24 8 7 3899 90
48 7 5 3924 30
38 6 9 3886 32
36 8 7 3989 51
24 9 9 3989 28
48 8 8 3960 41
38 7 6 3924 60
36 9 9 4040 37
38 8 5 3984 30
48 9 9 4077 17
38 9 8 4014 57
10 0 2 2804 23
10 1 4 3120 74
10 2 3 3194 98
10 3 0 3292 24
34 0 4 3194 47
34 1 0 3316 68
10 4 1 3316 75
34 2 2 3384 87
34 3 3 3471 92
10 5 9 4094 57
34 4 1 3563 96
34 5 6 3984 29
34 6 5 4014 90
34 7 8 4104 29
10 6 8 4151 93
10 7 6 4244 74
34 8 7 4133 39
34 9 9 4172 100
10 8 5 4318 10
10 9 7 4328 44
6 0 3 3563 53
33 0 0 3384 21
33 1 3 3616 65
33 2 4 3681 19
33 3 2 3700 14
33 4 1 3714 76
33 5 9 4272 84
33 6 6 4356 45
33 7 5 4401 24
33 8 8 4425 54
43 0 4 3700 2
6 1 0 3616 99
43 1 0 3715 74
6 2 1 3790 80
43 2 2 3789 20
6 3 2 3870 74
6 4 4 3944 29
43 3 1 3870 39
6 5 6 4401 72
43 4 3 3909 63
6 6 7 4473 54
43 5 5 4425 88
6 7 5 4527 98
6 8 8 4625 60
33 9 7 4527 73
43 6 9 4513 3
6 9 9 4685 69
43 7 7 4600 22
43 8 6 4622 8
43 9 8 4685 73
