10 0 2 0 15
6 0 4 0 88
15 0 1 0 46
13 0 1 46 83
7 0 0 0 52
13 1 2 129 52
14 0 4 88 44
15 1 0 52 97
7 1 1 129 59
14 1 0 149 26
4 0 6 0 78
17 0 0 175 97
9 0 5 0 94
7 2 5 188 98
8 0 0 272 2
11 0 3 0 30
2 0 6 78 16
6 1 1 188 28
17 1 6 272 24
19 0 2 181 85
3 0 0 274 72
5 0 4 132 54
6 2 5 286 92
12 0 5 378 40
13 2 0 346 84
0 0 3 30 8
0 1 2 266 73
5 1 6 296 31
11 1 6 327 33
14 2 1 216 59
15 2 5 418 67
11 2 0 430 13
14 3 6 360 81
19 1 0 443 100
3 1 1 346 17
16 0 3 38 71
6 3 6 441 62
2 1 4 186 68
9 1 1 363 28
9 2 0 543 77
15 3 4 485 97
13 3 3 430 66
13 4 5 496 3
14 4 2 441 84
1 0 6 503 45
16 1 6 548 13
0 2 1 391 79
10 1 5 499 88
5 2 5 587 14
10 2 6 587 18
4 1 2 525 24
8 1 6 605 85
1 1 1 548 70
14 5 5 601 81
17 2 2 549 41
3 2 3 496 68
3 3 4 582 89
2 2 1 618 85
12 1 1 703 75
0 3 0 620 95
7 3 3 564 6
7 4 2 590 19
11 3 4 671 4
8 2 3 690 34
2 3 0 715 39
10 3 3 724 14
18 0 5 682 88
0 4 6 715 69
17 3 4 675 40
4 2 5 770 28
13 5 6 784 5
11 4 2 675 74
8 3 2 749 51
6 4 3 738 93
2 4 5 798 40
10 4 1 778 82
11 5 1 860 37
19 2 5 838 51
9 3 2 800 56
1 2 4 715 84
6 5 0 831 14
12 2 6 789 45
13 6 4 799 71
0 5 4 870 9
0 6 5 889 5
5 3 3 831 47
11 6 5 897 78
14 6 3 878 91
2 5 2 856 98
0 7 8 894 85
10 5 0 860 58
4 3 0 918 73
7 5 6 834 53
7 6 4 887 39
8 4 4 926 97
18 1 3 969 48
17 4 1 897 51
13 7 13 870 41
17 5 5 975 73
9 4 6 887 79
7 7 8 979 74
8 5 5 1048 95
2 6 3 1017 61
6 6 2 954 65
17 6 3 1078 19
19 3 6 966 91
11 7 14 975 2
19 4 1 1057 21
1 3 3 1097 24
6 7 7 1019 33
12 3 0 991 41
13 8 10 911 42
14 7 13 969 41
5 4 0 1032 82
0 8 9 979 52
5 5 1 1114 75
6 8 9 1052 44
12 4 3 1121 97
13 9 11 953 63
0 9 11 1031 43
0 10 14 1074 32
5 6 2 1189 4
11 8 13 1010 56
14 8 7 1052 42
15 4 3 1218 71
11 9 9 1096 21
14 9 11 1094 53
19 5 3 1289 83
3 4 2 1193 94
16 2 4 1023 100
6 9 8 1096 31
2 7 10 1078 77
9 5 4 1123 2
9 6 3 1372 82
15 5 6 1289 88
13 10 12 1016 50
13 11 14 1106 43
14 10 8 1147 63
1 4 5 1143 18
16 3 2 1287 67
0 11 7 1106 91
10 6 4 1125 33
5 7 8 1210 31
10 7 13 1158 19
4 4 4 1158 21
8 6 1 1189 73
1 5 0 1161 20
14 11 14 1210 89
17 7 9 1117 27
3 5 6 1377 98
3 6 5 1475 56
2 8 7 1197 60
16 4 1 1354 57
0 12 10 1197 24
4 5 1 1411 69
8 7 14 1299 61
2 9 11 1257 73
12 5 2 1354 65
7 8 12 1066 48
10 8 10 1221 42
18 2 1 1480 33
0 13 13 1221 89
17 8 12 1144 70
4 6 3 1480 52
13 12 8 1241 3
11 10 10 1263 61
8 8 9 1360 28
6 10 14 1360 32
2 10 9 1388 66
10 9 9 1454 36
11 11 11 1330 81
19 6 4 1372 30
9 7 9 1490 88
1 6 2 1419 71
6 11 11 1411 72
12 6 4 1419 92
13 13 9 1578 35
11 12 7 1411 18
14 12 9 1613 15
5 8 12 1241 72
0 14 12 1313 38
7 9 10 1324 33
7 10 13 1357 49
11 13 8 1429 59
8 9 12 1388 73
2 11 14 1454 84
10 10 14 1538 57
18 3 4 1513 96
17 9 13 1406 98
4 7 14 1595 32
13 14 7 1613 18
11 14 12 1488 62
8 10 8 1488 21
6 12 13 1504 47
2 12 8 1538 16
10 11 12 1595 85
19 7 12 1680 23
9 8 10 1578 93
1 7 8 1554 21
6 13 12 1703 61
12 7 7 1631 11
5 9 7 1642 58
15 6 2 1490 69
1 8 7 1700 60
16 5 5 1531 24
7 11 11 1483 92
15 7 14 1627 44
7 12 7 1760 22
4 8 8 1627 83
17 10 10 1671 11
9 9 12 1764 44
7 13 14 1782 41
8 11 11 1575 85
2 13 13 1554 43
6 14 10 1764 34
17 11 11 1682 83
19 8 9 1703 48
3 7 10 1798 88
5 10 9 1751 45
12 8 12 1808 44
15 8 12 1852 20
19 9 8 1751 19
3 8 13 1886 27
16 6 0 1555 36
2 14 12 1872 88
9 10 14 1823 5
7 14 9 1823 37
8 12 7 1782 75
10 12 7 1857 3
18 4 6 1609 10
17 12 7 1860 76
4 9 11 1765 48
8 13 13 1913 42
10 13 11 1860 62
19 10 11 1922 47
9 11 8 1828 96
1 9 9 1860 98
12 9 8 1924 40
5 11 13 1955 91
14 13 10 1886 64
4 10 10 1950 29
8 14 10 1979 7
18 5 0 1619 49
10 14 8 1964 36
18 6 2 1668 52
17 13 8 2000 60
4 11 13 2046 48
19 11 10 1986 95
9 12 7 1936 34
1 10 10 2081 70
12 10 9 1964 100
14 14 12 1960 40
5 12 14 2046 31
15 9 11 1969 52
1 11 13 2151 52
16 7 7 1970 88
15 10 13 2203 34
4 12 12 2094 92
17 14 14 2077 12
9 13 13 2237 56
19 12 7 2081 23
16 8 14 2089 79
5 13 11 2077 61
12 11 11 2138 91
5 14 10 2151 27
15 11 10 2237 74
3 9 9 2064 60
16 9 8 2168 21
9 14 11 2293 41
15 12 8 2311 79
16 10 9 2189 86
4 13 9 2275 43
3 10 12 2186 61
3 11 8 2390 8
19 13 14 2168 78
1 12 12 2247 34
12 12 14 2246 66
18 7 10 2311 38
4 14 7 2318 82
19 14 13 2293 22
1 13 11 2334 23
12 13 13 2315 53
15 13 7 2400 10
1 14 14 2357 52
16 11 12 2281 60
3 12 7 2410 88
16 12 11 2357 28
18 8 13 2368 49
3 13 11 2498 48
12 14 10 2368 27
18 9 7 2498 31
3 14 14 2546 65
15 14 9 2410 87
18 10 12 2529 94
16 13 10 2395 14
16 14 13 2417 3
18 11 14 2623 23
18 12 9 2646 7
18 13 11 2653 5
18 14 8 2658 4
