25 0 6 0 60
18 0 3 0 42
1 0 9 0 82
49 0 4 0 6
41 0 7 0 95
16 0 1 0 49
7 0 9 82 37
27 0 9 119 51
20 0 5 0 83
41 1 0 95 60
44 0 0 155 66
8 0 3 42 82
44 1 8 221 12
20 1 3 124 75
31 0 9 170 13
32 0 7 95 45
3 0 2 0 94
29 0 4 6 77
31 1 4 183 25
18 1 1 49 93
47 0 6 60 91
19 0 5 83 88
23 0 0 221 40
33 0 4 208 57
6 0 2 94 78
49 1 1 142 94
19 1 9 183 44
36 0 5 171 33
3 1 3 199 86
40 0 1 236 63
29 1 2 172 13
44 2 1 299 9
7 1 4 265 89
23 1 8 261 34
8 1 2 185 31
4 0 7 140 55
15 0 4 354 43
14 0 7 195 49
34 0 7 244 49
38 0 9 227 23
48 0 8 295 87
28 0 6 151 88
14 1 5 244 8
2 0 7 293 14
4 1 1 308 87
38 1 6 250 95
39 0 9 250 96
0 0 7 307 9
34 1 5 293 31
34 2 8 382 79
40 1 7 316 16
48 1 5 382 58
5 0 2 216 88
41 2 3 285 62
16 1 6 345 69
7 2 3 354 26
39 1 8 461 21
8 2 1 395 98
20 2 1 493 44
0 1 2 316 57
12 0 6 414 28
25 1 5 440 3
29 2 8 482 96
15 1 1 537 95
10 0 8 578 94
46 0 9 346 5
30 0 7 332 91
27 1 2 373 27
8 3 5 493 25
31 2 6 442 62
29 3 3 578 61
31 3 0 504 4
48 2 7 440 44
25 2 2 443 60
2 1 5 518 49
3 2 8 672 41
12 1 0 508 86
8 4 0 594 16
19 2 0 610 63
8 5 7 610 23
21 0 7 633 71
24 0 9 351 87
40 2 6 504 40
45 0 3 639 97
43 0 1 632 24
42 0 3 736 24
36 1 4 397 39
9 0 6 544 66
8 6 9 633 92
23 2 2 503 7
48 3 1 656 6
34 3 6 610 83
33 1 1 662 1
41 3 2 510 7
20 3 2 537 79
38 2 0 673 42
48 4 6 693 22
13 0 6 715 18
46 1 4 436 22
18 2 4 458 90
1 1 1 663 35
16 2 3 760 73
7 3 6 733 59
27 2 6 792 81
20 4 7 704 63
15 2 0 715 18
39 2 4 548 17
3 3 5 713 27
12 2 3 833 54
31 4 1 698 31
11 0 5 740 22
21 1 0 733 23
24 1 2 616 39
15 3 9 733 99
10 1 9 832 11
28 1 1 729 46
40 3 2 655 22
42 1 7 767 60
5 1 1 775 98
32 1 5 762 50
26 0 5 812 22
40 4 9 843 48
46 2 2 677 3
22 0 5 834 42
20 5 6 873 32
29 4 0 756 21
18 3 6 905 88
14 2 2 680 36
37 0 3 887 88
45 1 1 873 29
31 5 8 729 76
37 1 7 975 47
45 2 0 902 59
43 1 6 993 30
42 2 6 1023 35
23 3 9 891 17
18 4 2 993 70
44 3 5 876 50
15 4 7 1022 98
11 1 1 902 87
24 2 3 975 23
28 2 5 926 16
17 0 0 961 5
5 2 3 998 67
32 2 1 989 14
26 1 1 1003 55
22 1 2 1063 43
10 2 6 1058 3
0 2 9 908 62
37 2 0 1022 35
22 2 6 1106 37
11 2 9 989 61
46 3 8 805 63
30 1 5 942 14
16 3 9 1050 52
4 2 8 868 51
29 5 7 1120 39
31 6 5 956 3
25 3 7 1159 40
2 2 3 1065 48
6 1 0 1057 18
8 7 4 725 89
8 8 6 1143 32
35 0 9 1102 24
47 1 8 919 74
19 3 7 1199 92
22 3 9 1143 98
21 2 5 959 93
36 2 3 1113 50
9 1 1 1058 58
6 2 4 1075 43
26 2 2 1106 32
35 1 5 1126 40
47 2 1 1116 88
15 5 3 1163 26
10 3 1 1204 86
45 3 4 1118 64
43 2 0 1075 9
35 2 4 1182 81
1 2 8 993 37
17 1 1 1290 69
30 2 3 1189 37
14 3 8 1030 31
4 3 5 1166 29
29 6 5 1195 12
48 5 3 1226 57
25 4 0 1199 54
2 3 9 1241 34
3 4 7 1291 29
13 1 1 1359 2
20 6 0 1253 10
48 6 9 1283 78
34 4 1 1361 40
48 7 4 1361 19
35 3 3 1283 10
47 3 5 1207 2
39 3 7 1320 12
27 3 8 1061 87
43 3 3 1293 89
42 3 2 1138 77
36 3 1 1401 96
33 2 0 1263 74
41 4 9 1361 2
38 3 1 1497 84
13 2 2 1361 23
46 4 5 1209 1
32 3 0 1337 69
6 3 3 1382 86
26 3 0 1406 83
34 5 4 1401 65
35 4 6 1293 59
18 5 8 1148 11
1 3 5 1210 26
44 4 2 1384 14
39 4 1 1581 25
24 3 8 1159 48
17 2 3 1468 38
37 3 4 1466 69
13 3 8 1384 49
6 4 9 1468 78
11 3 2 1398 2
40 5 5 1236 87
33 3 8 1433 1
7 4 0 1489 89
8 9 8 1434 12
45 4 9 1546 17
42 4 1 1606 85
36 4 7 1497 62
9 2 5 1323 14
23 4 5 1337 60
48 8 2 1400 74
7 5 5 1578 90
27 4 0 1578 79
20 7 4 1535 2
41 5 8 1446 81
44 5 9 1563 76
31 7 7 1559 8
32 4 9 1639 43
29 7 6 1352 49
31 8 3 1567 26
18 6 9 1682 54
47 4 7 1567 61
23 5 4 1537 98
33 4 6 1434 96
6 5 6 1546 43
49 2 0 1657 45
36 5 2 1559 72
40 6 0 1702 15
29 8 9 1736 73
7 6 1 1691 91
4 4 9 1809 93
15 6 8 1527 99
14 4 6 1589 47
34 6 3 1593 34
38 4 8 1626 57
48 9 0 1717 6
28 3 2 1631 62
14 5 3 1636 90
2 4 4 1635 52
4 5 3 1902 51
38 5 4 1687 42
39 5 2 1693 9
0 3 5 1668 34
34 7 2 1702 32
34 8 9 1902 97
5 3 8 1683 41
16 4 0 1723 10
7 7 8 1782 28
39 6 6 1702 7
0 4 6 1709 83
12 3 2 1734 68
25 5 1 1782 68
28 4 9 1999 95
17 3 7 1628 35
40 7 8 1810 24
42 5 8 1834 57
5 4 6 1792 23
26 4 8 1891 38
40 8 3 1953 37
44 6 4 1729 90
47 5 4 1819 39
19 4 1 1850 4
49 3 2 1802 54
41 6 5 1702 83
16 5 7 1733 41
7 8 7 1810 37
20 8 9 2094 6
41 7 4 1858 64
20 9 8 2100 56
31 9 2 1856 95
32 5 4 1922 1
40 9 4 1990 55
46 5 7 1847 23
22 4 0 1733 55
29 9 1 1854 86
18 7 7 1870 76
14 6 0 1788 7
37 4 1 1940 79
45 5 2 1951 77
37 5 9 2100 61
45 6 5 2028 60
43 4 8 2156 72
42 6 9 2161 29
23 6 7 1946 34
18 8 5 2088 40
1 4 6 1815 21
44 7 3 1990 43
15 7 5 2128 90
11 4 3 2033 15
24 4 6 1836 83
28 5 7 2094 63
17 4 5 2218 23
5 5 9 2190 70
32 6 6 1923 73
26 5 4 2045 22
44 8 7 2157 48
22 5 3 2048 35
10 4 2 2028 4
0 5 0 1795 33
37 6 2 2161 25
22 6 4 2083 45
11 5 6 2048 37
46 6 0 1870 1
30 3 0 1871 17
16 6 8 2228 42
14 7 9 2260 6
4 6 0 1953 54
25 6 4 2128 49
2 5 1 2019 16
3 5 6 2085 53
13 4 7 2205 82
6 6 7 2287 62
26 6 6 2138 29
35 5 8 2270 83
47 6 0 2007 35
39 7 5 2241 26
25 7 8 2353 50
10 5 5 2267 19
30 4 9 2266 49
27 5 7 2349 1
19 5 4 2177 91
41 8 1 2035 68
7 9 2 2186 51
22 7 1 2128 8
21 3 3 2083 44
36 6 8 2403 42
43 5 4 2268 77
9 3 3 2127 42
6 7 8 2445 42
35 6 2 2353 66
33 5 2 2419 92
12 4 4 2345 63
11 6 7 2350 81
24 5 7 2431 50
17 5 2 2511 40
5 6 7 2481 26
32 7 8 2487 35
26 7 7 2507 23
46 7 3 2169 61
30 5 4 2408 27
27 6 3 2350 14
25 8 9 2403 22
2 6 2 2551 78
3 6 9 2425 5
12 5 1 2408 33
19 6 6 2268 92
21 4 6 2360 36
45 7 7 2530 16
43 6 2 2629 7
42 7 5 2286 59
36 7 6 2445 86
9 4 0 2169 62
23 7 6 2531 23
33 6 7 2546 85
38 6 2 2636 2
18 9 0 2231 94
1 5 3 2364 78
27 7 5 2364 73
44 9 6 2554 63
2 7 0 2629 24
0 6 1 2441 80
16 7 5 2437 96
30 6 1 2521 68
41 9 6 2617 66
10 6 7 2631 93
0 7 4 2521 46
22 8 8 2522 5
46 8 1 2589 92
30 7 2 2638 60
16 8 4 2567 85
49 4 9 2430 67
21 5 4 2652 27
27 8 4 2679 25
25 9 3 2442 34
2 8 8 2653 58
3 7 0 2653 36
12 6 8 2711 22
19 7 8 2733 53
21 6 2 2698 96
24 6 5 2533 9
45 8 6 2683 61
43 7 5 2636 23
42 8 4 2704 53
36 8 9 2531 66
9 5 8 2786 66
23 8 1 2681 37
33 7 5 2659 42
38 7 5 2701 79
1 6 7 2724 64
27 9 1 2718 14
37 7 8 2852 56
11 7 0 2689 17
45 9 8 2908 40
43 8 9 2659 73
42 9 0 2757 14
33 8 3 2701 12
32 8 3 2713 1
37 8 5 2908 68
6 8 1 2732 44
26 8 9 2732 59
47 7 2 2794 23
30 8 6 2744 42
19 8 3 2786 52
0 8 3 2838 21
11 8 8 2948 31
21 7 1 2794 23
10 7 4 2757 43
28 6 4 2800 78
17 6 8 2979 17
12 7 5 2976 35
21 8 9 2817 35
24 7 1 2817 49
36 9 0 2771 80
9 6 4 2878 46
23 9 3 2859 58
13 5 9 2852 8
1 7 4 2924 33
39 8 0 2851 81
10 8 0 2932 78
28 7 0 3010 9
17 7 4 2996 33
5 7 4 3029 28
26 9 3 2917 90
22 9 7 2788 100
47 8 9 2860 84
49 5 7 2888 90
14 8 1 2866 44
4 7 6 2786 85
30 9 8 2996 15
2 9 6 2871 43
37 9 6 2976 96
43 9 7 2978 35
1 8 2 2957 40
28 8 3 3019 68
17 8 6 3072 99
5 8 5 3057 17
32 9 2 2997 61
3 8 4 3057 98
47 9 3 3087 27
19 9 2 3058 38
33 9 9 2944 38
6 9 5 3074 9
49 6 5 3083 19
3 9 1 3155 37
15 8 2 3096 24
10 9 3 3114 11
46 9 6 3171 19
12 8 9 3011 84
21 9 8 3011 21
24 8 0 3019 37
9 7 7 3013 88
34 9 0 3056 25
38 8 3 3125 29
13 6 4 3155 73
1 9 0 3081 21
16 9 2 3120 76
15 9 6 3190 91
39 9 3 3154 51
12 9 7 3101 15
11 9 4 3228 73
24 9 4 3301 42
28 9 8 3087 37
5 9 0 3102 87
13 7 5 3228 31
9 8 2 3196 89
49 7 8 3124 72
4 8 2 3285 20
14 9 4 3343 51
38 9 7 3154 90
4 9 4 3394 29
0 9 8 3196 89
9 9 9 3285 97
13 8 3 3259 20
17 9 9 3382 82
13 9 0 3279 1
49 8 6 3281 70
35 7 1 3192 28
35 8 7 3244 33
49 9 3 3351 58
35 9 0 3280 31
