4 0 9 0 18
36 0 5 0 10
21 0 7 0 70
29 0 1 0 51
37 0 7 70 60
44 0 1 51 67
31 0 6 0 76
43 0 8 0 60
3 0 4 0 87
31 1 9 76 86
0 0 7 130 74
46 0 8 60 22
2 0 7 204 17
38 0 2 0 27
8 0 6 76 43
42 0 4 87 98
49 0 3 0 38
12 0 2 27 61
35 0 6 119 90
0 1 1 204 27
22 0 9 162 38
5 0 2 88 36
44 1 0 118 42
34 0 8 82 59
41 0 2 124 80
48 0 7 221 76
40 0 6 209 57
14 0 3 38 26
30 0 1 231 11
24 0 4 185 6
48 1 6 297 61
29 1 9 200 21
25 0 4 191 90
17 0 8 141 60
16 0 4 281 3
8 1 5 119 31
45 0 9 221 35
25 1 6 358 56
49 1 4 284 11
38 1 5 150 16
37 1 0 160 27
12 1 0 187 40
7 0 4 295 85
22 1 0 227 94
21 1 9 256 81
5 1 8 201 41
34 1 1 242 9
21 2 1 337 60
14 1 2 204 42
42 1 6 414 17
49 2 0 321 30
12 2 4 380 99
35 1 2 246 35
22 2 2 321 46
44 2 8 242 93
34 2 3 251 59
41 1 5 204 23
40 1 7 297 100
32 0 3 310 33
32 1 1 397 49
14 2 8 335 55
30 1 8 390 38
24 1 8 428 58
17 1 6 431 59
16 1 9 337 44
37 2 5 227 69
26 0 0 351 66
29 2 3 343 32
8 2 9 381 99
45 1 3 375 61
18 0 4 479 77
38 2 6 490 15
12 3 1 479 51
7 1 9 480 21
35 2 5 296 89
46 1 5 385 25
35 3 0 417 59
39 0 1 530 79
41 2 4 556 54
23 0 7 397 30
46 2 7 427 29
44 3 2 367 47
41 3 6 610 39
23 1 6 649 9
19 0 8 486 38
17 2 3 490 67
8 3 2 480 12
20 0 9 501 36
11 0 9 537 35
30 2 2 492 14
41 4 9 649 77
23 2 5 658 13
11 1 7 572 41
31 2 3 557 40
18 1 8 556 41
12 4 7 613 46
48 2 8 597 64
29 3 6 658 20
40 2 4 610 73
37 3 8 661 58
24 2 6 678 51
21 3 5 671 85
17 3 2 557 85
10 0 5 756 61
5 2 6 729 60
13 0 4 683 15
27 0 3 597 12
25 2 7 659 97
3 1 3 609 3
14 3 4 698 24
32 2 0 476 94
11 2 6 789 16
23 3 2 671 79
49 3 5 817 37
36 1 6 805 85
36 2 4 890 97
49 4 7 854 57
45 2 5 854 93
25 3 9 756 37
16 2 3 612 90
41 5 3 726 65
19 1 9 793 57
8 4 0 570 6
22 3 5 947 20
8 5 7 911 79
14 4 0 722 43
30 3 9 850 12
31 3 4 987 30
43 1 7 990 74
49 5 9 911 64
2 1 0 765 65
28 0 8 719 99
19 2 7 1064 42
12 5 6 890 39
6 0 9 975 52
15 0 5 967 21
24 3 7 1106 48
48 3 3 791 90
29 4 0 830 80
38 3 4 1017 40
7 2 3 881 27
22 4 8 967 87
21 4 3 908 63
5 3 9 1027 43
12 6 3 971 43
48 4 0 910 20
15 1 8 1054 78
10 1 4 1057 88
5 4 0 1070 66
47 0 8 1132 11
1 0 5 988 10
49 6 1 975 68
38 4 8 1143 16
18 2 2 750 74
25 4 0 1136 38
3 2 9 1070 81
14 5 1 1043 83
32 3 2 824 17
11 3 3 1014 58
30 4 3 1072 39
19 3 5 1106 64
14 6 9 1151 27
40 3 9 1178 17
9 0 4 1145 90
24 4 2 1154 68
48 5 2 1222 43
29 5 7 1154 58
17 4 0 1174 43
8 6 3 1111 81
18 3 6 929 99
37 4 6 1028 67
18 4 0 1217 100
29 6 2 1265 91
24 5 3 1222 34
17 5 7 1217 93
17 6 5 1310 44
15 2 6 1132 97
10 2 6 1229 10
20 1 4 1235 22
47 1 4 1257 93
7 3 7 1310 53
13 1 8 1159 38
27 1 9 1195 37
18 5 1 1317 45
25 5 1 1362 47
14 7 7 1363 38
32 4 6 1239 17
20 2 8 1257 39
11 4 0 1317 86
30 5 5 1354 34
41 6 7 1401 59
23 4 8 1296 81
10 3 3 1256 48
11 5 2 1403 69
8 7 1 1409 18
36 3 1 1427 3
23 5 0 1403 25
36 4 0 1430 79
45 3 8 1377 83
25 6 2 1472 56
16 3 1 1430 64
14 8 6 1401 37
34 3 5 1388 62
35 4 9 1232 28
46 3 3 1304 70
41 7 0 1509 7
23 6 9 1428 93
44 4 5 1450 34
41 8 1 1516 63
23 7 4 1521 85
45 4 7 1460 87
25 7 3 1528 8
9 1 6 1438 100
24 6 5 1484 78
48 6 9 1521 50
42 2 8 1460 44
28 1 9 1571 79
6 1 4 1606 99
15 3 0 1516 77
9 2 1 1579 15
48 7 1 1594 13
16 4 5 1562 52
22 5 1 1607 41
0 2 5 1614 66
33 0 4 1705 75
2 2 6 1538 93
1 1 0 1593 11
32 5 8 1504 70
42 3 5 1680 1
38 5 1 1648 92
31 4 2 1528 97
11 6 5 1681 58
31 5 0 1625 59
18 6 9 1650 14
12 7 9 1664 37
25 8 5 1739 37
3 3 0 1684 17
14 9 5 1776 58
32 6 5 1834 17
11 7 1 1740 93
30 6 0 1701 37
8 8 8 1574 73
12 8 8 1701 88
20 3 0 1738 76
3 4 6 1701 44
32 7 7 1851 42
20 4 1 1833 78
11 8 4 1833 47
30 7 6 1745 94
41 9 8 1789 32
23 8 3 1606 78
49 7 8 1821 42
11 9 8 1880 77
8 9 4 1880 55
49 8 2 1863 19
32 8 4 1935 26
20 5 2 1911 27
30 8 4 1961 10
43 2 3 1684 60
49 9 6 1882 79
32 9 9 1961 24
20 6 5 1938 55
2 3 8 1957 62
3 5 2 1938 82
17 7 4 1971 22
16 5 8 2019 35
37 5 2 2020 36
26 1 8 2054 15
29 7 5 1993 84
45 5 4 1993 66
25 9 8 2069 7
38 6 9 1985 60
37 6 9 2056 31
12 9 5 2077 9
7 4 0 1814 86
22 6 4 2059 41
21 5 6 1961 97
5 5 5 2086 34
34 4 9 2087 79
21 6 2 2058 61
35 5 7 1893 51
46 4 6 2058 93
39 1 7 1944 99
38 7 7 2045 43
23 9 1 1911 76
46 5 1 2151 19
44 5 7 2088 11
19 4 1 2170 80
20 7 3 1993 10
45 6 0 2059 96
3 6 7 2099 16
26 2 1 2250 39
36 5 9 2166 86
10 4 0 2155 100
7 5 1 2289 36
40 4 8 2076 3
9 3 0 2255 40
24 7 9 2252 59
48 8 5 2120 4
5 6 3 2120 24
24 8 1 2325 98
20 8 6 2151 5
40 5 3 2144 64
42 4 3 2208 10
42 5 7 2218 56
35 6 4 2100 69
38 8 3 2218 2
21 7 8 2119 44
5 7 7 2274 11
39 2 0 2295 27
3 7 5 2124 13
28 2 3 2220 99
6 2 6 2156 62
15 4 9 2311 82
9 4 7 2295 96
47 2 5 2137 97
48 9 4 2169 47
7 6 6 2325 35
13 2 2 2119 84
37 7 3 2319 69
27 2 4 2216 79
10 5 2 2255 62
17 8 1 2423 68
28 3 2 2319 87
9 5 9 2393 25
4 1 6 2360 33
16 6 7 2391 18
3 8 8 2163 100
47 3 1 2491 28
6 3 0 2322 50
27 3 8 2295 95
29 8 8 2390 62
21 8 0 2372 5
22 7 3 2388 40
16 7 2 2409 45
45 7 2 2454 55
18 7 3 2428 26
10 6 1 2519 83
0 3 3 2454 89
33 1 1 2602 20
44 6 6 2393 100
17 9 9 2491 38
4 2 7 2409 35
47 4 2 2519 14
26 3 5 2289 89
44 7 9 2529 15
15 5 4 2393 26
9 6 5 2418 43
4 3 0 2444 78
33 2 9 2622 93
1 2 2 2533 38
18 8 7 2454 98
29 9 4 2452 91
26 4 7 2552 3
18 9 5 2552 77
46 6 0 2522 49
39 3 9 2715 56
46 7 9 2771 62
44 8 4 2544 99
16 8 0 2571 4
31 6 8 2452 100
31 7 7 2555 9
43 3 6 2493 30
3 9 1 2622 85
19 5 6 2523 81
6 4 1 2707 24
15 6 3 2543 22
35 7 3 2565 36
47 5 0 2575 75
19 6 4 2643 70
13 3 5 2629 98
27 4 0 2650 50
40 6 2 2571 99
5 8 1 2731 5
34 5 7 2564 53
24 9 0 2700 36
45 8 1 2736 41
42 6 2 2670 95
4 4 2 2765 68
47 6 7 2650 41
26 5 9 2833 54
33 3 2 2833 58
38 9 0 2736 7
5 9 4 2736 55
39 4 5 2771 29
6 5 8 2731 73
15 7 1 2777 90
47 7 3 2691 40
7 7 5 2800 99
13 4 6 2727 17
37 8 1 2867 16
0 4 6 2744 58
22 8 7 2691 99
44 9 3 2731 2
34 6 6 2802 48
16 9 6 2850 14
45 9 6 2864 61
37 9 4 2883 22
10 7 8 2804 20
36 6 3 2733 10
36 7 7 2790 80
22 9 6 2925 48
31 8 5 2899 55
43 4 0 2743 81
2 4 9 2887 91
28 4 0 2824 80
19 7 3 2743 13
6 6 7 2870 19
40 7 0 2904 71
26 6 3 2887 24
26 7 2 2911 14
10 8 7 2889 42
40 8 5 2975 27
9 7 8 2824 23
40 9 1 3002 90
42 7 9 2978 80
42 8 0 3058 99
39 5 6 2973 17
28 5 4 2905 13
6 7 3 2911 23
15 8 7 2931 57
9 8 2 2925 31
47 8 9 3058 62
13 5 1 3092 91
27 5 1 3183 74
28 6 5 3002 99
9 9 3 2956 7
4 5 3 2963 68
47 9 6 3120 66
6 8 2 2956 15
27 6 6 3257 1
15 9 2 2988 31
26 8 6 3258 99
7 8 8 2899 30
21 9 4 2918 35
34 7 4 2953 98
35 8 1 3257 32
46 8 2 3019 19
39 6 8 2990 67
46 9 4 3051 73
19 8 2 3038 41
26 9 4 3357 73
36 8 2 3079 37
10 9 9 3120 19
7 9 2 3116 43
42 9 1 3289 64
35 9 8 3289 27
39 7 4 3430 34
28 7 6 3357 13
6 9 5 3101 2
13 6 7 3183 91
27 7 5 3258 55
28 8 1 3370 54
4 6 8 3316 3
27 8 7 3313 98
28 9 7 3424 61
0 5 0 3157 11
33 4 3 3031 51
4 7 5 3319 2
1 3 3 3082 60
34 8 2 3159 76
4 8 4 3464 53
2 5 5 3321 2
33 5 0 3168 94
1 4 1 3424 50
39 8 3 3464 86
31 9 1 3474 86
43 5 5 3323 25
2 6 1 3560 51
19 9 0 3262 65
13 7 9 3274 23
27 9 2 3411 49
34 9 0 3327 71
4 9 1 3611 25
33 6 6 3370 24
39 9 2 3550 61
13 8 3 3550 48
36 9 8 3319 39
0 6 8 3358 77
33 7 7 3485 70
43 6 4 3517 89
2 7 2 3611 4
0 7 9 3435 17
33 8 8 3555 51
1 5 7 3555 35
13 9 0 3598 98
0 8 2 3615 70
2 8 3 3615 19
43 7 9 3606 19
2 9 4 3634 10
43 8 2 3685 59
33 9 5 3606 82
1 6 6 3590 94
0 9 4 3685 97
30 9 7 3590 2
20 9 7 3592 71
43 9 1 3744 21
1 7 9 3684 52
1 8 4 3782 2
1 9 8 3784 20
