21 0 3 0 71
44 0 4 0 74
16 0 0 0 21
16 1 2 21 28
13 0 1 0 40
7 0 2 49 61
21 1 1 71 40
43 0 0 21 49
10 0 2 110 48
7 1 4 110 71
45 0 3 71 13
40 0 0 70 59
15 0 3 84 70
25 0 4 181 58
37 0 3 154 99
0 0 0 129 92
12 0 0 221 16
30 0 4 239 63
16 2 1 111 26
2 0 1 137 4
43 1 3 253 49
18 0 1 141 21
0 1 4 302 47
11 0 2 158 79
48 0 0 237 35
41 0 1 162 62
43 2 4 349 46
1 0 0 272 86
42 0 2 237 20
13 1 0 358 39
39 0 0 397 90
13 2 4 397 15
41 1 2 257 72
10 1 3 302 27
21 2 0 487 86
49 0 2 329 68
44 1 1 224 55
7 2 3 329 54
45 1 2 397 96
22 0 4 412 83
22 1 0 573 61
29 0 3 383 33
46 0 4 495 73
14 0 4 568 48
16 3 3 416 91
2 1 4 616 94
43 3 1 395 89
18 1 3 507 3
0 2 3 510 56
11 1 0 634 4
48 1 2 493 68
43 4 2 561 64
42 1 4 710 14
10 2 4 724 1
0 3 2 625 91
21 3 2 716 23
13 3 2 739 93
41 2 4 725 30
10 3 0 725 23
21 4 4 755 29
49 1 1 484 81
44 2 2 832 73
7 3 1 565 34
45 2 1 599 8
22 2 3 634 27
22 3 1 661 86
29 1 4 784 72
46 1 1 747 97
14 1 0 748 93
16 4 4 856 58
2 2 3 710 44
43 5 9 625 72
18 2 2 905 47
0 4 1 844 49
11 2 4 914 61
48 2 1 893 5
42 2 3 754 85
10 4 1 898 66
0 5 5 893 39
21 5 7 784 99
49 2 0 841 2
44 3 0 905 25
7 4 0 930 13
45 3 0 943 15
22 4 2 952 99
10 5 6 964 35
27 0 4 975 100
41 3 0 958 21
12 1 4 1075 31
17 0 1 964 50
1 1 2 1051 100
9 0 2 1151 24
45 4 4 1106 97
46 2 3 844 39
31 0 2 1175 28
39 1 2 1203 51
41 4 3 979 15
43 6 8 697 6
13 4 3 994 48
13 5 6 1042 63
7 5 9 943 47
16 5 9 990 90
2 3 2 1254 40
43 7 5 932 83
18 3 4 1203 34
0 6 9 1080 63
11 3 3 1042 46
48 3 3 1088 46
42 3 1 1014 4
10 6 7 999 46
0 7 7 1143 12
21 6 8 883 56
49 3 3 1134 4
44 4 3 1138 16
7 6 8 990 2
45 5 6 1203 95
22 5 7 1155 31
19 0 3 1154 57
10 7 9 1143 29
27 1 0 1075 21
41 5 5 1015 77
12 2 3 1211 77
8 0 0 1096 85
17 1 2 1294 60
1 2 1 1151 75
28 0 1 1226 8
0 8 6 1298 1
9 1 3 1288 20
8 1 2 1354 75
44 5 7 1186 19
45 6 7 1298 2
22 6 5 1186 60
22 7 8 1246 40
29 2 0 1181 83
46 3 0 1264 22
14 2 2 1429 8
31 1 1 1234 37
39 2 3 1308 66
19 1 4 1237 26
44 6 9 1205 38
10 8 5 1246 63
27 2 1 1271 53
38 0 1 1324 15
18 4 0 1286 53
0 9 8 1299 37
11 4 1 1339 69
48 4 4 1263 4
41 6 6 1299 13
43 8 6 1312 13
1 3 3 1374 92
42 4 0 1339 2
13 6 9 1243 74
39 3 4 1374 5
13 7 8 1336 46
41 7 7 1312 2
10 9 8 1382 44
21 7 6 1325 100
49 4 4 1379 59
44 7 6 1425 22
7 7 6 1447 97
45 7 5 1309 66
22 8 9 1317 84
22 9 6 1544 26
29 3 2 1437 17
46 4 2 1454 90
14 3 3 1466 50
16 6 6 1570 43
2 4 0 1341 92
43 9 7 1325 66
18 5 9 1401 67
11 5 7 1408 10
48 5 7 1418 51
42 5 9 1468 33
21 8 9 1501 77
49 5 9 1578 53
44 8 5 1447 26
7 8 7 1544 27
45 8 8 1426 57
19 2 2 1544 36
27 3 3 1516 74
41 8 8 1483 22
12 3 2 1580 3
8 2 1 1429 33
17 2 0 1433 51
1 4 4 1466 90
28 1 0 1484 3
9 2 1 1462 65
8 3 4 1556 72
29 4 1 1527 23
46 5 9 1631 64
14 4 1 1550 5
31 2 4 1628 24
39 4 1 1555 86
19 3 0 1580 48
27 4 2 1590 3
38 1 3 1590 80
18 6 8 1505 8
19 4 1 1641 11
2 5 8 1513 53
24 0 4 1652 33
23 0 4 1685 68
1 5 5 1556 11
5 0 3 1670 49
23 1 1 1753 94
26 0 2 1593 62
1 6 7 1571 85
9 3 4 1753 33
48 6 6 1613 44
31 3 0 1652 30
39 5 5 1641 59
13 8 7 1656 91
32 0 3 1719 15
6 0 0 1682 28
2 6 6 1657 40
3 0 4 1786 87
49 6 8 1631 69
1 7 8 1700 54
42 6 7 1747 90
13 9 5 1747 51
39 6 6 1700 97
41 9 9 1695 22
12 4 1 1847 25
8 4 3 1734 49
17 3 4 1873 90
1 8 9 1754 100
28 2 2 1655 88
21 9 5 1798 28
49 7 5 1826 69
9 4 0 1786 75
7 9 5 1895 97
29 5 6 1797 24
46 6 6 1821 65
14 5 6 1886 48
19 5 9 1854 44
27 5 8 1754 34
18 7 5 1992 68
2 7 9 1898 5
24 1 1 1872 13
1 9 6 1934 38
5 1 0 1861 15
26 1 1 1885 47
35 0 1 1932 38
2 8 5 2060 68
33 0 4 1963 89
3 1 0 1876 48
49 8 6 1972 14
42 7 5 2128 48
39 7 9 1903 28
12 5 8 1872 88
8 5 7 1837 23
17 4 3 1963 93
28 3 3 2056 54
49 9 7 1986 21
9 5 9 1931 47
8 6 5 2176 12
44 9 8 1960 63
45 9 9 1978 46
29 6 8 2023 60
46 7 8 2083 31
14 6 7 2007 46
31 4 3 2110 55
39 8 7 2053 85
19 6 7 2138 25
27 6 6 1986 6
38 2 4 2052 47
18 8 7 2163 1
19 7 5 2188 30
2 9 7 2164 27
24 2 2 1885 91
23 2 3 2165 46
5 2 1 1970 100
23 3 2 2211 60
28 4 4 2110 18
40 1 1 2070 50
34 0 4 2128 26
18 9 6 2164 71
26 2 4 2154 5
9 6 6 2235 84
19 8 8 2218 92
32 1 0 1924 46
23 4 0 2271 33
35 1 2 2271 44
42 8 8 2310 90
38 3 2 2315 25
35 2 3 2315 47
33 1 3 2362 78
3 2 1 2120 59
8 7 8 2400 90
17 5 7 2191 20
28 5 9 2128 4
8 8 6 2490 87
29 7 9 2132 96
46 8 5 2218 98
14 7 9 2228 35
19 9 6 2577 57
27 7 7 2211 91
38 4 0 2340 8
24 3 3 2440 27
5 3 4 2159 18
16 7 8 2490 64
34 1 1 2179 69
17 6 9 2263 33
11 6 8 2554 88
26 3 3 2467 39
4 0 0 2348 83
12 6 7 2302 97
20 0 1 2248 20
48 7 5 2316 58
23 5 7 2399 46
28 6 6 2634 34
12 7 9 2399 49
40 2 4 2177 40
48 8 9 2448 69
31 5 8 2642 38
8 9 9 2577 42
28 7 5 2668 54
29 8 7 2445 78
46 9 7 2523 85
14 8 5 2722 88
42 9 6 2668 62
39 9 8 2680 9
48 9 8 2689 98
12 8 6 2730 79
40 3 3 2506 23
25 1 3 2529 30
27 8 9 2619 80
12 9 5 2810 22
30 1 2 2340 36
11 7 9 2699 19
17 7 8 2787 27
28 8 8 2814 59
9 7 8 2873 44
29 9 5 2832 70
14 9 8 2917 97
31 6 5 2902 9
38 5 9 2718 61
38 6 7 2779 70
24 4 0 2467 38
4 1 1 2431 78
9 8 7 2917 74
4 2 4 2509 76
35 3 4 2585 23
35 4 0 2608 10
33 2 2 2440 51
17 8 6 2814 12
40 4 2 2529 93
31 7 9 2911 77
47 0 3 2559 43
37 1 0 2618 46
47 1 2 2622 67
33 3 1 2509 63
6 1 3 2602 53
25 2 0 2664 24
38 7 8 3014 23
28 9 7 2991 42
20 1 0 2688 20
47 2 0 2708 38
9 9 5 2991 29
27 9 5 3020 28
38 8 6 3037 93
24 5 8 3037 82
23 6 5 3048 86
5 4 2 2689 24
23 7 9 3134 63
26 4 0 2746 75
31 8 7 3033 17
32 2 2 2713 14
6 2 4 2655 84
3 3 2 2727 92
17 9 5 3134 89
24 6 7 3119 31
5 5 6 3130 92
26 5 7 3150 60
40 5 7 3210 61
25 3 2 2819 12
30 2 3 2655 70
11 8 6 3222 50
31 9 6 3272 51
38 9 5 3223 5
24 7 6 3323 23
4 3 3 2725 64
4 4 2 2831 44
35 5 9 3197 63
35 6 7 3271 65
33 4 0 2821 29
40 6 9 3271 96
47 3 1 2746 77
37 2 4 2739 74
47 4 4 2823 11
33 5 7 3336 70
32 3 4 2834 18
25 4 1 2831 38
20 2 4 2852 6
47 5 7 3406 61
24 8 9 3367 27
23 8 6 3346 70
5 6 9 3394 65
23 9 8 3416 89
26 6 9 3459 65
3 4 3 2819 35
24 9 5 3394 87
5 7 5 3481 26
26 7 8 3524 61
40 7 8 3585 63
25 5 8 3648 2
16 8 5 3507 39
16 9 7 3546 93
32 4 1 2869 99
4 5 8 3650 12
32 5 9 3524 48
37 3 2 2875 96
3 5 6 3416 99
30 3 0 2850 97
5 8 7 3639 29
15 1 1 2968 8
5 9 8 3668 24
34 2 2 2971 92
11 9 5 3546 34
15 2 2 3063 65
20 3 3 2858 74
6 3 2 3128 47
25 6 9 3650 37
34 3 3 3063 15
36 0 3 3078 42
26 8 6 3585 77
25 7 5 3687 59
32 6 6 3662 41
6 4 1 3175 85
32 7 5 3746 10
36 1 4 3120 85
33 6 9 3687 7
3 6 7 3668 46
30 4 1 3260 99
4 6 9 3694 91
15 3 0 3128 32
34 4 0 3160 23
15 4 4 3205 84
20 4 2 3175 48
37 4 1 3359 48
37 5 5 3756 52
6 5 7 3714 100
25 8 6 3746 37
40 8 6 3783 34
34 5 8 3692 42
36 2 1 3407 29
26 9 5 3808 31
40 9 5 3839 14
25 9 7 3814 36
32 8 7 3850 47
6 6 5 3853 34
3 7 9 3785 27
4 7 6 3817 31
32 9 8 3897 80
36 3 0 3436 35
37 6 6 3848 13
35 7 6 3861 21
35 8 5 3887 70
33 7 5 3957 14
3 8 8 3977 83
6 7 6 3887 35
4 8 7 3897 98
6 8 8 4060 90
36 4 2 3471 66
37 7 7 3995 88
35 9 8 4150 56
33 8 8 4206 84
3 9 5 4060 91
30 5 6 3922 71
30 6 9 3993 92
34 6 6 3993 95
36 5 9 4085 46
37 8 8 4290 4
33 9 6 4290 32
34 7 5 4151 47
20 5 9 4131 77
20 6 8 4294 15
30 7 5 4198 41
6 9 9 4208 88
4 9 5 4239 63
36 6 8 4309 25
37 9 9 4296 30
30 8 8 4334 73
30 9 7 4407 97
34 8 9 4326 83
20 7 5 4309 80
47 6 5 4389 7
34 9 7 4504 56
36 7 5 4396 90
20 8 7 4560 27
15 5 8 4407 9
47 7 9 4409 95
47 8 8 4504 97
47 9 6 4601 69
20 9 6 4670 10
36 8 7 4587 85
36 9 6 4680 75
15 6 6 4755 43
15 7 7 4798 10
15 8 5 4808 72
15 9 9 4880 60
