8 0 1 0 24
5 0 6 0 23
2 0 5 0 80
42 0 1 24 98
47 0 5 80 53
12 0 5 133 65
5 1 7 23 9
39 0 0 0 17
33 0 4 0 66
17 0 4 66 71
0 0 8 0 100
39 1 8 100 8
35 0 2 0 73
36 0 9 0 85
22 0 5 198 9
46 0 1 122 20
4 0 0 17 48
4 1 1 142 57
29 0 0 65 91
16 0 8 108 68
21 0 6 23 41
43 0 2 73 45
13 0 1 199 97
34 0 3 0 80
39 2 9 108 20
35 1 4 137 70
14 0 0 156 20
41 0 2 118 39
12 1 8 198 53
24 0 3 80 48
37 0 1 296 1
45 0 2 157 7
9 0 6 64 62
9 1 3 128 9
20 0 7 32 68
23 0 5 207 93
25 0 0 176 94
30 0 1 297 44
47 1 4 207 7
5 2 1 341 90
15 0 8 251 77
3 0 4 214 86
13 1 5 300 37
46 1 4 300 17
12 2 9 251 48
43 1 1 431 60
40 0 8 328 87
27 0 3 137 78
37 1 3 297 17
25 1 9 299 23
3 1 6 300 70
20 1 4 317 15
25 2 4 332 41
16 1 6 370 62
45 1 7 164 73
6 0 1 491 30
33 1 3 314 42
48 0 1 521 49
18 0 8 415 29
49 0 4 373 49
37 2 2 314 61
10 0 9 322 57
21 1 8 444 18
32 0 3 356 3
1 0 4 422 81
44 0 3 359 63
43 2 4 503 30
45 2 6 432 17
1 1 6 503 20
28 0 0 270 100
11 0 7 237 81
36 1 6 523 56
26 0 4 533 4
5 3 0 431 51
32 1 4 537 68
35 2 5 337 51
20 2 2 375 26
26 1 1 570 4
5 4 2 482 52
25 3 6 579 53
4 2 4 605 86
47 2 7 318 5
11 1 0 482 67
38 0 3 422 30
49 1 6 632 27
44 1 7 422 39
13 2 0 549 71
10 1 5 388 99
19 0 2 534 19
14 1 8 462 94
42 1 7 461 19
42 2 3 480 69
1 2 3 549 96
42 3 6 659 5
27 1 5 487 61
8 1 6 664 90
9 2 8 556 59
27 2 2 553 97
43 3 9 533 71
28 1 7 480 89
27 3 7 650 68
12 3 4 691 28
47 3 8 615 27
18 1 5 548 5
21 2 4 719 66
48 1 7 718 47
11 2 9 604 83
18 2 1 574 59
48 2 4 785 81
11 3 2 687 30
31 0 1 633 69
17 1 2 717 74
2 1 0 620 56
32 2 1 702 66
0 1 7 765 30
17 2 6 791 6
32 3 7 795 27
16 2 4 866 79
13 3 7 822 49
29 1 3 645 74
32 4 6 822 41
36 2 5 579 54
35 3 0 676 84
11 4 5 717 25
19 1 9 687 96
47 4 9 783 38
43 4 5 742 35
2 2 1 768 88
32 5 5 863 2
13 4 6 871 51
36 3 3 719 76
35 4 8 760 29
3 2 0 760 88
2 3 7 871 19
36 4 2 795 50
25 4 2 845 53
10 2 6 922 2
4 3 8 789 60
4 4 3 849 78
21 3 7 890 9
43 5 0 848 75
13 5 3 927 17
39 3 5 865 38
35 5 9 821 95
14 2 3 944 39
37 3 5 903 38
45 3 1 856 21
20 3 3 983 26
25 5 7 899 27
30 1 0 923 67
47 5 2 898 100
5 5 9 916 14
15 1 1 877 68
3 3 2 998 15
40 1 5 941 44
6 1 4 945 75
33 2 7 926 79
48 3 8 866 9
18 3 3 1009 96
49 2 7 1005 17
10 3 3 1105 17
21 4 1 945 31
32 6 9 930 77
1 3 7 1022 39
44 2 2 1013 16
28 2 6 924 71
11 5 6 995 87
36 5 0 990 43
26 2 0 1033 66
35 6 1 976 97
26 3 7 1099 90
4 5 5 985 4
38 1 8 875 22
49 3 5 1022 64
44 3 9 1029 69
19 2 0 1099 73
0 2 4 1020 42
8 2 0 1172 32
28 3 2 1029 70
31 1 9 1098 35
2 4 2 1099 68
0 3 9 1133 11
40 2 0 1204 42
18 4 0 1246 46
32 7 0 1292 45
24 1 2 1167 29
17 3 1 1073 56
34 1 8 897 18
28 4 8 1099 89
7 0 2 1196 46
6 2 5 1086 76
19 3 1 1172 39
3 4 7 1189 50
4 6 9 1144 60
2 5 8 1188 95
34 2 9 1204 94
28 5 4 1188 72
16 3 7 1239 84
7 1 3 1242 78
23 1 6 1082 19
29 2 2 1242 36
27 4 8 1283 92
36 6 1 1211 8
6 3 9 1298 100
19 4 5 1211 54
2 6 3 1320 44
16 4 1 1323 60
12 4 7 1323 74
23 2 3 1364 74
19 5 8 1375 50
3 5 1 1383 54
12 5 0 1397 60
7 2 1 1437 37
23 3 8 1438 81
14 3 6 1101 73
8 3 3 1438 6
8 4 2 1444 99
34 3 2 1543 27
2 7 4 1364 22
38 2 6 1174 39
41 1 1 1474 73
28 6 5 1265 78
26 4 9 1398 78
14 4 9 1476 63
0 4 2 1570 31
27 5 0 1457 15
42 4 8 1519 85
31 2 3 1444 86
46 2 8 1604 12
8 5 9 1543 22
24 2 5 1343 51
17 4 3 1530 69
2 8 9 1565 60
34 4 5 1570 42
16 5 3 1599 56
7 3 7 1474 12
23 4 0 1519 72
29 3 4 1386 72
36 7 7 1486 93
19 6 7 1579 60
12 6 6 1457 77
7 4 6 1534 56
8 6 8 1616 12
34 5 4 1612 17
38 3 9 1625 56
41 2 6 1590 43
29 4 6 1633 62
10 4 0 1591 51
24 3 8 1628 72
17 5 0 1642 8
24 4 7 1700 35
46 3 9 1681 29
41 3 0 1650 48
31 3 0 1698 7
49 4 2 1601 30
40 3 1 1547 34
49 5 8 1700 56
22 1 0 1705 64
48 4 0 1769 20
37 4 4 1629 71
45 4 0 1789 24
20 4 0 1813 13
2 9 6 1695 80
38 4 5 1681 3
41 4 9 1710 77
28 7 3 1655 23
26 5 2 1631 29
14 5 4 1700 8
0 5 1 1601 71
27 6 4 1708 12
31 4 2 1705 35
46 4 5 1710 28
24 5 6 1775 32
16 6 0 1826 10
7 5 4 1720 50
23 5 2 1740 94
36 8 4 1770 17
12 7 2 1834 22
5 6 5 1738 30
25 6 1 1672 62
27 7 6 1807 77
30 2 4 1787 66
21 5 2 1856 92
43 6 3 1678 75
13 6 4 1853 38
39 4 3 1753 85
35 7 7 1735 28
12 8 1 1856 5
3 6 9 1787 88
10 5 7 1763 10
49 6 0 1836 42
40 4 9 1875 11
49 7 3 1878 97
22 2 2 1948 15
48 5 2 1963 63
37 5 7 1773 18
45 5 8 1813 2
20 5 9 1886 13
30 3 8 1853 99
5 7 4 1891 1
37 6 0 1878 40
45 6 5 1815 68
9 3 0 1918 66
9 4 4 1984 41
30 4 6 1952 59
47 6 6 2011 48
15 2 9 1899 20
33 3 0 1984 55
19 7 3 1975 50
38 5 7 1791 64
16 7 9 1919 86
24 6 1 1861 38
41 5 8 1952 48
22 3 6 2059 73
6 4 7 1855 54
0 6 5 1883 41
4 7 7 1909 40
18 5 4 2025 91
14 6 2 2026 57
34 6 7 1949 74
29 5 1 1899 80
38 6 4 2116 74
29 6 9 2005 20
49 8 9 2025 82
40 5 7 2023 13
22 4 4 2190 12
27 8 1 1979 12
42 5 9 2107 19
31 5 5 1924 32
46 5 0 2039 7
24 7 0 2046 98
16 8 5 2005 60
23 6 9 2126 19
36 9 8 2000 65
5 8 8 2065 25
25 7 3 2025 68
42 6 0 2144 30
27 9 9 2145 22
46 6 3 2093 38
30 5 5 2065 5
37 7 9 2167 94
45 7 4 2202 22
9 5 1 2025 32
9 6 5 2070 29
20 6 5 2099 96
23 7 1 2145 26
25 8 8 2093 84
30 6 7 2070 15
47 7 0 2174 53
15 3 7 2085 100
3 7 3 2131 25
13 7 9 2261 67
43 7 6 2132 41
40 6 3 2156 71
3 8 8 2177 89
16 9 2 2083 30
6 5 2 2113 41
33 4 6 2173 98
48 6 3 2227 15
18 6 2 2154 48
10 6 4 2224 14
21 6 0 2227 3
32 8 2 2202 40
1 4 8 2266 29
44 4 1 2171 46
43 8 8 2295 67
1 5 0 2295 90
28 8 9 2328 37
11 6 1 2217 29
26 6 5 2195 2
32 9 8 2362 39
35 8 3 2242 68
26 7 6 2271 86
4 8 2 2242 11
47 8 1 2246 11
11 7 3 2310 7
38 7 2 2253 21
44 5 5 2217 20
13 8 8 2401 28
10 7 1 2257 64
19 8 4 2238 65
14 7 1 2321 27
42 7 2 2274 43
42 8 5 2317 87
1 6 9 2385 61
8 7 4 2303 63
12 9 3 2317 98
17 6 8 2429 50
11 8 8 2479 93
39 5 7 2185 5
3 9 5 2404 33
25 9 5 2437 49
4 9 6 2357 25
44 6 6 2382 57
22 5 1 2348 43
33 5 9 2446 44
6 6 6 2439 50
21 7 3 2415 78
15 4 4 2366 1
39 6 2 2317 63
33 6 5 2490 6
18 7 7 2202 53
38 8 0 2385 93
0 7 0 2478 1
8 8 7 2366 81
31 6 6 2489 66
43 9 7 2447 37
28 9 1 2391 2
18 8 6 2555 21
17 7 9 2490 78
17 8 5 2568 4
46 7 6 2576 57
41 6 5 2572 23
31 7 4 2555 89
49 9 1 2393 34
40 7 4 2644 88
22 6 8 2572 89
48 7 6 2633 1
37 8 6 2634 41
45 8 9 2568 36
22 7 7 2661 69
46 8 7 2730 22
29 7 7 2752 77
21 8 5 2595 41
13 9 2 2429 31
39 7 1 2427 18
35 9 6 2675 89
14 8 7 2829 26
41 7 7 2855 66
37 9 8 2675 74
45 9 3 2604 60
9 7 7 2921 79
9 8 9 3000 84
20 7 8 2749 70
30 7 2 2460 38
47 9 3 2664 18
5 9 3 2682 83
15 5 5 2636 77
46 9 2 2752 75
40 8 6 2764 32
20 8 6 2819 27
6 7 8 2819 75
33 7 8 2894 73
48 8 9 3084 10
18 9 9 3094 82
10 8 2 2827 99
21 9 9 3176 53
1 7 2 2926 64
44 7 4 2732 51
1 8 1 2990 86
11 9 4 2783 1
26 8 3 2765 23
20 9 1 3076 93
26 9 8 2967 46
38 9 1 3169 1
44 8 0 2783 66
10 9 8 3013 27
42 9 4 2784 70
1 9 5 3076 47
9 9 2 3084 4
48 9 5 3123 5
31 8 8 3040 63
17 9 7 3000 89
0 8 3 2788 55
39 8 4 2854 89
30 8 3 2843 40
15 6 6 2846 17
40 9 2 3088 12
6 8 0 2894 1
33 8 1 3170 55
44 9 8 3103 40
0 9 6 2863 94
31 9 7 3103 52
29 8 5 3128 47
19 9 6 2957 78
39 9 6 3035 88
14 9 5 3175 42
30 9 9 3229 19
15 7 3 2883 35
6 9 3 2918 28
33 9 2 3225 1
8 9 5 3217 52
24 8 4 2943 58
34 7 0 2895 65
7 6 8 3143 66
34 8 6 3123 6
24 9 9 3248 54
34 9 1 3225 27
7 7 5 3269 39
7 8 0 3308 8
23 8 4 3001 53
29 9 8 3209 80
23 9 7 3155 7
7 9 9 3316 72
41 8 3 2946 94
41 9 4 3054 68
22 8 3 3040 32
22 9 9 3388 22
15 8 2 3226 65
15 9 0 3316 86
