1 0 4 0 74
11 0 2 0 47
2 0 1 0 4
4 0 7 0 78
14 0 10 0 57
5 0 5 0 29
11 1 14 47 43
0 0 6 0 94
11 2 0 90 75
6 0 12 0 18
10 0 4 74 90
14 1 8 57 16
14 2 12 73 42
14 3 6 115 34
14 4 4 164 37
8 0 10 57 85
6 1 3 18 75
10 1 7 164 27
13 0 8 73 28
4 1 8 101 23
6 2 7 191 20
12 0 5 29 65
8 1 11 142 30
5 1 3 93 61
10 2 13 191 1
4 2 6 149 21
6 3 8 211 4
12 1 8 215 62
8 2 6 172 96
4 3 10 170 60
12 2 10 277 97
9 0 6 268 5
7 0 11 172 32
13 1 14 101 21
7 1 5 204 52
13 2 4 201 51
4 4 4 252 36
6 4 14 215 91
7 2 0 256 9
5 2 12 154 88
9 1 11 273 59
7 3 7 265 49
13 3 13 252 75
1 1 5 256 31
5 3 13 327 70
9 2 9 332 30
7 4 12 314 61
6 5 6 306 68
8 3 14 306 91
10 3 0 265 8
8 4 0 397 13
9 3 2 362 60
7 5 13 397 35
11 3 12 375 8
0 1 12 383 66
10 4 5 287 91
0 2 4 449 10
3 0 5 378 73
9 4 8 422 41
3 1 2 451 23
9 5 0 463 17
11 4 6 383 51
5 4 11 397 16
11 5 10 434 3
1 2 7 314 88
14 5 1 201 26
6 6 1 374 19
14 6 13 432 68
6 7 11 413 54
2 1 8 463 82
11 6 7 437 84
5 5 4 459 31
12 3 2 474 20
4 5 9 362 29
12 4 3 494 31
7 6 14 432 99
13 4 5 451 17
4 6 2 494 95
5 6 14 531 65
9 6 13 500 66
0 3 7 521 53
10 5 12 449 80
8 5 1 410 87
8 6 2 589 82
1 3 14 596 51
0 4 3 574 26
7 7 1 531 62
10 6 6 529 89
7 8 2 671 6
3 2 9 474 30
1 4 13 647 57
14 7 14 647 73
3 3 6 618 30
9 7 3 600 89
3 4 10 648 53
9 8 10 701 78
11 7 5 521 34
5 7 7 596 83
1 5 8 704 78
14 8 11 720 5
6 8 4 490 85
14 9 0 725 8
6 9 5 575 73
2 2 9 545 40
6 10 2 677 43
14 10 7 733 12
6 11 10 779 24
2 3 12 585 86
12 5 6 648 33
4 7 14 720 99
12 6 9 681 33
9 9 7 779 88
3 5 0 733 94
1 6 11 782 8
2 4 6 681 50
7 9 8 782 62
13 5 6 731 89
2 5 11 790 54
0 5 2 720 15
3 6 13 827 58
3 7 4 885 93
11 8 8 844 28
10 7 8 872 49
11 9 9 872 60
5 8 2 735 78
4 8 12 819 79
9 10 1 867 69
0 6 10 803 65
5 9 1 936 26
5 10 10 962 50
11 10 13 932 69
10 8 14 921 32
11 11 1 1001 45
6 12 0 827 37
14 11 3 745 87
8 7 5 671 83
12 7 0 864 77
8 8 12 898 78
1 7 9 932 7
0 7 11 868 82
7 10 4 978 7
10 9 10 1012 28
3 8 7 978 32
9 11 12 976 45
3 9 14 1010 91
8 9 4 985 56
8 10 8 1041 85
1 8 6 939 91
0 8 8 1126 10
7 11 3 985 80
10 10 3 1065 90
2 6 13 1001 21
13 6 9 939 59
2 7 5 1022 6
0 9 14 1136 27
7 12 9 1065 3
3 10 11 1101 30
9 12 14 1163 82
1 9 10 1040 79
12 8 13 1022 50
4 9 5 1028 76
12 9 4 1072 80
13 7 1 1046 56
4 10 1 1104 93
4 11 13 1197 42
2 8 0 1028 54
4 12 11 1239 52
12 10 1 1197 48
9 13 4 1245 6
3 11 8 1136 56
1 10 0 1119 18
2 9 2 1082 68
13 8 12 1102 63
7 13 6 1068 57
10 11 1 1245 93
2 10 7 1150 82
13 9 7 1232 18
2 11 10 1232 20
0 10 9 1163 93
7 14 10 1252 7
3 12 12 1192 27
9 14 5 1251 13
1 11 3 1155 51
12 11 11 1291 90
4 13 0 1291 42
12 12 12 1381 75
13 10 11 1381 17
4 14 3 1333 96
2 12 4 1252 39
12 13 7 1456 96
3 13 1 1338 92
1 12 12 1456 18
2 13 3 1429 35
13 11 10 1398 30
2 14 14 1464 68
8 11 7 1552 8
0 11 13 1256 92
3 14 3 1464 9
1 13 1 1474 99
13 12 3 1473 16
0 12 5 1348 96
11 12 3 1489 67
10 12 11 1398 6
11 13 11 1556 58
5 11 0 1333 87
0 13 0 1444 70
5 12 9 1420 62
5 13 6 1482 14
10 13 9 1482 35
6 13 13 1348 87
14 12 2 1150 83
8 12 9 1560 66
12 14 14 1552 44
1 14 2 1573 33
0 14 1 1573 83
10 14 2 1606 73
13 13 2 1679 7
5 14 8 1496 30
14 13 9 1626 20
14 14 5 1646 97
8 13 13 1626 88
11 14 4 1614 87
8 14 3 1714 15
13 14 0 1686 35
6 14 9 1646 66
