2 0 7 0 33
4 0 11 0 93
7 0 12 0 60
13 0 2 0 11
14 0 1 0 36
3 0 9 0 13
2 1 0 33 67
3 1 11 93 14
1 0 10 0 68
6 0 5 0 50
13 1 5 50 93
4 1 4 93 52
4 2 13 145 63
9 0 2 11 5
14 1 10 68 98
3 2 14 107 73
13 2 4 145 27
12 0 8 0 28
6 1 10 166 68
11 0 12 60 23
2 2 6 100 96
9 1 14 180 35
14 2 4 172 38
8 0 11 107 93
4 3 3 208 13
4 4 8 221 19
9 2 3 221 21
2 3 5 196 91
14 3 2 210 24
5 0 5 287 62
4 5 1 240 41
0 0 9 13 86
13 3 3 242 59
7 1 0 100 64
6 2 13 234 90
3 3 0 180 88
7 2 9 164 92
2 4 14 287 83
5 1 2 349 60
12 1 13 324 31
2 5 13 370 81
12 2 5 355 3
0 1 14 370 60
1 1 8 240 28
9 3 10 242 14
14 4 0 268 84
0 2 4 430 10
11 1 3 301 32
1 2 11 268 38
3 4 1 281 24
12 3 0 358 28
9 4 6 256 66
10 0 11 306 35
14 5 7 352 47
12 4 11 386 66
1 3 14 430 36
9 5 1 322 3
1 4 3 466 93
14 6 6 399 72
11 2 10 333 35
6 3 0 386 34
0 3 13 451 59
4 6 10 368 71
10 1 14 466 42
11 3 8 368 10
10 2 13 510 62
8 1 10 439 46
0 4 10 510 65
13 4 9 301 62
7 3 3 559 44
2 6 2 451 60
5 2 1 409 93
2 7 11 511 88
4 7 12 439 59
0 5 3 603 94
8 2 5 485 51
12 5 9 452 59
14 7 9 511 1
5 3 10 575 16
11 4 4 440 29
6 4 9 512 44
5 4 0 591 10
11 5 7 469 68
6 5 8 556 5
6 6 1 561 8
12 6 4 511 24
11 6 13 572 20
10 3 5 572 68
1 5 13 592 35
3 5 8 561 16
12 7 12 535 45
14 8 11 599 91
6 7 11 690 25
4 8 2 511 19
8 3 13 627 37
4 9 14 530 60
5 5 4 601 72
7 4 13 664 63
1 6 9 627 37
4 10 6 590 85
10 4 4 673 73
10 5 9 746 27
8 4 1 664 91
7 5 6 727 91
5 6 8 673 88
14 9 12 690 85
3 6 5 640 78
3 7 10 718 70
11 7 11 715 8
7 6 5 818 21
12 8 1 755 81
1 7 7 664 28
0 6 7 697 71
4 11 7 768 99
10 6 1 836 52
11 8 14 723 58
10 7 6 888 39
8 5 9 773 90
0 7 8 768 25
13 5 1 888 23
7 7 7 867 1
5 7 14 781 69
8 6 8 863 63
9 6 0 601 6
13 6 11 911 23
8 7 7 926 40
14 10 5 839 68
8 8 3 966 68
10 8 12 927 41
14 11 14 907 42
12 9 10 836 8
1 8 4 746 62
9 7 13 727 98
1 9 2 808 86
14 12 3 1034 20
11 9 1 911 62
6 8 14 949 70
0 8 0 793 98
4 12 0 891 73
10 9 0 968 25
11 10 2 973 39
10 10 2 1012 9
8 9 6 1034 13
0 9 5 907 49
13 7 13 934 7
7 8 2 1021 96
2 8 4 808 20
5 8 6 1047 58
11 11 0 1012 32
8 10 0 1047 16
14 13 13 1054 30
4 13 9 964 95
0 10 1 973 43
13 8 7 966 77
1 10 6 1105 65
8 11 2 1117 83
5 9 3 1105 41
11 12 5 1044 8
7 9 14 1117 19
2 9 12 968 62
5 10 9 1146 46
4 14 5 1059 19
3 8 12 1030 53
13 9 6 1170 64
12 10 6 1234 44
6 9 7 1043 53
11 13 6 1278 33
2 10 1 1030 22
9 8 11 934 63
14 14 8 1084 30
8 12 14 1200 49
2 11 9 1192 79
5 11 7 1192 63
0 11 2 1200 8
13 10 10 1234 60
7 10 11 1136 59
6 10 12 1096 78
3 9 4 1083 68
7 11 8 1195 12
2 12 3 1271 38
5 12 11 1255 76
12 11 2 1278 42
2 13 10 1309 40
12 12 7 1320 2
0 12 12 1208 90
1 11 1 1170 11
9 9 4 1151 64
0 13 6 1311 21
11 14 9 1311 91
1 12 5 1181 20
3 10 13 1151 73
12 13 14 1322 23
9 10 5 1215 76
10 11 8 1207 34
12 14 3 1345 53
1 13 12 1298 82
9 11 8 1291 94
1 14 0 1380 23
6 11 2 1320 92
0 14 11 1332 73
10 12 10 1349 50
10 13 3 1399 41
8 13 12 1380 24
3 11 3 1440 90
9 12 7 1385 17
10 14 7 1440 98
9 13 12 1404 62
6 12 6 1412 62
8 14 4 1404 23
13 11 14 1345 97
7 12 10 1399 41
2 14 8 1385 82
5 13 12 1466 83
5 14 13 1549 62
6 13 4 1474 85
6 14 3 1559 70
3 12 6 1530 58
7 13 1 1440 11
13 12 0 1442 36
7 14 4 1559 94
3 13 7 1588 7
3 14 2 1595 4
13 13 8 1478 53
9 14 9 1466 37
13 14 12 1549 72
