4 0 1 0 36
0 0 7 0 69
9 0 9 0 27
12 0 8 0 38
10 0 7 69 36
7 0 4 0 12
0 1 11 69 81
13 0 13 0 10
4 1 8 38 49
2 0 1 36 62
13 1 2 10 86
4 2 4 87 10
12 1 12 38 86
9 1 0 27 4
1 0 12 124 83
6 0 5 0 29
6 1 2 96 78
10 1 2 174 17
7 1 7 105 74
4 3 14 97 43
12 2 10 124 38
3 0 13 10 33
11 0 0 31 78
3 1 10 162 82
9 2 3 31 35
8 0 14 140 69
1 1 1 207 51
13 2 11 150 93
4 4 6 140 69
5 0 5 29 83
0 2 8 150 81
4 5 5 209 72
5 1 14 209 32
8 1 11 243 13
6 2 0 174 21
13 3 0 243 63
2 1 2 191 47
11 1 8 231 58
3 2 6 244 80
11 2 14 289 62
7 2 10 244 4
14 0 1 258 73
14 1 13 331 12
7 3 1 331 3
4 6 3 281 19
9 3 10 248 80
2 2 9 238 93
3 3 2 324 30
7 4 9 334 15
14 2 0 343 14
13 4 14 351 61
0 3 3 300 62
14 3 11 357 71
13 5 10 412 62
0 4 12 362 80
7 5 8 349 62
0 5 1 442 3
4 7 2 354 65
5 2 2 419 6
5 3 12 442 13
0 6 13 445 38
1 2 11 428 47
2 3 0 357 54
7 6 2 425 50
2 4 3 411 38
8 2 0 411 33
0 7 0 483 62
6 3 1 445 27
1 3 9 475 15
12 3 11 475 38
2 5 5 449 78
12 4 14 513 83
0 8 14 596 54
14 4 2 475 3
13 6 3 474 75
14 5 10 478 47
7 7 14 650 38
11 3 12 455 43
9 4 12 498 49
8 3 9 490 47
10 2 1 472 81
11 4 9 537 1
10 3 12 553 67
14 6 4 525 84
11 5 5 538 56
6 4 8 472 17
1 4 6 490 89
13 7 1 553 90
8 4 10 537 86
13 8 12 643 40
8 5 5 623 31
6 5 14 688 43
13 9 4 683 77
11 6 6 594 76
9 5 13 547 46
12 5 3 596 36
9 6 5 654 84
1 5 3 632 76
10 4 3 708 47
0 9 6 670 66
1 6 2 708 52
11 7 10 670 49
14 7 8 609 84
11 8 7 719 80
6 6 11 731 14
13 10 5 760 8
10 5 14 755 5
0 10 9 736 88
6 7 10 745 15
13 11 6 768 27
9 7 1 738 46
12 6 6 795 11
9 8 6 806 96
14 8 3 755 53
5 4 10 760 87
2 6 8 693 71
3 4 14 760 96
2 7 4 764 96
12 7 1 806 17
6 8 7 799 16
10 6 4 860 51
14 9 5 808 58
13 12 7 815 96
12 8 4 911 99
9 9 14 902 72
1 7 4 1010 18
6 9 9 824 49
6 10 6 902 72
10 7 6 974 23
7 8 11 745 49
4 8 9 873 37
12 9 5 1010 14
3 5 7 911 31
11 9 11 799 26
3 6 4 1028 11
9 10 8 974 18
8 6 3 808 97
1 8 5 1028 22
13 13 9 911 69
4 9 10 910 57
5 5 1 847 94
0 11 4 1039 82
4 10 13 967 32
5 6 11 941 36
8 7 12 905 48
6 11 12 974 19
13 14 8 992 64
2 8 14 974 19
11 10 3 905 79
3 7 11 1039 26
11 11 4 1121 9
7 9 3 984 25
14 10 7 942 95
14 11 6 1037 87
7 10 5 1050 18
4 11 7 1037 11
9 11 11 1065 23
2 9 10 993 33
3 8 0 1065 41
7 11 6 1124 55
14 12 9 1124 90
8 8 8 1056 25
0 12 2 1121 3
6 12 4 1130 99
1 9 8 1081 85
12 10 0 1106 57
2 10 12 1026 44
12 11 9 1214 64
0 13 10 1124 12
14 13 12 1214 68
14 14 14 1282 75
7 12 13 1179 5
11 12 1 1130 24
9 12 2 1124 96
8 9 13 1184 40
10 8 5 1068 82
11 13 13 1224 24
10 9 9 1278 35
11 14 2 1248 42
6 13 13 1248 38
1 10 13 1286 26
8 10 6 1224 94
6 14 3 1286 64
10 10 8 1313 96
7 13 12 1282 71
4 12 11 1088 73
12 12 13 1312 58
3 9 5 1150 55
3 10 9 1313 12
9 13 7 1220 74
8 11 1 1318 22
1 11 14 1357 30
4 13 0 1163 89
5 7 4 1229 76
0 14 5 1205 88
4 14 12 1353 12
5 8 6 1318 46
8 12 7 1340 61
2 11 13 1370 71
3 11 3 1350 10
7 14 0 1353 27
9 14 4 1305 23
2 12 7 1441 90
3 12 8 1409 92
5 9 9 1364 30
5 10 0 1394 56
1 12 10 1387 5
2 13 6 1531 9
2 14 11 1540 21
8 13 2 1401 59
1 13 0 1450 89
12 13 2 1460 96
12 14 7 1556 17
8 14 4 1460 16
10 11 13 1441 7
10 12 10 1448 54
1 14 7 1573 22
10 13 0 1539 92
10 14 11 1631 38
5 11 13 1450 62
3 13 1 1501 3
3 14 12 1504 75
5 12 8 1512 32
5 13 3 1544 52
5 14 7 1596 72
