2 0 7 0 94
10 0 11 0 62
6 0 14 0 65
8 0 7 94 48
5 0 11 62 84
2 1 3 94 7
13 0 5 0 67
8 1 4 142 28
8 2 14 170 70
4 0 1 0 45
7 0 7 142 12
2 2 8 101 2
12 0 6 0 9
0 0 3 101 72
11 0 0 0 74
7 1 4 170 21
9 0 2 0 36
9 1 12 36 34
5 1 2 146 56
13 1 10 67 7
6 1 7 154 91
3 0 6 9 58
9 2 10 74 65
2 3 11 146 95
5 2 12 202 46
2 4 0 241 60
3 1 11 241 67
13 2 13 74 91
1 0 1 45 19
5 3 1 248 93
4 1 11 308 60
6 2 11 368 17
2 5 4 301 82
0 1 7 245 51
3 2 5 308 84
8 3 10 240 26
7 2 13 191 60
14 0 11 385 44
7 3 5 392 42
0 2 6 296 42
8 4 3 266 68
12 1 0 301 22
0 3 14 338 31
4 2 6 368 8
0 4 9 369 61
4 3 5 434 29
6 3 0 385 47
0 5 8 430 46
4 4 8 476 32
2 6 9 430 76
0 6 5 476 88
8 5 0 432 4
8 6 13 436 19
12 2 4 383 9
3 3 13 455 34
6 4 12 432 77
10 1 9 506 9
5 4 14 369 66
5 5 0 436 84
9 3 3 334 64
11 1 4 392 61
5 6 6 520 40
13 3 2 202 52
9 4 6 560 30
11 2 1 453 43
7 4 14 435 22
12 3 10 392 8
13 4 7 296 87
14 1 2 429 24
1 1 11 429 79
13 5 4 453 4
2 7 13 506 36
2 8 1 542 8
2 9 10 550 85
12 4 2 453 54
14 2 0 520 24
3 4 3 489 19
9 5 5 590 41
11 3 9 515 26
7 5 11 508 84
12 5 14 507 32
1 2 0 544 79
6 5 8 509 68
10 2 3 515 89
3 5 2 508 19
8 7 8 577 92
0 7 4 564 33
12 6 9 541 92
14 3 4 597 14
3 6 1 550 94
9 6 14 631 53
11 4 2 541 97
7 6 2 638 60
12 7 13 633 76
1 3 5 631 47
6 6 9 633 62
10 3 7 604 37
3 7 4 644 41
8 8 1 669 24
1 4 8 678 40
0 8 10 635 27
11 5 11 638 62
7 7 12 698 52
11 6 13 709 40
10 4 6 641 28
4 5 7 641 42
9 7 9 695 74
11 7 10 749 60
7 8 6 750 25
12 8 11 709 2
0 9 1 693 85
12 9 12 750 63
14 4 14 684 34
5 7 9 769 4
4 6 12 813 25
6 7 10 809 22
2 10 6 775 7
0 10 0 778 70
3 8 9 773 98
6 8 3 831 72
10 5 4 685 23
3 9 12 871 96
8 9 2 698 54
0 11 12 967 56
11 8 7 809 62
7 9 1 778 53
1 5 13 749 67
11 9 6 871 78
10 6 0 848 13
4 7 9 871 4
1 6 3 903 43
14 5 5 718 57
6 9 13 903 47
12 10 1 831 63
10 7 2 861 60
11 10 8 949 42
3 10 8 991 25
6 10 4 950 38
10 8 5 921 46
5 8 3 946 15
10 9 1 967 94
13 6 8 1016 1
0 12 11 1023 70
12 11 8 1017 98
5 9 13 961 15
5 10 7 976 54
8 10 6 949 57
9 8 13 976 44
1 7 10 946 65
14 6 9 875 30
14 7 10 1011 64
1 8 9 1011 84
4 8 2 921 71
3 11 0 1016 40
2 11 5 967 44
14 8 6 1075 4
9 9 4 1020 13
4 9 14 992 79
4 10 13 1071 93
6 11 1 1061 7
10 10 10 1075 85
5 11 10 1160 39
5 12 4 1199 77
12 12 5 1115 42
13 7 6 1079 56
14 9 12 1079 14
1 9 2 1095 61
13 8 9 1135 82
2 12 14 1071 2
2 13 12 1093 72
12 13 3 1157 12
14 10 8 1115 69
3 12 14 1073 74
3 13 7 1147 88
8 11 12 1165 47
8 12 11 1212 84
1 10 12 1212 30
9 10 0 1056 41
11 11 12 1242 8
5 13 5 1276 55
13 9 0 1217 47
9 11 11 1296 6
6 12 2 1156 11
10 11 8 1184 72
8 13 9 1296 85
7 10 0 1264 53
14 11 1 1184 95
7 11 10 1317 56
0 13 2 1167 50
8 14 5 1381 95
12 14 7 1235 41
0 14 13 1217 25
4 11 3 1169 28
4 12 0 1317 30
6 13 6 1167 22
4 13 4 1347 17
2 14 2 1217 91
3 14 10 1373 74
6 14 5 1476 63
10 12 13 1256 18
5 14 8 1331 31
9 12 7 1302 32
11 12 14 1250 21
13 10 12 1264 35
9 13 8 1362 94
11 13 3 1271 11
7 12 9 1381 29
13 11 11 1302 8
14 12 7 1334 22
1 11 6 1242 56
13 12 1 1310 92
14 13 3 1356 60
9 14 1 1456 37
11 14 5 1539 70
7 13 3 1416 83
1 12 4 1364 19
10 13 12 1299 79
13 13 14 1402 39
13 14 3 1499 11
14 14 13 1416 61
7 14 8 1499 32
1 13 7 1383 91
10 14 14 1441 11
1 14 14 1474 68
4 14 10 1447 43
