11 0 6 0 81
7 0 3 0 29
8 0 1 0 37
2 0 6 81 87
13 0 12 0 29
14 0 7 0 94
3 0 10 0 19
7 1 10 29 85
9 0 12 29 1
12 0 12 30 21
8 1 2 37 9
3 1 7 94 15
5 0 4 0 14
14 1 5 94 18
0 0 12 51 40
5 1 7 109 1
3 2 5 112 42
11 1 12 91 46
2 1 3 168 46
4 0 6 168 68
4 1 12 236 71
1 0 5 154 2
5 2 6 236 29
11 2 7 137 21
6 0 10 114 21
3 3 0 154 8
14 2 0 162 54
12 1 13 51 80
2 2 10 214 14
13 1 1 37 95
0 1 1 132 96
10 0 4 14 22
12 2 8 131 30
5 3 0 265 72
12 3 7 161 32
11 3 5 158 23
12 4 1 228 22
11 4 2 181 86
7 2 5 181 89
6 1 11 135 80
5 4 8 337 6
2 3 7 228 87
10 1 3 214 49
0 2 4 228 59
10 2 8 343 33
12 5 6 265 23
12 6 0 337 85
6 2 6 288 99
3 4 9 162 72
7 3 6 387 10
9 1 7 315 73
12 7 5 422 92
8 2 6 397 49
3 5 13 234 15
5 5 13 343 31
14 3 10 228 42
11 5 4 287 19
1 1 1 250 88
8 3 7 446 23
1 2 14 338 99
5 6 12 374 98
7 4 8 397 30
14 4 2 270 70
13 2 4 306 52
13 3 8 427 59
11 6 13 374 64
0 3 9 287 95
7 5 4 427 38
6 3 9 387 70
2 4 13 438 30
10 3 14 437 2
0 4 13 468 76
10 4 2 439 24
12 8 9 514 14
12 9 10 528 13
4 2 14 439 3
8 4 10 541 1
9 2 6 446 47
10 5 13 544 3
3 6 2 463 76
6 4 0 457 80
13 4 6 493 33
0 5 0 544 75
9 3 14 493 46
4 3 1 442 68
3 7 8 539 25
10 6 5 547 73
5 7 14 539 50
14 5 3 340 29
11 7 11 438 52
1 3 10 542 52
8 5 12 542 78
1 4 13 594 68
7 6 0 619 38
14 6 9 528 43
13 5 10 594 12
6 5 2 539 71
12 10 4 541 68
4 4 7 510 91
9 4 3 539 10
3 8 1 564 78
5 8 3 589 83
4 5 5 620 37
6 6 1 642 47
9 5 4 609 37
12 11 2 610 60
13 6 7 606 73
8 6 14 620 39
10 7 6 620 68
12 12 14 670 45
13 7 3 679 96
0 6 11 619 23
0 7 8 642 65
10 8 10 688 21
10 9 12 709 61
4 6 11 657 73
9 6 0 657 60
14 7 6 688 50
11 8 8 707 22
1 5 9 662 13
1 6 6 738 38
7 7 14 715 48
14 8 11 738 75
11 9 0 729 50
7 8 2 763 16
2 5 4 646 79
4 7 0 779 21
9 7 13 717 84
6 7 8 729 96
2 6 5 725 62
10 10 7 770 69
2 7 9 787 37
10 11 11 839 94
2 8 8 825 54
0 8 3 775 65
4 8 2 800 85
8 7 8 879 15
9 8 10 801 26
10 12 1 933 43
3 9 14 763 84
6 8 12 825 56
13 8 0 800 75
0 9 5 840 16
9 9 8 894 11
4 9 3 885 79
3 10 11 933 62
10 13 9 976 39
5 9 2 885 2
14 9 8 905 70
11 10 10 827 11
1 7 12 881 35
8 8 0 894 9
1 8 8 975 57
7 9 7 839 65
14 10 1 976 40
13 9 5 875 12
6 9 7 904 78
12 13 3 964 32
4 10 8 1032 51
8 9 3 996 41
1 9 2 1032 37
5 10 5 887 86
7 10 9 1015 90
14 11 4 1016 48
13 10 13 887 83
9 10 11 995 37
10 14 0 1015 48
12 14 11 1032 90
3 11 3 1037 70
6 10 5 982 53
13 11 2 1069 3
0 10 6 856 71
5 11 9 1105 33
0 11 14 927 52
8 10 13 1037 35
4 11 13 1083 50
8 11 5 1072 83
9 11 9 1138 79
3 12 12 1107 81
6 11 3 1107 10
14 12 14 1064 1
13 12 9 1217 90
13 13 14 1307 57
0 12 10 979 84
7 11 11 1122 73
6 12 13 1133 92
2 9 2 1072 1
0 13 2 1073 99
5 12 10 1138 33
5 13 1 1171 98
14 13 12 1188 27
11 11 3 1117 73
1 10 7 1069 93
8 12 4 1155 8
1 11 0 1162 38
7 12 12 1215 88
14 14 13 1225 12
11 12 1 1269 77
7 13 1 1346 46
2 10 0 1200 97
4 12 4 1163 21
9 12 5 1217 75
5 14 11 1269 59
0 14 7 1172 24
1 12 3 1200 68
9 13 2 1292 49
4 13 9 1307 30
1 13 4 1268 94
4 14 10 1337 64
3 13 6 1188 16
6 13 14 1364 1
11 13 9 1346 16
11 14 14 1365 75
7 14 13 1392 47
6 14 4 1365 33
2 11 1 1392 16
3 14 4 1398 97
13 14 11 1364 6
9 14 1 1408 51
8 13 9 1362 61
2 12 11 1408 2
1 14 11 1410 71
2 13 14 1440 51
2 14 12 1491 96
8 14 11 1481 60
