13 0 13 0 9
10 0 1 0 4
10 1 4 4 53
0 0 7 0 96
8 0 7 96 19
3 0 12 0 80
0 1 12 96 23
4 0 8 0 46
13 1 4 57 21
11 0 0 0 28
5 0 13 9 5
11 1 7 115 11
14 0 14 0 80
5 1 8 46 91
11 2 14 126 76
14 1 2 80 30
11 3 13 202 51
2 0 6 0 63
10 2 7 126 6
7 0 4 78 79
14 2 6 110 67
4 1 2 110 96
14 3 4 177 58
14 4 3 235 45
0 2 5 119 71
1 0 8 137 32
0 3 8 190 26
7 1 10 157 24
9 0 3 280 27
7 2 14 202 41
12 0 14 243 31
0 4 3 307 28
9 1 6 307 59
12 1 10 274 32
1 1 0 169 81
14 5 11 280 29
3 1 0 250 87
1 2 5 250 95
14 6 1 309 48
3 2 14 337 68
11 4 8 253 35
7 3 3 335 83
9 2 13 366 6
6 0 4 235 90
5 2 6 366 92
1 3 13 372 79
9 3 4 372 90
11 5 3 418 60
5 3 11 458 87
2 1 8 288 93
10 3 2 206 10
10 4 14 405 51
6 1 1 357 33
7 4 6 458 45
12 2 0 337 40
0 5 14 456 16
9 4 5 462 6
0 6 13 472 27
12 3 8 381 25
5 4 14 545 66
8 1 1 390 55
7 5 13 503 29
0 7 9 499 71
7 6 11 545 3
12 4 12 406 40
1 4 6 503 55
5 5 9 611 36
6 2 2 390 78
8 2 5 468 20
4 2 12 446 11
2 2 7 381 63
14 7 5 488 28
2 3 1 445 79
4 3 11 548 41
5 6 12 647 67
13 2 8 406 8
8 3 4 488 74
8 4 14 611 66
13 3 6 558 55
8 5 8 677 37
2 4 9 647 10
11 6 6 613 44
14 8 7 516 64
7 7 9 657 42
13 4 5 613 79
9 5 10 468 37
12 5 13 532 85
9 6 2 505 64
6 3 13 617 76
8 6 0 714 55
3 3 7 580 23
4 4 10 589 93
12 6 4 617 39
7 8 0 769 5
3 4 13 693 54
3 5 1 747 16
10 5 10 682 89
1 5 1 763 45
9 7 8 714 35
2 5 5 692 66
11 7 9 699 39
2 6 12 758 27
14 9 0 774 63
2 7 4 785 93
4 5 9 738 2
5 7 7 714 88
13 5 2 692 76
8 7 9 769 63
8 8 12 832 40
13 6 9 832 79
8 9 3 872 73
2 8 0 878 24
11 8 5 758 66
14 10 8 837 80
7 9 5 824 44
13 7 0 911 61
9 8 12 872 25
12 7 11 656 61
9 9 11 897 59
6 4 7 802 93
8 10 10 945 55
3 6 6 763 68
4 6 4 878 98
12 8 1 808 15
7 10 1 868 83
3 7 8 917 32
3 8 11 956 74
10 6 12 897 38
1 6 4 976 60
9 10 9 956 77
2 9 2 902 26
11 9 12 935 49
14 11 10 1000 23
7 11 12 984 59
13 8 11 1030 68
9 11 7 1033 30
12 9 3 945 41
9 12 14 1063 1
6 5 6 895 67
8 11 2 1000 84
3 9 2 1084 3
4 7 3 986 10
12 10 6 986 93
7 12 8 1043 60
3 10 3 1087 2
10 7 13 935 38
13 9 12 1098 99
8 12 13 1084 54
3 11 9 1089 71
4 8 14 1064 43
12 11 5 1079 64
7 13 7 1103 78
10 8 6 1079 35
1 7 2 1087 73
5 8 0 972 92
11 10 10 1023 40
14 12 9 1160 93
11 11 4 1063 34
10 9 5 1143 44
7 14 2 1181 44
4 9 5 1187 65
0 8 0 1064 18
6 6 0 1082 82
8 13 11 1138 62
3 12 5 1252 4
4 10 0 1252 27
12 12 2 1225 16
3 13 10 1256 67
3 14 4 1323 28
10 10 9 1253 99
1 8 3 1160 23
5 9 1 1064 27
6 7 8 1164 94
2 10 14 1107 8
14 13 12 1253 55
8 14 6 1200 6
0 9 1 1091 57
12 13 9 1352 81
1 9 11 1200 44
5 10 10 1323 13
6 8 12 1308 12
4 11 7 1279 57
2 11 11 1244 69
14 14 13 1308 48
2 12 3 1313 29
4 12 6 1336 75
5 11 2 1336 7
13 10 1 1197 24
13 11 3 1342 23
2 13 13 1356 66
11 12 1 1221 80
13 12 14 1365 92
0 10 4 1351 43
1 10 10 1336 92
1 11 12 1428 20
11 13 2 1343 38
6 9 14 1457 5
5 12 5 1343 95
1 12 9 1448 5
11 14 11 1381 29
5 13 3 1438 66
2 14 10 1428 97
10 11 0 1352 88
10 12 3 1504 52
6 10 10 1525 85
0 11 2 1394 5
0 12 6 1411 12
0 13 11 1423 91
1 13 14 1462 72
0 14 10 1610 63
9 13 1 1301 7
12 14 7 1433 97
9 14 0 1440 70
1 14 7 1534 73
6 11 9 1610 42
5 14 4 1504 13
10 13 8 1556 16
10 14 11 1572 99
6 12 5 1652 4
6 13 3 1656 2
4 13 13 1422 87
4 14 1 1509 81
6 14 11 1671 70
13 13 7 1607 91
13 14 10 1698 22
