4 0 8 0 83
3 0 9 0 10
0 0 13 0 52
2 0 0 0 62
9 0 8 83 28
14 0 5 0 89
5 0 12 0 3
6 0 9 10 28
2 1 3 62 72
12 0 7 0 72
6 1 0 62 93
10 0 4 0 20
5 1 13 52 31
4 1 13 83 52
10 1 2 20 99
4 2 5 135 70
1 0 2 119 44
9 1 3 134 25
10 2 1 119 13
5 2 14 83 98
12 1 1 132 80
12 2 10 212 12
3 1 11 10 15
6 2 5 205 4
3 2 0 155 93
0 1 12 52 19
4 3 10 224 78
14 1 13 135 44
3 3 7 248 79
0 2 7 327 6
4 4 9 302 7
14 2 14 181 41
2 2 1 212 74
7 0 12 71 25
9 2 5 209 69
4 5 14 309 28
14 3 6 222 32
2 3 7 333 63
7 1 1 286 82
9 3 4 278 65
13 0 8 111 72
14 4 9 309 10
13 1 11 183 78
1 1 1 368 85
10 3 0 248 88
11 0 8 183 59
7 2 9 368 58
10 4 14 337 25
13 2 3 261 29
13 3 7 396 90
10 5 10 362 75
6 3 4 343 51
11 1 3 290 22
8 0 6 254 82
3 4 12 327 77
0 3 0 336 20
2 4 4 396 95
14 5 11 319 85
2 5 8 491 29
9 4 1 453 62
4 6 12 404 97
7 3 14 426 15
10 6 9 437 90
11 2 13 312 46
7 4 6 441 67
11 3 14 441 10
6 4 12 501 67
8 1 5 336 31
7 5 10 508 50
9 5 10 558 57
13 4 1 515 46
14 6 7 486 16
13 5 12 568 46
7 6 2 558 66
10 7 6 527 84
11 4 2 624 1
8 2 12 614 22
13 6 6 614 43
14 7 2 625 23
4 7 2 648 52
10 8 11 611 70
8 3 4 636 16
1 2 8 520 2
1 3 14 522 78
12 3 4 652 56
3 5 14 600 61
13 7 4 708 75
8 4 1 652 87
8 5 14 739 48
1 4 13 600 86
12 4 0 708 22
0 4 5 367 1
5 3 9 527 97
0 5 11 681 26
13 8 10 783 90
1 5 0 730 88
12 5 8 730 8
0 6 9 707 90
5 4 5 624 77
0 7 10 873 44
5 5 1 739 39
5 6 6 778 41
4 8 3 700 29
14 8 12 648 91
6 5 14 787 5
4 9 0 818 81
12 6 12 739 93
1 6 5 818 61
9 6 7 615 97
9 7 9 797 31
6 6 6 819 18
11 5 11 707 21
7 7 7 712 92
9 8 13 828 15
9 9 2 843 25
13 9 13 873 29
6 7 1 837 52
11 6 5 879 3
8 6 9 828 59
3 6 6 837 1
14 9 8 739 46
6 8 3 889 47
8 7 0 899 63
5 7 7 819 10
1 7 11 879 20
5 8 0 962 9
12 7 6 838 27
6 9 8 936 21
0 8 1 917 27
2 6 14 792 24
7 8 4 804 56
13 10 2 902 8
1 8 9 899 56
12 8 13 902 17
13 11 5 910 92
1 9 12 955 12
12 9 2 919 38
13 12 14 1002 16
8 8 7 962 29
1 10 10 967 69
0 9 2 957 18
11 7 4 882 84
8 9 8 991 99
3 7 1 944 48
14 10 3 936 35
7 9 11 899 82
5 9 3 971 93
1 11 7 1036 34
9 10 0 971 83
10 9 12 967 41
5 10 8 1090 7
12 10 3 1064 26
12 11 9 1090 51
3 8 13 992 22
6 10 13 1014 49
3 9 10 1036 27
0 10 3 1090 51
4 10 6 899 60
14 11 4 971 17
3 10 4 1063 21
0 11 14 1141 80
4 11 11 981 91
14 12 10 1063 93
2 7 5 1002 34
7 10 13 1063 57
9 11 11 1072 98
4 12 7 1072 80
14 13 1 1156 45
2 8 6 1036 89
7 11 5 1120 16
9 12 6 1170 55
13 13 9 1141 62
14 14 0 1201 93
1 12 3 1141 55
10 10 3 1196 17
11 8 9 1203 93
7 12 3 1213 34
10 11 8 1213 54
10 12 7 1267 63
6 11 11 1170 63
11 9 12 1296 59
8 10 10 1156 48
3 11 5 1136 17
0 12 4 1221 10
2 9 2 1125 83
2 10 13 1208 90
9 13 12 1355 66
4 13 4 1231 54
7 13 8 1267 99
10 13 13 1330 1
11 10 10 1355 78
7 14 0 1366 61
11 11 7 1433 73
6 12 2 1233 96
8 11 13 1331 36
9 14 14 1421 31
10 14 5 1331 95
11 12 1 1506 59
8 12 2 1367 91
4 14 1 1565 35
1 13 4 1285 34
12 12 11 1233 43
3 12 3 1247 45
1 14 6 1319 84
12 13 14 1452 80
3 13 2 1458 96
8 13 11 1458 61
12 14 5 1532 94
0 13 6 1403 51
5 11 10 1433 49
0 14 8 1454 41
6 13 10 1482 85
11 13 0 1565 42
8 14 3 1519 59
3 14 8 1554 11
2 11 12 1421 26
5 12 4 1482 20
5 13 11 1519 45
5 14 2 1564 59
6 14 7 1567 90
2 12 9 1447 98
11 14 6 1607 63
2 13 10 1567 65
2 14 11 1632 31
13 14 0 1607 6
