5 0 14 0 28
6 0 8 0 21
14 0 10 0 24
1 0 2 0 4
6 1 12 21 5
4 0 13 0 85
3 0 5 0 34
14 1 2 24 66
10 0 12 26 40
11 0 3 0 38
2 0 8 21 46
0 0 3 38 83
1 1 12 66 68
0 1 6 121 1
8 0 0 0 77
10 1 4 66 8
1 2 1 134 79
2 1 14 67 57
2 2 3 124 66
8 1 4 77 51
13 0 6 122 14
4 1 5 85 80
10 2 5 165 36
7 0 9 0 49
3 1 13 85 69
5 1 11 28 11
5 2 2 90 66
4 2 2 165 36
14 2 9 90 4
0 2 7 122 96
12 0 10 24 89
9 0 8 67 85
3 2 11 154 53
4 3 14 201 57
3 3 4 207 98
8 2 5 201 68
0 3 13 218 54
0 4 4 305 30
10 3 13 272 5
5 3 5 269 2
2 3 0 190 75
14 3 13 277 20
11 1 14 258 83
1 3 13 297 21
11 2 4 341 48
5 4 8 271 35
5 5 10 306 69
13 1 2 201 66
12 1 8 306 22
6 2 5 271 95
6 3 10 375 5
9 1 11 207 64
12 2 4 389 11
7 1 7 218 80
14 4 5 366 79
4 4 1 258 96
13 2 0 267 4
7 2 12 298 61
3 4 14 341 8
5 6 0 375 61
4 5 8 354 34
14 5 0 445 50
0 5 1 354 80
12 3 1 434 15
9 2 7 298 55
3 5 2 349 81
3 6 9 430 81
4 6 4 400 14
0 6 12 434 81
10 4 6 277 1
2 4 10 380 88
1 4 3 318 84
11 3 13 389 74
13 3 14 349 58
4 7 3 414 3
14 6 6 495 23
0 7 10 515 9
12 4 2 449 37
9 3 1 449 76
3 7 8 511 38
3 8 10 549 39
12 5 0 495 65
1 5 4 414 92
2 5 5 468 58
2 6 9 526 56
8 3 1 525 69
13 4 1 594 7
4 8 11 417 90
7 3 3 417 87
13 5 4 601 6
11 4 5 526 15
13 6 12 607 5
6 4 7 380 22
9 4 14 525 89
6 5 11 507 16
9 5 13 614 68
12 6 7 560 28
7 4 6 518 41
14 7 7 588 15
7 5 2 559 6
3 9 3 588 3
5 7 4 607 84
0 8 8 549 49
12 7 14 614 39
9 6 12 682 34
10 5 0 560 51
6 6 2 565 77
14 8 1 603 14
1 6 8 598 66
4 9 6 559 99
3 10 6 658 59
14 9 14 653 91
10 6 1 617 33
11 5 9 582 10
2 7 13 682 35
8 4 11 594 6
10 7 7 650 80
8 5 7 730 26
13 7 3 612 48
7 6 10 588 83
5 8 9 691 73
12 8 12 716 88
9 7 4 716 14
11 6 8 664 89
13 8 10 671 54
7 7 13 717 79
7 8 1 796 44
14 10 11 744 86
5 9 7 764 56
8 6 6 756 99
7 9 8 840 83
0 9 14 744 32
0 10 0 776 19
2 8 2 717 59
0 11 9 795 92
11 7 0 795 41
11 8 7 836 97
8 7 2 855 6
12 9 13 804 14
0 12 5 887 65
2 9 11 830 82
1 7 14 776 51
13 9 7 933 59
6 7 13 818 85
11 9 12 933 97
12 10 9 887 28
10 8 9 915 90
13 10 8 992 2
9 8 6 855 52
9 9 9 1005 33
8 8 14 861 34
0 13 2 952 88
10 9 8 1005 75
5 10 13 903 98
2 10 6 912 24
14 11 4 830 96
2 11 4 936 96
11 10 6 1030 16
1 8 0 836 83
11 11 1 1046 47
6 8 0 919 76
9 10 10 1038 91
3 11 7 992 81
5 11 3 1001 81
5 12 1 1093 72
4 10 7 1073 9
14 12 12 1030 63
0 14 11 1040 64
12 11 6 1046 6
3 12 1 1165 30
4 11 12 1093 42
13 11 9 1038 1
12 12 3 1082 24
6 9 14 995 46
6 10 6 1052 36
9 11 0 1129 4
12 13 11 1106 4
7 10 14 1041 9
13 12 5 1039 4
7 11 4 1050 84
12 14 5 1110 23
9 12 5 1133 18
10 10 11 1110 47
1 9 10 1129 96
11 12 10 1225 21
13 13 13 1043 82
9 13 2 1151 95
8 9 13 1125 27
11 13 11 1246 95
1 10 7 1225 68
11 14 2 1341 20
5 13 6 1165 92
5 14 12 1257 23
13 14 11 1341 75
6 11 9 1088 89
6 12 1 1195 99
9 14 3 1246 76
7 12 0 1134 99
8 10 8 1152 51
14 13 3 1322 16
4 12 9 1177 95
6 13 4 1294 44
3 13 0 1233 76
4 13 0 1309 27
3 14 12 1309 71
4 14 10 1336 27
8 11 9 1272 82
1 11 5 1293 38
14 14 8 1338 3
1 12 9 1354 38
1 13 11 1416 99
10 11 10 1363 65
2 12 7 1293 24
1 14 6 1515 76
2 13 1 1317 55
2 14 12 1380 80
8 12 3 1354 5
7 13 5 1331 38
6 14 3 1359 37
7 14 11 1515 68
10 12 14 1428 42
10 13 2 1470 16
8 13 10 1428 90
10 14 3 1486 11
8 14 12 1518 1
