3 0 14 0 50
11 0 4 0 50
12 0 11 0 2
5 0 9 0 79
8 0 3 0 73
13 0 1 0 80
8 1 2 73 68
8 2 0 141 3
3 1 5 50 1
1 0 13 0 34
12 1 9 79 41
7 0 14 50 96
1 1 9 120 1
4 0 14 146 15
6 0 3 73 42
6 1 7 115 39
1 2 14 161 40
10 0 14 201 18
11 1 13 50 64
5 1 11 79 63
3 2 4 51 21
9 0 14 219 30
10 1 12 219 90
1 3 0 201 74
14 0 13 114 75
9 1 9 249 43
7 1 13 189 25
3 3 3 115 72
13 1 4 80 90
13 2 5 170 36
14 1 2 189 45
0 0 3 187 91
14 2 4 234 75
13 3 6 206 50
4 1 1 161 15
0 1 13 278 15
5 2 14 249 94
12 2 1 176 13
5 3 10 343 9
8 3 11 144 98
2 0 1 189 88
0 2 11 293 45
12 3 8 189 75
5 4 13 352 86
2 1 14 343 98
2 2 13 441 82
5 5 7 438 89
7 2 5 214 49
7 3 0 275 67
10 2 2 309 55
11 2 3 278 88
8 4 1 277 68
9 2 11 338 80
10 3 5 364 25
1 4 4 309 43
14 3 12 309 72
3 4 10 352 46
13 4 11 418 76
13 5 3 494 15
14 4 7 527 65
0 3 4 352 26
14 5 3 592 6
13 6 9 509 31
4 2 13 523 16
0 4 2 378 90
5 6 8 527 12
10 4 4 389 72
8 5 4 461 8
11 3 1 366 57
2 3 8 539 46
1 5 5 389 73
4 3 6 539 79
6 2 11 494 42
7 4 9 540 53
6 3 8 585 9
7 5 8 594 20
9 3 13 539 64
10 5 1 461 92
14 6 8 614 16
9 4 1 603 14
3 5 7 592 20
0 5 9 593 53
5 7 2 539 66
13 7 10 540 89
13 8 8 630 87
14 7 0 630 24
0 6 10 646 7
14 8 11 654 24
4 4 12 618 8
0 7 6 653 78
5 8 1 617 55
6 4 4 594 37
12 4 12 626 31
11 4 11 678 25
2 4 10 653 79
1 6 6 731 96
4 5 4 631 73
6 5 9 646 25
7 6 2 614 52
6 6 1 672 78
7 7 3 666 29
9 5 5 617 6
10 6 13 603 88
14 9 14 678 44
9 6 3 695 36
3 6 1 750 62
13 9 2 717 55
13 10 7 772 49
14 10 9 722 4
0 8 12 731 94
14 11 6 827 22
5 9 0 672 70
8 6 5 623 15
11 5 8 717 73
2 5 4 732 69
11 6 9 790 18
12 5 14 722 66
12 6 2 788 72
9 7 4 801 88
7 8 1 812 51
3 7 11 812 33
4 6 5 704 86
10 7 0 742 69
5 10 12 825 35
11 7 7 821 4
2 6 0 811 95
8 7 13 691 88
8 8 7 825 72
3 8 13 845 79
1 7 11 845 80
12 7 10 860 66
7 9 11 925 35
1 8 1 925 87
4 7 2 860 52
4 8 9 912 79
6 7 12 860 76
7 10 6 960 38
6 8 10 936 16
7 11 10 998 18
9 8 0 906 71
10 8 8 811 89
14 12 1 1012 99
9 9 12 977 51
3 9 6 998 56
0 9 7 897 8
5 11 5 860 14
13 11 13 924 23
0 10 5 905 19
4 9 0 991 62
0 11 14 924 56
5 12 4 889 3
6 9 6 1054 38
14 13 5 1111 10
9 10 6 1092 63
3 10 9 1054 67
5 13 6 1155 54
14 14 10 1121 85
4 10 3 1053 93
6 10 0 1092 30
12 8 7 926 96
11 8 0 1122 69
2 7 12 1028 41
1 9 7 1022 78
6 11 14 1122 80
7 12 4 1016 43
12 9 0 1191 45
8 9 12 1069 20
7 13 7 1100 46
7 14 12 1146 98
10 9 10 1206 83
9 11 2 1155 32
3 11 12 1244 23
13 12 14 1202 19
13 13 12 1267 38
0 12 8 980 69
0 13 1 1111 66
12 10 13 1236 29
5 14 3 1209 62
2 8 5 1121 39
2 9 2 1187 12
10 10 7 1289 58
11 9 2 1199 40
8 10 9 1121 89
9 12 8 1187 16
8 11 10 1289 59
2 10 11 1199 1
1 10 8 1203 88
4 11 7 1347 86
3 12 2 1267 56
13 14 0 1305 93
0 14 0 1398 98
12 11 6 1265 49
2 11 6 1314 71
10 11 11 1347 35
9 13 10 1348 63
3 13 8 1323 44
8 12 8 1367 68
11 10 6 1385 28
2 12 9 1385 27
11 11 10 1413 37
12 12 3 1314 96
12 13 5 1410 50
9 14 7 1433 7
3 14 0 1496 56
4 12 11 1433 44
10 12 3 1410 79
11 12 5 1460 42
2 13 7 1440 77
8 13 6 1435 63
8 14 14 1498 41
1 11 12 1305 90
12 14 4 1460 38
1 12 10 1450 49
4 13 8 1477 80
4 14 10 1557 18
6 12 5 1502 34
6 13 2 1536 92
10 13 6 1498 43
6 14 13 1628 29
11 13 12 1502 82
2 14 3 1517 99
1 13 3 1616 85
10 14 9 1541 86
11 14 14 1584 83
1 14 2 1701 3
