5 0 7 0 73
7 0 13 0 23
7 1 6 23 30
3 0 9 0 14
11 0 8 0 60
2 0 5 0 60
14 0 3 0 12
2 1 11 60 43
5 1 2 73 28
8 0 8 60 44
13 0 1 0 32
13 1 0 32 88
9 0 2 101 27
4 0 8 104 96
9 1 6 128 14
6 0 2 128 3
13 2 12 120 31
2 2 8 200 71
2 3 14 271 2
11 1 1 60 7
9 2 12 151 77
14 1 13 23 35
6 1 10 131 80
10 0 0 120 67
13 3 2 151 68
3 1 13 58 59
2 4 12 273 50
9 3 9 228 24
9 4 8 271 55
1 0 2 219 83
1 1 8 326 41
10 1 9 252 94
8 1 4 104 59
8 2 6 163 87
3 2 8 367 35
14 2 2 302 64
12 0 13 117 92
9 5 11 326 67
0 0 8 402 35
4 1 10 211 39
4 2 3 250 75
6 2 1 211 67
5 2 9 346 43
4 3 13 325 98
12 1 14 273 81
0 1 2 437 78
4 4 14 423 2
6 3 12 323 93
7 2 11 393 22
2 5 1 323 37
4 5 5 425 38
11 2 12 416 81
9 6 1 393 59
14 3 5 463 17
6 4 14 425 91
2 6 4 360 86
7 3 12 497 54
10 2 4 446 50
13 4 13 423 31
3 3 6 402 6
8 3 7 250 62
9 7 3 452 19
9 8 13 471 29
1 2 6 408 22
10 3 8 496 2
10 4 10 498 83
8 4 0 312 51
3 4 12 551 25
8 5 11 415 55
14 4 9 480 42
12 2 2 515 4
0 2 7 515 79
6 5 3 516 31
7 4 8 551 68
12 3 9 522 78
5 3 5 480 47
8 6 13 500 3
10 5 2 581 19
5 4 10 581 57
2 7 9 600 81
12 4 7 600 9
0 3 14 594 65
0 4 12 659 53
4 6 4 496 69
11 3 5 527 82
14 5 6 522 46
6 6 0 547 52
13 5 8 619 10
3 5 5 609 57
6 7 4 599 64
13 6 3 629 45
3 6 10 666 1
2 8 10 681 60
1 3 4 663 29
1 4 11 692 52
8 7 12 712 40
13 7 14 674 75
12 5 8 629 78
1 5 0 744 71
7 5 7 619 63
11 4 7 682 58
11 5 10 741 83
11 6 9 824 16
7 6 14 749 89
5 5 4 692 88
5 6 3 780 33
13 8 4 780 82
3 7 2 667 44
8 8 2 752 26
9 9 4 862 33
1 6 9 840 16
10 6 11 744 29
10 7 12 773 37
8 9 3 813 18
3 8 1 711 94
8 10 10 831 15
14 6 7 740 65
12 6 12 810 75
0 5 0 815 14
6 8 9 856 83
7 7 5 838 95
9 10 10 895 88
14 7 4 895 74
6 9 5 939 2
10 8 14 838 58
13 9 7 862 51
3 9 0 829 30
2 9 6 741 57
1 7 7 913 93
1 8 5 1006 54
10 9 6 896 32
8 11 1 846 18
3 10 14 896 95
8 12 5 1060 72
14 8 8 969 96
12 7 4 969 5
8 13 14 1132 35
0 6 4 974 93
7 8 3 933 5
5 7 1 864 13
10 10 3 938 38
5 8 11 877 7
10 11 7 1006 99
5 9 8 1065 49
2 10 13 798 66
12 8 10 983 50
0 7 3 1067 70
7 9 4 1067 37
2 11 0 864 24
4 7 0 888 32
11 7 4 1104 1
9 11 5 1132 30
14 9 0 1065 28
6 10 11 941 90
9 12 0 1162 91
9 13 7 1253 11
1 9 3 1137 63
1 10 1 1200 12
10 12 5 1162 88
8 14 9 1167 60
3 11 11 1031 93
14 10 12 1093 86
12 9 6 1033 8
9 14 14 1264 11
0 8 13 1137 14
4 8 12 1179 95
4 9 11 1274 63
6 11 13 1151 64
5 10 6 1114 23
4 10 9 1337 4
12 10 1 1212 44
0 9 5 1250 90
4 11 6 1341 11
6 12 7 1264 16
7 10 0 1253 5
2 12 2 888 98
4 12 2 1352 50
11 8 11 1337 69
14 11 10 1179 95
6 13 8 1280 18
2 13 3 1200 92
7 11 10 1274 42
10 13 1 1256 49
13 10 6 1352 55
3 12 3 1292 51
1 11 10 1316 85
10 14 13 1305 70
3 13 4 1343 52
14 12 14 1275 93
12 11 0 1258 4
0 10 9 1341 95
6 14 6 1407 25
7 12 2 1402 17
12 12 5 1340 60
5 11 14 1368 38
5 12 13 1406 21
2 14 7 1292 69
12 13 11 1406 94
0 11 10 1436 49
0 12 6 1485 36
4 13 1 1402 95
11 9 6 1521 7
14 13 1 1497 67
13 11 9 1436 99
3 14 7 1395 16
13 12 11 1535 44
1 12 13 1427 62
1 13 14 1489 45
13 13 10 1579 84
12 14 3 1500 74
14 14 11 1579 56
7 13 1 1564 54
13 14 5 1663 22
1 14 12 1534 30
7 14 9 1618 46
0 13 1 1618 85
5 13 0 1427 99
5 14 12 1564 72
0 14 11 1703 1
4 14 7 1497 78
11 10 13 1528 3
11 11 2 1531 84
11 12 14 1615 8
11 13 0 1623 12
11 14 3 1635 93
