16 0 3 0 69
17 0 10 0 84
6 0 2 0 40
4 0 14 0 50
4 1 8 50 5
4 2 1 55 59
1 0 5 0 67
1 1 0 67 5
16 1 7 69 82
6 1 10 84 43
16 2 10 151 64
11 0 2 40 44
8 0 4 0 65
12 0 0 72 39
9 0 1 114 70
2 0 2 84 22
5 0 3 69 48
2 1 3 117 98
13 0 12 0 57
19 0 11 0 7
12 1 7 151 56
7 0 1 184 59
2 2 14 215 8
0 0 3 215 25
7 1 0 243 3
3 0 8 55 99
10 0 3 240 18
3 1 10 215 42
8 1 5 67 55
3 2 1 257 2
13 1 3 258 14
5 1 10 257 57
12 2 14 223 13
12 3 8 236 29
8 2 9 122 81
15 0 5 122 47
13 2 9 272 8
0 1 11 240 75
7 2 2 246 85
9 1 4 184 74
12 4 12 265 55
7 3 4 331 6
14 0 3 272 93
6 2 1 259 50
0 2 14 315 75
4 3 2 331 71
10 1 10 314 6
10 2 1 320 96
19 1 14 390 97
7 4 7 337 46
9 2 3 365 52
15 1 14 487 34
19 2 5 487 4
8 3 10 320 15
6 3 12 320 71
16 3 14 521 40
12 5 10 335 69
11 1 7 383 75
11 2 6 458 12
7 5 13 383 49
6 4 8 391 46
6 5 0 437 99
4 4 10 404 47
4 5 9 451 39
11 3 8 470 13
19 3 6 491 22
19 4 10 513 74
8 4 7 458 32
11 4 3 483 74
2 3 0 536 35
17 1 8 483 26
3 3 13 432 35
17 2 2 509 87
2 4 9 571 59
17 3 11 596 61
9 3 10 587 94
5 2 1 416 5
10 3 0 571 53
15 2 6 521 42
8 5 6 563 52
8 6 2 615 97
5 3 5 491 2
18 0 3 557 43
12 6 9 630 26
9 4 14 681 14
12 7 3 656 7
7 6 11 657 5
2 5 12 630 31
15 3 12 661 28
13 3 4 337 13
13 4 1 421 95
6 6 7 536 67
13 5 0 624 53
17 4 13 657 95
14 1 14 695 92
18 1 2 712 54
10 4 9 656 35
0 3 1 516 76
10 5 8 691 99
0 4 10 681 38
7 7 3 663 82
9 5 0 695 81
11 5 5 557 59
8 7 1 712 69
6 7 6 615 34
11 6 14 787 71
15 4 8 790 11
5 4 6 649 60
18 2 12 766 18
12 8 6 709 55
12 9 1 781 48
10 6 14 858 39
0 5 2 766 62
14 2 6 787 18
3 4 3 745 11
18 3 13 784 72
5 5 0 776 64
2 6 5 661 13
4 6 12 784 82
14 3 5 805 28
3 5 4 756 92
1 2 3 756 11
1 3 8 801 11
16 4 0 840 27
15 5 2 828 11
17 5 6 805 23
14 4 13 856 27
18 4 1 856 70
0 6 4 848 38
7 8 12 866 18
9 6 6 828 24
8 8 12 884 82
15 6 4 886 30
5 6 8 840 86
18 5 6 926 28
16 5 8 926 82
17 6 14 897 88
6 8 14 985 6
4 7 4 916 35
4 8 6 954 12
4 9 5 966 2
1 4 4 951 40
1 5 1 991 34
16 6 1 1025 27
6 9 13 991 95
16 7 11 1052 43
11 7 4 991 75
8 9 3 966 89
12 10 4 1066 22
9 7 13 1086 14
2 7 4 1088 46
5 7 7 926 3
2 8 7 1134 52
13 6 10 719 78
19 5 9 691 45
7 9 5 968 71
2 9 10 1186 22
0 7 7 1186 59
14 5 9 883 40
3 6 14 991 88
18 6 14 1079 20
5 8 11 1095 51
2 10 8 1208 18
4 10 0 968 39
14 6 1 1052 56
3 7 9 1079 97
1 6 12 1025 77
1 7 14 1102 42
16 8 5 1095 56
15 7 9 1176 14
17 7 3 1055 89
14 7 0 1108 83
18 7 5 1151 22
0 8 0 1245 14
11 8 1 1108 30
11 9 0 1259 93
7 10 6 1039 48
6 10 4 1134 67
10 7 6 1087 18
8 10 13 1100 69
1 8 6 1144 35
16 9 13 1169 17
17 8 9 1190 49
14 8 12 1191 51
18 8 4 1201 59
10 8 4 1260 14
2 11 11 1226 19
4 11 13 1186 42
7 11 14 1144 79
9 8 11 1245 32
8 11 0 1352 87
15 8 11 1277 10
5 9 13 1228 26
18 9 8 1260 36
14 9 7 1245 15
3 8 2 1176 21
1 9 7 1260 96
14 10 2 1260 97
4 12 3 1228 52
4 13 11 1287 65
4 14 7 1356 35
14 11 4 1357 48
3 9 5 1197 56
1 10 10 1356 22
1 11 2 1378 55
16 10 4 1405 18
15 9 13 1287 4
13 7 6 1179 24
13 8 5 1253 92
6 11 3 1280 54
12 11 2 1433 46
11 10 9 1352 26
19 6 13 1291 62
3 10 11 1352 17
18 10 9 1378 85
11 11 10 1378 30
11 12 13 1408 84
7 12 9 1463 62
6 12 5 1345 29
10 9 7 1391 90
8 12 8 1439 22
1 12 9 1525 21
16 11 12 1423 20
10 10 2 1481 64
10 11 12 1545 81
19 7 1 1353 95
7 13 8 1525 65
9 9 8 1590 39
15 10 3 1334 20
19 8 4 1448 66
8 13 14 1461 71
6 13 9 1546 30
16 12 6 1443 98
12 12 11 1479 50
11 13 11 1529 91
11 14 12 1626 93
7 14 10 1590 76
6 14 11 1620 60
19 9 8 1629 14
19 10 0 1643 40
8 14 11 1680 63
2 12 13 1492 64
17 9 7 1481 84
3 11 7 1565 43
17 10 4 1565 12
2 13 1 1556 29
17 11 5 1577 51
9 10 5 1629 67
5 10 2 1545 34
10 12 5 1696 89
15 11 1 1585 92
5 11 14 1579 39
18 11 11 1743 13
12 13 13 1556 96
9 11 12 1719 59
12 14 5 1785 17
2 14 6 1585 70
15 12 7 1677 19
13 9 2 1579 90
13 10 14 1669 68
13 11 13 1737 87
17 12 12 1778 3
19 11 3 1683 23
0 9 12 1781 13
3 12 0 1683 27
19 12 12 1794 79
0 10 5 1802 46
3 13 6 1710 19
10 13 11 1785 48
3 14 12 1873 23
13 12 7 1824 43
5 12 12 1896 45
15 13 0 1710 59
13 13 8 1867 75
0 11 9 1848 31
9 12 7 1867 18
14 12 10 1666 53
0 12 6 1879 57
10 14 13 1833 80
19 13 2 1873 34
9 13 9 1885 77
15 14 10 1769 28
19 14 7 1907 8
16 13 9 1962 43
17 13 0 1781 44
17 14 1 1825 20
9 14 2 1962 50
5 13 9 2005 63
5 14 4 2068 54
18 12 0 1825 73
13 14 11 1942 94
14 13 8 1942 78
18 13 10 1898 29
0 13 13 1936 92
0 14 8 2028 3
18 14 7 1927 45
14 14 11 2036 39
16 14 2 2012 68
1 13 13 2028 29
1 14 11 2075 16
