16 0 14 0 17
19 0 2 0 34
7 0 12 0 76
10 0 0 0 54
6 0 0 54 35
13 0 7 0 69
10 1 9 54 66
13 1 6 69 90
4 0 8 0 83
1 0 14 17 86
19 1 12 76 56
11 0 14 103 21
0 0 2 34 55
8 0 7 69 17
1 1 8 103 76
15 0 5 0 63
17 0 5 63 79
4 1 4 83 33
11 1 10 124 70
16 1 8 179 37
0 1 5 142 66
3 0 1 0 60
18 0 0 89 38
18 1 9 127 76
0 2 1 208 48
5 0 2 89 51
2 0 7 86 84
5 1 14 140 20
2 1 12 170 97
11 2 3 194 42
10 2 13 120 8
7 1 2 140 58
13 2 13 159 17
3 1 8 216 82
18 2 10 203 47
10 3 7 170 48
15 1 14 160 4
6 1 4 116 71
2 2 1 267 26
6 2 13 187 47
4 2 12 267 15
2 3 8 298 70
13 3 10 250 18
18 3 4 250 21
8 1 3 236 11
12 0 11 0 96
7 2 11 198 37
17 1 2 198 6
1 2 12 282 40
12 1 10 268 42
10 4 6 218 84
6 3 1 293 34
13 4 3 268 45
10 5 3 313 15
13 5 1 327 48
4 3 1 375 36
1 3 4 322 76
19 2 9 203 26
8 2 4 398 18
9 0 7 218 82
15 2 12 322 85
3 2 5 298 14
5 2 10 310 89
3 3 11 312 36
13 6 5 375 31
4 4 3 411 96
12 2 5 406 49
3 4 7 348 22
0 3 8 368 59
8 3 5 455 90
6 4 8 427 77
11 3 12 407 29
19 3 8 504 62
15 3 7 407 53
16 2 1 411 56
8 4 13 545 57
17 2 10 399 89
9 1 14 300 84
9 2 12 436 87
15 4 3 507 61
16 3 10 488 70
11 4 5 545 83
5 3 7 460 99
13 7 11 406 29
16 4 11 558 56
5 4 3 568 95
13 8 4 435 27
12 3 1 467 54
2 4 2 368 33
18 4 2 401 80
14 0 2 481 41
11 5 7 628 5
18 5 6 481 97
14 1 4 522 24
14 2 14 546 82
0 4 3 663 8
14 3 5 628 50
1 4 11 614 9
0 5 4 671 21
4 5 14 628 99
7 3 9 235 28
16 5 12 614 24
18 6 13 602 35
17 3 3 671 69
17 4 12 740 16
15 5 13 637 54
7 4 8 566 80
19 4 4 692 82
6 5 10 558 68
8 5 0 602 95
7 5 10 646 96
2 5 10 742 31
12 4 3 740 58
14 4 0 697 24
9 3 6 578 44
15 6 0 721 16
3 5 6 622 21
9 4 5 678 96
9 5 9 774 64
7 6 13 742 97
10 6 11 623 93
6 6 11 716 85
13 9 8 646 85
10 7 8 731 94
19 5 6 774 38
11 6 4 774 16
0 6 14 727 64
8 6 11 801 17
16 6 7 638 95
5 5 0 737 41
13 10 0 778 71
12 5 13 839 8
17 5 4 790 56
4 6 2 727 81
11 7 6 812 76
16 7 0 849 12
0 7 7 791 7
3 6 3 798 3
18 7 1 637 45
18 8 3 801 74
0 8 10 798 80
5 6 1 778 7
2 6 3 875 20
5 7 13 847 67
2 7 11 895 39
11 8 1 888 67
10 8 10 878 57
7 7 4 846 92
13 11 12 849 92
3 7 2 808 11
18 9 14 875 92
10 9 4 938 16
15 7 9 838 18
6 7 6 888 27
2 8 13 934 42
6 8 9 915 2
4 7 9 917 24
2 9 14 976 33
13 12 9 941 20
18 10 7 967 98
8 7 10 935 33
12 6 9 961 41
7 8 5 938 84
17 6 6 915 81
1 5 3 895 23
12 7 7 1065 14
10 10 2 954 64
6 9 2 1018 99
13 13 2 1117 11
10 11 1 1018 13
13 14 14 1128 86
4 8 13 976 59
1 6 6 996 80
19 6 10 968 89
8 8 9 1002 61
9 6 10 1057 68
15 8 10 1125 5
3 8 4 954 82
5 8 9 1063 77
3 9 9 1140 92
4 9 6 1076 89
12 8 8 1079 35
3 10 12 1232 52
0 9 13 1035 5
8 9 1 1063 49
6 10 5 1117 9
11 9 2 1128 46
19 7 14 1214 33
15 9 6 1165 43
16 8 3 918 96
8 10 8 1114 36
17 7 11 996 98
9 7 0 1125 57
9 8 3 1182 65
15 10 1 1208 24
16 9 2 1174 27
11 10 0 1182 67
5 9 6 1208 45
16 10 9 1232 55
5 10 11 1253 74
12 9 14 1247 9
2 10 5 1126 70
18 11 8 1150 54
14 5 7 1079 75
11 11 13 1249 83
18 12 5 1204 91
14 6 10 1154 34
14 7 12 1284 80
0 10 11 1327 59
14 8 1 1364 71
1 7 9 1287 51
0 11 9 1386 8
4 10 5 1295 11
7 9 14 1256 68
16 11 13 1332 36
18 13 12 1364 79
17 8 0 1249 12
17 9 13 1368 19
15 11 2 1232 88
7 10 6 1324 1
19 8 7 1247 50
6 11 12 1443 18
8 11 6 1325 38
7 11 3 1325 86
2 11 6 1363 84
12 10 0 1261 74
14 9 9 1435 54
9 9 4 1247 89
15 12 8 1320 67
3 11 13 1387 85
9 10 2 1336 42
9 11 1 1435 77
7 12 1 1512 33
10 12 14 1324 62
6 12 7 1461 28
10 13 12 1461 63
19 9 5 1306 62
11 12 9 1489 46
0 12 12 1524 91
8 12 12 1615 62
1 8 0 1338 46
15 13 4 1387 79
17 10 8 1387 88
4 11 10 1306 13
11 13 11 1535 29
16 12 5 1368 41
0 13 6 1615 11
3 12 0 1472 77
18 14 11 1564 46
0 14 0 1626 81
5 11 12 1677 91
2 12 0 1707 23
2 13 9 1730 54
5 12 4 1768 87
2 14 4 1855 55
11 14 8 1564 26
7 13 7 1545 66
3 13 14 1549 3
15 14 11 1610 41
6 13 3 1489 33
6 14 14 1552 92
12 11 2 1378 16
17 11 14 1644 3
1 9 10 1384 48
12 12 6 1626 50
12 13 12 1768 69
14 10 3 1522 5
9 12 8 1590 43
3 14 10 1552 89
9 13 13 1633 76
9 14 11 1709 38
16 13 6 1676 65
5 13 5 1855 1
14 11 8 1633 42
14 12 6 1741 8
1 10 1 1545 68
4 12 11 1747 26
7 14 0 1730 20
16 14 4 1910 23
17 12 7 1647 36
17 13 1 1683 67
4 13 7 1773 91
5 14 8 1856 55
10 14 5 1856 53
4 14 0 1864 87
8 13 14 1677 73
12 14 4 1933 45
1 11 13 1709 51
1 12 2 1760 15
19 10 1 1750 39
1 13 7 1864 5
19 11 11 1789 63
8 14 2 1775 25
14 13 13 1760 35
19 12 3 1852 88
17 14 9 1784 74
14 14 11 1852 93
1 14 5 1909 82
19 13 0 1951 13
19 14 13 1964 42
