17 0 8 0 11
6 0 11 0 64
10 0 6 0 47
0 0 12 0 91
10 1 0 47 42
10 2 4 89 61
16 0 8 11 49
4 0 3 0 84
13 0 11 64 35
1 0 2 0 77
9 0 6 47 17
16 1 13 60 5
14 0 8 60 73
9 1 3 84 71
19 0 13 65 19
8 0 5 0 63
3 0 9 0 19
3 1 14 19 45
11 0 0 89 66
7 0 12 91 56
4 1 8 133 61
16 2 7 65 59
4 2 6 194 35
5 0 3 155 85
1 1 5 77 77
5 1 8 240 55
13 1 7 124 62
14 1 13 133 40
19 1 1 84 53
5 2 13 295 2
15 0 14 64 76
8 1 8 295 98
12 0 2 77 99
5 3 11 297 65
14 2 10 173 16
3 2 5 154 65
4 3 1 229 44
11 1 6 229 91
18 0 8 393 83
17 1 14 140 18
13 2 10 189 52
11 2 4 320 8
16 3 9 124 40
2 0 3 240 92
10 3 14 158 17
1 2 0 155 9
13 3 4 328 84
6 1 2 176 94
13 4 8 476 30
13 5 14 506 2
11 3 3 332 37
1 3 10 241 77
14 3 12 189 21
10 4 8 506 65
8 2 7 393 64
19 2 4 412 80
0 1 11 362 17
4 4 13 297 37
14 4 0 210 50
16 4 11 379 74
7 1 3 369 98
17 2 5 219 6
2 1 2 332 3
2 2 6 335 12
4 5 0 334 16
3 3 7 457 24
18 1 6 476 42
14 5 9 260 10
5 4 12 362 52
14 6 2 335 46
9 2 9 270 80
15 1 7 481 40
7 2 4 492 56
0 2 8 571 4
17 3 11 453 60
5 5 1 414 97
5 6 4 548 81
6 2 0 350 4
16 5 12 453 70
8 3 0 457 37
15 2 11 521 21
4 6 9 350 97
10 5 13 571 5
9 3 8 575 33
3 4 13 576 30
12 1 9 447 2
0 3 9 575 63
12 2 5 449 22
1 4 4 629 24
12 3 12 523 12
8 4 12 535 89
14 7 6 518 2
19 3 0 494 89
0 4 7 638 67
4 7 5 471 85
14 8 11 542 48
16 6 5 556 84
7 3 11 590 28
17 4 1 513 83
2 3 9 638 27
14 9 1 596 16
7 4 8 618 1
4 8 14 556 51
3 5 10 606 30
7 5 1 619 96
4 9 2 607 26
15 3 6 542 91
12 4 3 535 13
14 10 3 612 58
4 10 12 633 13
18 2 1 715 11
17 5 0 596 64
0 5 13 705 30
18 3 11 726 64
9 4 2 633 87
0 6 0 735 87
12 5 14 607 62
3 6 12 646 49
5 7 14 669 8
9 5 1 726 82
2 4 5 665 58
2 5 12 723 66
4 11 7 705 76
3 7 2 720 32
6 3 6 633 13
11 4 8 619 99
1 5 1 808 8
10 6 12 789 96
8 5 13 735 96
19 4 5 723 21
16 7 4 653 47
7 6 5 744 27
18 4 7 790 44
15 4 10 636 48
7 7 0 822 38
15 5 9 684 6
7 8 13 860 41
13 6 6 646 50
13 7 3 696 69
6 4 4 700 98
13 8 9 765 64
11 5 2 752 90
14 11 14 677 37
19 5 7 834 34
0 7 10 822 80
4 12 4 798 41
17 6 7 868 85
12 6 4 839 30
5 8 6 696 22
9 6 12 885 44
2 6 0 860 99
6 5 1 816 26
11 6 11 842 16
19 6 3 868 56
18 5 12 929 90
6 6 5 842 32
3 8 3 924 78
11 7 1 858 89
7 9 6 901 94
18 6 14 1019 8
14 12 5 874 12
15 6 2 842 91
8 6 1 947 88
16 8 2 933 25
13 9 5 886 54
1 6 13 901 64
14 13 7 953 30
15 7 0 959 75
8 7 6 1035 13
12 7 13 965 44
3 9 8 1002 31
4 13 11 858 2
11 8 9 947 17
17 7 3 1002 21
10 7 11 885 47
10 8 10 932 9
1 7 11 965 6
19 7 6 1048 89
0 8 2 958 95
7 10 10 995 77
17 8 12 1023 52
6 7 12 1075 20
10 9 1 1035 20
9 7 7 983 14
18 7 10 1072 35
18 8 0 1107 72
9 8 5 997 85
13 10 1 1055 45
11 9 5 1082 98
1 8 3 1023 12
10 10 9 1055 10
8 8 4 1048 72
19 8 12 1137 50
9 9 14 1082 2
3 10 1 1100 3
16 9 3 1035 86
8 9 14 1120 28
15 8 1 1103 79
10 11 7 1065 11
9 10 0 1179 60
3 11 6 1137 25
12 8 11 1009 25
10 12 5 1180 86
8 10 10 1148 57
19 9 8 1187 28
0 9 4 1120 14
4 14 10 1205 96
16 10 14 1148 75
7 11 9 1072 63
17 9 2 1075 49
2 7 13 1009 33
0 10 5 1266 17
12 9 7 1076 56
3 12 11 1162 9
7 12 2 1135 63
15 9 12 1187 51
12 10 1 1182 10
14 14 4 1134 82
18 9 9 1179 67
17 10 9 1246 30
0 11 6 1283 22
18 10 3 1246 72
9 11 4 1239 72
0 12 3 1318 1
12 11 10 1301 44
3 13 0 1239 2
5 9 5 1283 59
9 12 11 1311 27
2 8 7 1132 7
2 9 10 1345 78
3 14 4 1311 22
6 8 9 1276 97
11 10 13 1180 87
1 9 14 1223 13
10 13 3 1319 90
8 11 9 1373 99
19 10 11 1338 15
16 11 6 1305 26
7 13 14 1236 81
18 11 4 1333 55
15 10 8 1238 51
7 14 7 1317 6
15 11 3 1409 81
13 11 13 1267 38
13 12 2 1305 90
6 9 7 1373 28
13 13 12 1395 70
11 11 12 1465 8
19 11 2 1395 27
0 13 14 1319 85
17 11 10 1423 56
12 12 8 1345 25
5 10 9 1472 95
9 13 13 1338 63
2 10 14 1423 96
6 10 3 1490 63
11 12 10 1479 40
19 12 10 1519 74
18 12 5 1388 43
6 11 8 1553 2
11 13 14 1519 33
17 12 13 1479 31
18 13 13 1510 88
15 12 4 1490 70
8 12 3 1553 11
12 13 6 1370 39
5 11 0 1567 52
11 14 7 1552 37
18 14 2 1598 35
17 13 6 1510 25
6 12 13 1598 23
16 12 0 1619 51
8 13 2 1633 8
15 13 13 1621 65
6 13 10 1621 14
1 10 6 1535 71
10 14 2 1641 65
8 14 11 1641 96
19 13 14 1593 83
16 13 10 1670 32
15 14 5 1686 19
13 14 0 1670 37
6 14 14 1676 62
19 14 9 1676 79
0 14 1 1404 41
17 14 4 1560 31
12 14 0 1707 65
5 12 7 1619 85
9 14 10 1702 66
2 11 1 1519 30
2 12 4 1591 54
16 14 1 1702 15
1 11 8 1606 76
2 13 8 1682 23
2 14 11 1737 88
1 12 9 1755 95
5 13 10 1768 64
1 13 12 1850 8
5 14 2 1832 13
1 14 7 1858 6
