12 0 11 0 35
16 0 5 0 1
17 0 4 0 61
1 0 11 35 39
0 0 8 0 56
4 0 2 0 4
2 0 14 0 5
19 0 11 74 29
0 1 13 56 25
15 0 10 0 76
2 1 9 5 31
6 0 6 0 50
8 0 3 0 9
7 0 5 1 11
3 0 0 0 64
6 1 12 50 55
10 0 9 36 47
8 1 2 9 20
5 0 1 0 14
7 1 7 12 43
17 1 14 61 49
3 1 12 105 63
16 1 11 103 67
0 2 3 81 17
8 2 6 50 11
2 2 4 61 55
4 1 6 61 32
17 2 2 110 35
8 3 4 116 21
11 0 7 55 20
8 4 11 170 11
10 1 10 83 68
6 2 3 105 23
19 1 13 103 73
11 1 5 75 99
9 0 3 128 10
5 1 4 137 10
18 0 7 75 19
13 0 2 145 85
10 2 6 151 60
13 1 9 230 86
1 1 4 147 20
15 1 14 110 87
3 2 10 168 21
5 2 13 176 68
4 2 4 167 10
19 2 7 176 62
3 3 1 189 21
14 0 6 211 60
12 1 0 64 34
9 1 11 181 58
16 2 1 210 98
16 3 4 308 41
6 3 11 239 25
18 1 14 197 89
15 2 8 197 91
11 2 11 264 55
7 2 14 286 26
14 1 14 312 58
2 3 0 116 70
10 3 7 238 20
15 3 7 288 13
14 2 5 370 16
14 3 8 386 24
6 4 0 264 51
8 5 10 189 96
8 6 0 315 94
13 2 4 349 15
2 4 2 230 49
7 3 11 319 31
8 7 8 410 91
1 2 6 271 35
9 2 14 370 86
11 3 14 456 78
0 3 7 301 63
16 4 7 364 84
0 4 10 364 9
12 2 6 306 66
12 3 12 372 47
4 3 13 244 77
7 4 4 364 18
17 3 6 372 92
3 4 11 350 29
16 5 6 464 34
12 4 5 419 48
4 4 8 501 45
7 5 3 382 59
7 6 10 441 84
10 4 4 382 14
11 4 8 546 35
10 5 12 419 6
3 5 14 534 10
5 3 7 448 95
3 6 8 581 25
14 4 13 410 57
16 6 14 544 86
6 5 1 315 55
11 5 0 581 26
1 3 3 441 79
1 4 8 606 35
1 5 9 641 66
13 3 6 498 68
18 2 10 525 67
18 3 1 592 10
12 5 10 592 52
4 5 12 546 37
13 4 3 566 32
6 6 7 543 9
14 5 4 467 8
18 4 5 602 75
9 3 10 644 86
4 6 3 598 89
19 3 8 641 19
4 7 10 730 60
0 5 6 566 30
2 5 13 467 70
7 7 0 607 33
0 6 14 630 75
15 4 6 596 4
2 6 6 600 92
7 8 1 640 73
6 7 13 552 87
18 5 9 707 49
13 5 7 598 83
3 7 5 677 60
14 6 1 713 41
9 4 2 730 87
16 7 13 639 75
15 5 5 737 32
11 6 13 714 23
2 7 7 692 40
10 6 5 769 20
6 8 4 639 21
8 8 14 705 92
13 6 13 737 80
1 6 12 707 15
9 5 4 817 18
17 4 0 640 84
11 7 12 737 87
4 8 9 790 59
17 5 11 724 57
1 7 5 789 56
0 7 12 824 22
2 8 11 781 13
4 9 11 849 42
17 6 7 781 31
19 4 6 692 99
17 7 13 817 50
19 5 0 791 95
10 7 14 797 6
19 6 5 886 2
11 8 2 824 86
11 9 9 910 25
5 4 12 846 42
10 8 13 867 46
15 6 1 769 58
5 5 8 888 29
19 7 4 888 39
2 9 1 827 14
6 9 8 917 48
8 9 7 812 97
7 9 6 791 20
15 7 13 913 62
3 8 9 935 93
14 7 3 754 39
9 6 1 841 74
16 8 8 965 93
5 6 3 917 44
18 6 2 910 75
12 6 13 975 33
13 7 5 888 81
18 7 4 985 66
12 7 3 1008 77
4 10 0 891 48
13 8 12 969 10
6 10 5 969 55
14 8 0 939 28
18 8 0 1051 37
9 7 13 1008 64
4 11 7 939 30
19 8 10 927 70
0 8 9 1028 42
2 10 3 1085 49
7 10 13 1072 34
0 9 2 1070 83
19 9 1 997 90
15 8 11 975 83
2 11 5 1134 30
6 11 9 1070 22
8 10 13 1106 28
7 11 12 1106 92
9 8 6 1072 12
5 7 0 1088 23
18 9 11 1088 77
13 9 10 997 12
10 9 1 1087 79
17 8 9 1092 53
19 10 3 1134 10
19 11 2 1153 60
11 10 10 1009 98
5 8 14 1111 61
15 9 2 1213 48
1 8 13 1134 60
15 10 3 1261 41
2 12 10 1164 50
6 12 14 1172 47
8 11 5 1164 55
7 12 8 1198 65
3 9 13 1194 24
6 13 10 1219 50
10 10 8 1263 32
8 12 1 1219 89
5 9 5 1219 57
7 13 9 1263 87
17 9 1 1308 11
3 10 2 1261 48
16 9 12 1198 83
0 10 0 1153 69
8 13 9 1350 34
2 13 12 1281 77
4 12 1 1319 22
17 10 5 1319 74
8 14 12 1384 61
11 11 1 1341 1
10 11 0 1295 82
6 14 2 1309 86
19 12 9 1384 21
11 12 4 1342 16
9 9 9 1405 22
5 10 10 1276 45
18 10 13 1218 94
13 10 1 1342 31
10 12 2 1395 7
13 11 11 1373 38
1 9 0 1377 72
15 11 9 1427 36
3 11 6 1309 52
5 11 11 1411 98
4 13 5 1393 23
19 13 12 1445 40
3 12 3 1361 8
14 9 7 969 56
12 8 4 1358 38
9 10 5 1427 80
16 10 3 1369 66
16 11 2 1435 93
18 11 3 1435 60
15 12 12 1485 68
11 13 3 1495 33
7 14 2 1528 37
14 10 12 1553 37
2 14 8 1358 81
10 13 3 1528 74
15 13 0 1553 28
14 11 2 1590 34
14 12 10 1624 39
1 10 7 1449 52
1 11 10 1663 14
9 11 8 1507 5
11 14 6 1528 50
0 11 4 1396 90
16 12 0 1581 47
0 12 5 1507 88
12 9 1 1396 65
12 10 9 1463 58
4 14 14 1416 15
17 11 3 1602 8
3 13 4 1486 30
16 13 9 1628 58
12 11 14 1521 71
10 14 11 1602 54
3 14 7 1516 37
5 12 9 1686 30
14 13 11 1663 69
16 14 10 1686 64
13 12 8 1512 78
1 12 14 1677 2
1 13 2 1679 16
13 13 14 1679 44
18 12 6 1578 38
18 13 12 1616 52
12 12 2 1695 14
13 14 0 1723 18
14 14 9 1732 52
18 14 8 1668 61
9 12 12 1668 95
19 14 14 1723 17
0 13 11 1732 20
0 14 1 1752 30
15 14 4 1581 12
9 13 7 1763 6
1 14 1 1782 59
9 14 0 1769 35
17 12 8 1729 14
17 13 10 1750 12
17 14 12 1763 50
5 13 6 1716 27
5 14 2 1743 13
12 13 8 1743 85
12 14 7 1828 13
