5 0 7 0 80
5 1 5 80 88
6 0 14 0 83
1 0 8 0 6
1 1 3 6 46
15 0 13 0 13
13 0 4 0 64
17 0 2 0 68
19 0 1 0 69
10 0 11 0 93
6 1 13 83 12
3 0 11 93 58
18 0 1 69 51
13 1 10 64 18
11 0 11 151 79
6 2 8 95 48
15 1 8 143 19
10 1 13 95 87
16 0 5 168 43
1 2 12 52 18
19 1 10 82 56
2 0 1 120 78
12 0 1 198 83
18 1 4 120 34
3 1 13 182 34
16 1 8 211 24
15 2 10 162 31
10 2 6 182 74
8 0 5 211 39
9 0 9 0 66
0 0 7 80 15
7 0 7 95 75
15 3 5 250 94
10 3 5 344 26
8 1 11 250 64
9 1 4 154 87
0 1 12 95 89
2 1 0 198 45
12 1 5 370 67
7 1 13 216 13
15 4 6 344 78
10 4 10 370 60
8 2 4 314 88
9 2 3 241 27
0 2 6 422 49
2 2 8 243 61
12 2 7 437 18
7 2 4 402 9
12 3 12 455 20
7 3 11 411 11
9 3 8 304 47
8 3 1 402 9
3 2 10 430 70
18 2 8 351 10
2 3 4 411 49
8 4 12 475 97
3 3 0 500 19
2 4 11 460 26
9 4 14 351 68
7 4 0 519 49
1 3 5 437 4
7 5 10 568 15
9 5 5 441 75
10 5 3 430 76
10 6 12 572 3
13 2 7 455 12
6 3 9 143 1
3 4 4 519 85
13 3 8 467 43
11 1 1 411 13
15 5 14 422 43
16 2 13 235 85
1 4 6 471 56
19 2 13 320 15
12 4 13 475 4
11 2 4 604 14
4 0 14 465 78
6 4 1 424 76
5 2 12 575 13
19 3 12 588 89
11 3 7 618 27
15 6 11 486 16
19 4 5 677 22
5 3 13 588 92
11 4 12 677 14
17 1 9 144 92
2 5 14 543 36
7 6 5 699 57
5 4 9 680 11
2 6 12 691 94
16 3 11 502 20
5 5 11 691 62
16 4 9 691 6
6 5 0 568 32
15 7 7 645 56
4 1 6 543 7
3 5 7 701 69
6 6 11 753 1
9 6 6 550 31
15 8 12 785 76
14 0 8 510 99
17 2 4 618 15
17 3 0 633 80
17 4 5 756 29
1 5 9 697 44
10 7 8 609 98
9 7 13 680 25
19 5 4 699 21
16 5 14 697 44
15 9 0 861 1
14 1 4 720 29
16 6 10 741 49
15 10 1 862 11
14 2 11 754 50
11 5 3 691 5
17 5 7 785 72
0 3 3 696 95
18 3 10 790 96
1 6 1 873 15
12 5 6 581 84
4 2 2 550 83
8 5 14 741 99
17 6 8 857 22
19 6 6 720 89
0 4 8 879 40
4 3 10 886 75
5 6 1 888 42
8 6 13 840 27
13 4 3 791 78
0 5 5 919 79
9 8 11 804 49
1 7 14 888 40
1 8 4 928 44
10 8 2 707 72
10 9 4 972 52
12 6 11 853 22
2 7 6 809 80
18 4 6 889 74
12 7 4 1024 8
2 8 13 889 49
7 7 2 779 84
16 7 1 930 41
6 7 4 1032 81
4 4 11 961 39
13 5 13 938 65
4 5 5 1000 24
8 7 7 867 48
14 3 13 1003 99
14 4 1 1102 53
11 6 5 1024 58
0 6 0 998 44
3 6 14 928 87
13 6 0 1042 20
11 7 10 1082 32
16 8 12 971 67
1 9 2 972 79
10 10 9 1024 73
12 8 8 1032 91
2 9 9 1097 53
18 5 11 1000 80
12 9 3 1123 89
2 10 2 1150 4
7 8 6 963 77
16 9 6 1040 47
6 8 2 1154 53
4 6 12 1038 10
13 7 14 1062 53
4 7 9 1150 13
8 8 8 1123 18
15 11 4 1113 24
14 5 9 1163 65
14 6 0 1228 23
11 8 14 1115 38
0 7 9 1228 59
3 7 5 1082 38
13 8 11 1115 32
11 9 2 1207 67
16 10 4 1137 25
19 7 14 1153 16
12 10 14 1212 25
1 10 11 1147 1
10 11 1 1155 75
9 9 10 1114 85
19 8 11 1169 59
16 11 7 1162 86
15 12 9 1287 13
14 7 6 1251 49
16 12 3 1248 6
15 13 2 1300 62
11 10 13 1274 70
17 7 10 1199 41
0 8 1 1287 87
18 6 9 1300 65
1 11 0 1251 32
12 11 10 1240 8
4 8 3 1254 42
8 9 6 1300 49
19 9 7 1248 83
8 10 9 1365 50
3 8 3 1296 5
2 11 5 1154 51
7 9 1 1374 80
10 12 0 1283 28
5 7 4 1162 3
11 11 0 1344 86
16 13 0 1430 6
1 12 10 1283 5
19 10 8 1331 20
12 12 0 1436 69
11 12 6 1430 28
4 9 1 1454 2
6 9 3 1301 70
19 11 2 1362 33
17 8 12 1240 49
14 8 12 1300 91
11 13 9 1458 94
17 9 11 1289 36
0 9 10 1374 88
18 7 5 1365 75
1 13 13 1344 92
7 10 8 1454 41
16 14 2 1436 30
15 14 3 1371 55
14 9 5 1440 1
14 10 2 1466 86
0 10 2 1552 48
3 9 2 1600 88
17 10 3 1426 97
17 11 13 1523 80
1 14 7 1436 76
10 13 14 1311 1
9 10 12 1391 86
19 12 9 1552 11
14 11 10 1552 7
0 11 4 1600 44
18 8 13 1603 14
12 13 9 1563 85
4 10 13 1617 61
5 8 3 1523 6
19 13 0 1563 67
5 9 6 1529 36
17 12 6 1603 23
2 12 7 1512 82
7 11 12 1495 82
6 10 10 1559 78
9 11 7 1594 12
14 12 3 1559 68
17 13 1 1626 77
0 12 13 1678 43
18 9 0 1630 83
19 14 3 1630 90
5 10 2 1688 49
11 14 8 1552 33
17 14 14 1703 4
2 13 10 1637 36
8 11 2 1737 26
8 12 0 1763 54
3 10 9 1688 66
2 14 3 1720 76
7 12 3 1796 68
10 14 7 1606 51
13 9 12 1577 49
6 11 6 1637 75
3 11 1 1754 3
13 10 9 1754 25
9 12 1 1757 26
14 13 7 1657 71
0 13 14 1721 11
18 10 7 1728 13
12 14 2 1763 46
4 11 4 1678 26
8 13 3 1864 80
14 14 14 1732 89
0 14 11 1732 75
3 12 12 1757 10
13 11 6 1779 10
6 12 7 1741 7
5 11 8 1737 98
5 12 0 1835 40
7 13 9 1864 64
6 13 12 1767 82
3 13 8 1835 28
9 13 2 1809 82
18 11 12 1849 78
8 14 10 1944 77
6 14 5 1849 31
4 12 0 1875 11
3 14 6 1863 18
9 14 0 1891 78
18 12 3 1944 61
4 13 7 1886 89
7 14 14 1928 50
18 13 14 2005 43
13 12 1 1789 43
13 13 2 1891 30
18 14 2 2048 58
13 14 5 1921 3
5 13 14 2048 59
5 14 10 2107 15
4 14 8 1975 39
