4 0 8 0 71
0 0 2 0 76
16 0 13 0 5
1 0 5 0 5
7 0 5 5 28
15 0 6 0 37
4 1 11 71 73
0 1 11 144 17
16 1 2 76 57
1 1 8 71 79
7 1 8 150 3
15 1 8 153 27
4 2 1 144 17
9 0 5 33 85
13 0 3 0 9
13 1 0 9 59
5 0 11 161 19
14 0 6 37 86
16 2 1 161 70
0 2 0 161 58
6 0 13 5 96
1 2 9 150 71
19 0 13 101 80
4 3 0 219 41
15 2 0 260 23
14 1 5 123 77
10 0 10 0 88
10 1 9 221 11
10 2 1 232 35
14 2 0 283 21
8 0 12 0 7
2 0 5 200 2
19 1 4 181 14
17 0 13 181 29
8 1 8 180 38
8 2 9 232 63
17 1 7 210 64
9 1 14 118 46
18 0 9 295 67
12 0 2 133 61
2 1 2 202 67
18 1 2 362 47
19 2 11 195 41
19 3 12 236 73
17 2 5 274 23
18 2 10 409 48
10 3 12 309 87
8 3 7 295 69
19 4 7 364 22
2 2 8 269 28
1 3 3 221 42
2 3 14 297 98
5 1 3 263 12
12 1 13 210 86
3 0 8 297 96
11 0 9 362 30
12 2 12 396 71
9 2 11 236 75
11 1 7 392 89
6 1 3 275 39
7 2 6 153 71
9 3 4 311 34
6 2 11 314 82
11 2 5 481 91
10 4 2 409 14
1 4 1 267 71
0 3 13 296 26
10 5 7 481 85
13 2 9 392 93
3 1 10 457 79
3 2 4 536 19
15 3 7 566 26
14 3 13 322 50
1 5 13 372 20
9 4 10 536 33
11 3 6 572 3
4 4 5 572 71
12 3 3 467 76
0 4 1 338 90
12 4 9 543 88
8 4 3 543 13
17 3 11 396 42
19 5 0 386 93
16 3 8 393 95
0 5 8 488 77
15 4 4 592 2
5 2 13 392 87
16 4 3 556 46
0 6 9 631 63
15 5 1 594 36
5 3 9 694 22
2 4 13 479 66
12 5 1 631 32
17 4 4 594 33
18 3 11 457 57
14 4 8 565 72
10 6 3 602 12
13 3 13 545 69
6 3 10 569 15
10 7 4 627 21
14 5 14 637 68
2 5 1 663 42
9 5 8 637 94
3 3 0 555 36
11 4 0 591 97
17 5 6 627 65
18 4 7 592 84
10 8 0 688 23
2 6 6 705 46
1 6 11 514 86
7 3 7 676 59
5 4 14 716 41
3 4 3 614 87
15 6 11 630 20
8 5 6 751 56
1 7 0 711 88
16 5 12 602 36
0 7 6 807 87
12 6 5 663 31
17 6 10 692 92
18 5 1 705 63
14 6 2 705 91
13 4 8 731 38
6 4 5 694 22
9 6 9 731 50
11 5 14 757 71
10 9 5 716 37
13 5 2 796 65
6 5 12 716 29
14 7 7 796 72
2 7 9 781 23
3 5 11 701 6
18 6 14 828 48
7 4 2 861 94
5 5 1 768 29
3 6 13 707 9
19 6 5 753 6
4 5 13 716 88
8 6 11 807 53
3 7 6 894 18
19 7 1 797 81
8 7 13 860 58
11 6 1 878 73
12 7 10 784 50
9 7 2 955 20
11 7 3 951 16
6 6 0 799 64
7 5 3 967 60
9 8 13 975 4
6 7 4 863 92
11 8 8 967 15
10 10 6 912 12
1 8 14 876 47
0 8 4 955 74
10 11 8 982 88
13 6 6 924 96
3 8 1 951 32
3 9 5 983 37
15 7 10 834 65
14 8 12 868 65
1 9 7 923 62
9 9 12 979 28
11 9 11 982 98
4 6 2 975 43
12 8 11 1080 25
8 8 10 918 2
11 10 2 1080 71
18 7 3 1027 70
19 8 8 1070 19
10 12 13 1070 98
2 8 12 1007 94
1 10 4 1029 37
7 6 10 1027 98
5 6 0 863 6
14 9 4 1066 52
16 6 6 1020 88
0 9 7 1029 35
3 10 2 1151 55
15 8 13 1168 61
0 10 12 1101 60
12 9 6 1108 84
8 9 0 920 93
17 7 14 923 80
19 9 14 1089 62
16 7 14 1151 42
0 11 3 1161 90
15 9 14 1229 27
5 7 7 1064 4
16 8 11 1193 49
0 12 14 1256 64
15 10 12 1256 35
5 8 4 1118 79
2 9 4 1197 25
17 8 2 1206 49
18 8 6 1192 85
14 10 10 1125 45
13 7 1 1020 67
6 8 14 1320 68
14 11 3 1251 5
2 10 11 1242 89
9 10 7 1068 60
3 11 9 1206 3
11 11 12 1291 19
17 9 9 1255 3
18 9 8 1277 93
5 9 5 1197 78
11 12 10 1310 65
12 10 0 1192 79
8 10 2 1255 90
19 10 9 1258 62
6 9 6 1388 60
10 13 14 1388 33
14 12 1 1256 71
2 11 0 1331 3
9 11 1 1327 74
3 12 12 1310 15
11 13 13 1375 89
17 10 0 1334 83
18 10 5 1370 1
10 14 11 1421 76
2 12 7 1334 38
1 11 12 1325 87
7 7 4 1222 77
5 10 10 1375 21
3 13 14 1421 12
12 11 7 1372 34
17 11 3 1417 20
18 11 4 1371 63
13 8 10 1396 74
6 10 7 1448 37
9 12 0 1417 90
11 14 4 1464 2
7 8 1 1401 9
5 11 12 1412 27
3 14 7 1485 45
19 11 2 1345 85
4 7 14 1433 59
8 11 5 1371 6
19 12 3 1437 25
8 12 1 1410 66
18 12 12 1439 87
14 13 9 1327 68
13 9 12 1526 41
12 12 8 1406 59
8 13 4 1476 76
19 13 10 1470 70
17 12 8 1465 63
18 13 0 1526 29
13 10 7 1567 61
2 13 3 1462 76
16 9 9 1395 23
19 14 6 1540 10
8 14 14 1552 60
2 14 10 1540 76
5 12 6 1550 16
12 13 14 1612 75
7 9 14 1687 57
0 13 5 1377 68
15 11 2 1430 50
14 14 11 1497 25
4 8 10 1616 37
0 14 10 1653 28
16 10 5 1445 63
15 12 9 1480 45
5 13 2 1566 54
16 11 7 1628 77
4 9 12 1653 22
6 11 8 1528 10
7 10 11 1744 21
9 13 3 1538 51
6 12 9 1538 47
1 12 10 1681 47
13 11 14 1744 68
15 13 3 1589 80
1 13 6 1728 97
9 14 6 1825 67
4 10 9 1675 21
12 14 4 1687 78
17 13 12 1675 78
16 12 4 1765 47
5 14 8 1620 60
17 14 1 1753 85
18 14 13 1555 90
13 12 4 1812 11
6 13 2 1620 68
1 14 2 1825 24
7 11 9 1765 74
13 13 5 1823 24
6 14 1 1838 74
13 14 11 1847 25
7 12 13 1839 19
4 11 3 1696 77
4 12 4 1823 66
4 13 6 1892 46
15 14 5 1847 19
4 14 7 1938 52
7 13 0 1858 74
7 14 12 1932 19
16 13 10 1812 88
16 14 0 1932 7
