18 0 7 0 98
6 0 8 0 71
7 0 13 0 7
3 0 5 0 80
3 1 1 80 58
2 0 8 71 98
2 1 3 169 5
0 0 6 0 40
8 0 1 138 9
7 1 7 98 10
7 2 6 108 65
10 0 10 0 85
19 0 10 85 80
5 0 5 80 82
5 1 3 174 70
13 0 9 0 34
4 0 2 0 71
15 0 12 0 23
15 1 14 23 34
10 1 5 162 30
8 1 14 147 31
16 0 8 169 18
15 2 0 57 73
18 1 2 98 38
1 0 0 130 20
1 1 9 150 56
5 2 9 244 53
11 0 13 7 87
9 0 13 94 67
0 1 8 187 57
12 0 5 192 6
11 1 9 297 36
6 1 7 108 63
16 1 6 187 62
18 2 6 249 92
10 2 9 333 80
19 1 7 171 53
18 3 3 341 72
1 2 1 206 68
18 4 8 413 78
14 0 10 165 71
7 3 11 173 63
19 2 13 224 72
9 1 1 274 73
15 3 2 136 34
11 2 14 333 87
8 2 0 178 77
14 1 2 236 19
1 3 6 341 49
3 2 7 224 41
15 4 10 236 85
12 1 9 413 62
0 2 11 244 95
16 2 12 249 97
17 0 14 420 1
5 3 2 297 74
2 2 9 475 97
12 2 7 475 78
14 2 1 347 96
7 4 2 371 92
19 3 4 296 9
15 5 5 321 40
11 3 10 420 27
8 3 10 447 49
14 3 5 443 9
1 4 5 452 35
0 3 0 339 33
17 1 5 487 93
5 4 1 443 58
2 3 1 572 85
3 3 10 496 34
15 6 13 361 73
12 3 8 553 78
3 4 0 530 94
15 7 3 434 15
12 4 10 631 62
0 4 14 421 72
16 3 4 346 49
13 1 11 339 89
4 1 9 572 65
10 3 13 434 64
18 5 14 493 70
10 4 6 498 18
18 6 5 580 47
1 5 13 498 58
1 6 11 556 90
17 2 12 580 46
11 4 3 449 23
9 2 3 472 87
0 5 13 556 31
18 7 9 637 32
9 3 14 563 28
11 5 7 553 72
6 2 12 626 65
16 4 13 587 4
10 5 8 631 72
19 4 5 627 89
1 7 8 703 52
14 4 0 624 85
13 2 6 516 23
4 2 6 637 26
15 8 7 625 51
0 6 9 669 55
17 3 4 626 12
7 5 0 709 90
8 4 11 646 24
17 4 1 657 11
5 5 4 638 70
2 4 0 799 31
7 6 14 799 85
8 5 8 755 67
3 5 2 624 63
1 8 3 755 97
17 5 13 668 82
11 6 2 687 49
9 4 5 716 43
6 3 9 724 15
18 8 4 708 84
9 5 9 759 13
11 7 5 759 79
6 4 6 739 39
16 5 10 693 71
10 6 11 703 66
19 5 3 852 30
1 9 4 852 95
14 5 3 882 88
13 3 7 676 69
4 3 7 745 59
15 9 11 769 91
0 7 5 838 36
14 6 14 970 3
3 6 13 750 8
15 10 1 860 1
12 5 13 758 17
0 8 3 970 92
16 6 5 874 68
17 6 6 778 56
5 6 10 764 50
2 5 10 830 5
12 6 2 775 43
7 7 4 947 81
19 6 6 882 35
11 8 6 917 30
8 6 7 822 66
5 7 8 822 37
2 6 5 942 16
3 7 11 860 75
1 10 12 947 94
14 7 11 973 68
13 4 2 818 12
4 4 0 830 54
15 11 9 861 43
0 9 12 1062 72
9 6 2 830 18
4 5 8 884 69
6 5 14 973 93
1 11 14 1066 32
6 6 4 1066 97
16 7 7 942 51
18 9 13 792 84
9 7 0 884 73
13 5 8 953 59
9 8 11 1041 69
1 12 7 1098 56
9 9 7 1154 20
16 8 9 993 42
10 7 4 1163 72
19 7 1 917 34
14 8 4 1235 52
16 9 0 1035 40
19 8 8 1012 52
14 9 8 1287 29
13 6 14 1098 50
4 6 13 953 86
15 12 6 947 7
0 10 10 1134 80
5 8 13 1039 90
2 7 14 1148 19
12 7 6 954 18
7 8 3 1062 32
19 9 0 1075 87
11 9 11 1110 17
8 7 5 958 37
17 7 2 848 39
5 9 0 1162 22
2 8 12 1167 75
3 8 14 1167 60
12 8 1 972 53
3 9 3 1227 42
1 13 2 1154 71
14 10 9 1316 29
13 7 3 1269 57
4 7 5 1039 86
15 13 8 1316 63
0 11 2 1225 39
17 8 8 1379 84
7 9 1 1094 62
8 8 9 1345 82
17 9 7 1463 43
5 10 11 1184 9
2 9 13 1242 50
7 10 10 1214 5
8 9 3 1427 69
3 10 6 1269 38
9 10 12 1242 97
4 8 10 1219 43
15 14 4 1379 7
6 7 11 1193 67
4 9 3 1496 7
1 14 10 1262 83
14 11 7 1506 22
19 10 12 1339 97
5 11 12 1436 98
12 9 0 1184 16
6 8 5 1260 5
16 10 1 1156 32
18 10 0 1200 63
18 11 11 1263 95
9 11 4 1386 73
11 10 8 1463 57
6 9 1 1265 61
16 11 14 1227 92
10 8 14 1319 28
19 11 11 1436 34
14 12 12 1534 10
13 8 0 1326 85
4 10 12 1544 35
0 12 7 1528 3
17 10 10 1506 77
7 11 8 1520 21
8 10 4 1496 63
17 11 11 1583 22
5 12 6 1534 30
2 10 6 1564 23
7 12 9 1541 5
8 11 6 1587 4
3 11 9 1546 3
17 12 9 1605 23
11 11 1 1520 56
9 12 10 1583 64
6 10 3 1503 64
18 12 12 1579 59
9 13 6 1647 8
11 12 0 1576 82
6 11 13 1567 68
16 12 3 1567 11
10 9 0 1658 13
19 12 9 1628 73
14 13 6 1655 9
13 9 12 1638 16
4 11 4 1579 86
0 13 4 1665 86
14 14 13 1664 65
3 12 8 1549 73
12 10 12 1654 66
0 14 1 1751 29
16 13 2 1578 46
17 13 3 1628 47
5 13 14 1564 94
2 11 2 1624 63
12 11 11 1720 20
7 13 12 1720 49
11 13 12 1769 4
8 12 12 1773 62
17 14 0 1675 43
5 14 7 1658 43
2 12 7 1701 89
3 13 12 1835 79
12 12 3 1740 69
13 10 4 1751 55
4 12 14 1665 99
7 14 5 1769 36
8 13 2 1835 52
2 13 11 1790 65
9 14 8 1655 13
4 13 1 1780 94
6 12 10 1647 2
4 14 11 1874 99
12 13 4 1809 49
6 13 0 1718 31
16 14 11 1973 99
18 13 1 1874 26
13 11 13 1806 82
11 14 4 1858 66
13 12 5 1888 61
8 14 13 1888 66
2 14 4 1924 24
3 14 4 1948 36
6 14 2 1887 17
18 14 10 1900 14
10 10 7 1790 17
13 13 1 1949 5
12 14 14 1858 4
13 14 10 1954 36
19 13 14 1862 68
10 11 2 1904 55
19 14 2 1959 31
10 12 12 1959 17
10 13 1 1976 42
10 14 3 2018 58
