17 0 3 0 96
9 0 0 0 97
13 0 1 0 3
16 0 2 0 61
12 0 1 3 64
10 0 1 67 3
4 0 14 0 38
19 0 1 70 52
11 0 12 0 13
6 0 5 0 19
6 1 3 96 83
9 1 14 97 66
3 0 12 13 76
18 0 1 122 42
7 0 5 19 38
1 0 0 97 30
19 1 12 122 3
0 0 1 164 70
8 0 14 163 25
15 0 10 0 33
14 0 2 61 66
16 1 0 127 26
11 1 8 13 59
4 1 10 38 58
4 2 8 96 80
18 1 0 164 79
0 1 6 234 6
13 1 4 3 7
12 1 6 240 1
6 2 8 179 71
9 2 2 163 54
10 1 3 179 40
5 0 8 250 77
11 2 3 219 95
9 3 5 217 29
17 1 0 243 6
2 0 1 234 42
1 1 9 127 53
15 1 2 217 23
19 2 14 188 57
8 1 8 327 65
16 2 5 246 66
3 1 14 245 84
4 3 6 241 24
1 2 3 314 19
2 1 6 276 61
19 3 4 245 66
7 1 8 392 98
17 2 11 249 52
5 1 2 327 87
2 2 2 414 6
13 2 9 180 40
18 2 7 243 84
16 3 14 329 85
11 3 10 314 79
10 2 11 301 81
18 3 5 327 25
4 4 0 265 50
12 2 14 414 29
14 1 7 327 88
11 4 2 420 46
18 4 9 352 70
13 3 3 333 93
9 4 10 393 23
2 3 11 420 60
15 2 4 311 7
6 3 7 415 22
12 3 2 466 66
11 5 0 466 16
14 2 3 426 48
3 2 8 490 72
18 5 8 562 90
16 4 4 414 34
6 4 0 482 4
17 3 14 443 22
5 2 9 422 59
1 3 2 532 1
2 4 3 480 24
13 4 11 480 55
8 2 7 437 88
0 2 10 416 29
10 3 0 486 74
13 5 14 535 75
0 3 14 610 55
10 4 9 560 67
17 4 5 465 35
1 4 8 652 98
10 5 5 627 93
12 4 11 535 32
3 3 9 627 17
4 5 4 448 76
3 4 5 720 27
15 3 6 337 60
5 3 12 481 19
4 6 5 747 6
11 6 7 525 67
15 4 1 397 74
15 5 9 644 54
5 4 3 504 84
17 5 10 500 79
7 2 12 500 11
5 5 0 588 85
19 4 7 592 88
7 3 1 511 3
2 5 4 524 70
8 3 12 525 56
12 5 4 594 35
8 4 6 581 75
0 4 7 680 14
8 5 10 656 48
10 6 2 720 76
14 3 1 514 77
14 4 8 750 38
16 5 6 656 15
18 6 14 665 8
16 6 11 671 59
0 5 5 753 33
13 6 8 788 25
19 5 9 698 42
5 6 13 673 63
17 6 4 629 16
6 5 12 581 68
9 5 4 645 9
3 5 3 747 86
18 7 13 736 60
7 4 7 694 33
7 5 4 727 43
15 6 7 727 2
7 6 2 796 19
2 6 10 704 78
8 6 0 704 40
12 6 8 813 8
8 7 1 744 19
0 6 13 796 66
8 8 11 763 39
10 7 14 796 16
14 5 4 788 78
0 7 4 866 14
10 8 6 812 12
14 6 14 866 16
14 7 11 882 41
16 7 10 782 75
18 8 2 815 81
16 8 8 857 3
0 8 3 880 7
13 7 0 813 21
19 6 8 860 23
5 7 14 882 51
9 6 9 740 74
3 6 0 834 84
1 5 5 786 81
15 7 12 729 22
7 7 9 815 90
2 7 9 905 11
12 7 3 887 26
14 8 12 923 93
4 7 9 916 12
19 7 3 913 72
9 7 7 814 46
3 7 1 918 71
18 9 10 896 88
16 9 7 860 80
6 6 4 880 68
17 7 13 862 72
5 8 5 933 18
18 10 4 984 11
7 8 6 905 56
1 6 14 933 63
19 8 6 985 97
0 9 8 887 57
8 9 9 928 40
15 8 3 985 32
14 9 5 1016 38
16 10 13 940 39
11 7 9 968 67
4 8 11 928 26
4 9 3 1017 14
18 11 3 1031 71
13 8 13 979 30
12 8 13 1009 94
6 7 2 948 88
9 8 11 954 85
10 9 7 940 67
5 9 11 1039 29
11 8 14 1035 64
17 8 9 1035 29
2 8 12 1016 35
11 9 5 1099 85
17 9 6 1082 26
2 9 8 1051 38
1 7 12 1051 62
15 9 11 1068 15
19 9 0 1082 91
8 10 5 1184 43
3 8 13 1103 90
4 10 7 1031 35
1 8 6 1113 10
2 10 7 1089 61
7 9 14 1099 83
17 10 8 1108 52
5 10 7 1150 2
2 11 5 1227 90
13 9 10 1009 82
18 12 12 1113 61
16 11 1 989 69
12 9 10 1103 94
10 10 8 1160 52
4 11 13 1193 38
19 10 10 1197 50
11 10 4 1184 85
13 10 2 1091 1
6 8 14 1182 80
9 9 6 1123 98
3 9 10 1247 27
18 13 11 1174 49
7 10 13 1231 76
1 9 11 1223 15
19 11 2 1247 43
0 10 0 1173 55
8 11 4 1269 99
15 10 13 1307 79
14 10 10 1274 25
16 12 3 1102 6
11 11 1 1269 27
4 12 1 1296 55
4 13 12 1351 33
18 14 6 1223 81
0 11 9 1228 18
13 11 6 1304 58
12 10 0 1228 62
6 9 6 1362 55
9 10 3 1221 74
10 11 12 1384 20
5 11 1 1351 13
11 12 11 1296 26
9 11 13 1386 12
17 11 1 1364 58
2 12 0 1317 74
1 10 10 1299 73
15 11 14 1386 83
19 12 11 1322 82
8 12 2 1368 23
16 13 9 1246 73
3 10 6 1417 13
4 14 2 1391 42
1 11 7 1372 75
2 13 14 1469 1
19 13 13 1404 62
7 11 0 1391 97
17 12 7 1447 57
5 12 4 1368 1
2 14 13 1470 60
13 12 5 1362 53
16 14 12 1404 65
11 13 13 1530 56
10 12 13 1586 24
12 11 9 1319 42
9 12 1 1422 71
3 11 11 1430 98
1 12 4 1447 80
15 12 5 1469 69
7 12 3 1488 2
12 12 12 1469 60
14 11 0 1488 51
19 14 5 1538 27
9 13 12 1529 65
3 12 4 1528 3
6 10 10 1417 11
17 13 2 1504 31
5 13 6 1430 25
7 13 10 1490 76
1 13 1 1527 84
0 12 12 1594 62
8 13 3 1490 74
15 13 8 1538 41
14 12 13 1610 14
11 14 6 1586 1
6 11 11 1528 19
12 13 7 1529 56
6 12 9 1547 39
9 14 8 1594 25
10 13 10 1610 71
5 14 10 1681 54
17 14 12 1656 74
1 14 13 1624 97
15 14 0 1579 19
8 14 13 1721 39
3 13 7 1585 57
7 14 11 1566 1
13 13 7 1642 88
10 14 4 1681 90
12 14 5 1585 7
6 13 1 1611 68
3 14 2 1642 66
6 14 13 1760 37
13 14 12 1730 19
0 13 2 1708 46
0 14 11 1754 92
14 13 6 1624 98
14 14 9 1722 61
