6 0 13 0 15
14 0 10 0 98
13 0 8 0 93
2 0 6 0 57
4 0 6 57 15
9 0 11 0 55
7 0 9 0 14
16 0 13 15 69
1 0 1 0 87
1 1 9 87 56
2 1 2 57 6
17 0 0 0 21
6 1 2 63 98
1 2 4 143 44
18 0 9 143 87
17 1 13 84 77
16 1 2 161 83
7 1 8 93 21
3 0 4 187 74
19 0 2 244 25
6 2 12 161 21
11 0 9 230 12
11 1 1 242 68
1 3 5 187 1
2 2 8 114 73
18 1 6 230 16
7 2 14 114 86
13 1 12 182 58
7 3 7 200 2
7 4 3 202 19
2 3 9 242 36
17 2 12 240 76
16 2 8 244 62
17 3 6 316 77
11 2 14 310 36
9 1 4 261 84
1 4 0 188 74
6 3 5 188 10
3 1 9 278 40
12 0 8 306 76
3 2 1 318 1
6 4 11 198 35
18 2 2 269 98
15 0 8 382 33
9 2 14 346 55
14 1 13 161 66
6 5 6 393 76
9 3 8 415 26
3 3 2 367 37
18 3 12 367 27
3 4 13 404 52
16 3 14 401 77
16 4 7 478 41
15 1 6 469 18
9 4 13 456 83
0 0 8 441 78
0 1 1 519 22
1 5 11 262 3
17 4 7 519 61
15 2 10 487 95
12 1 11 382 75
9 5 10 582 6
3 5 3 456 84
2 4 3 540 57
18 4 0 394 58
18 5 8 519 59
19 1 8 578 16
8 0 14 478 8
1 6 6 487 89
9 6 9 588 99
16 5 0 519 13
4 1 7 580 72
19 2 6 594 20
9 7 0 687 51
15 3 14 582 80
19 3 12 614 67
10 0 6 614 43
0 2 10 588 89
5 0 2 404 95
0 3 7 677 46
1 7 7 723 77
8 1 3 597 58
10 1 2 657 19
0 4 9 723 42
4 2 9 765 25
6 6 8 594 29
10 2 8 676 32
8 2 6 657 67
5 1 12 681 2
19 4 14 681 85
6 7 4 623 64
16 6 9 790 8
17 5 2 676 82
17 6 11 758 76
14 2 12 683 63
11 3 0 738 72
15 4 1 662 87
5 2 6 724 68
10 3 0 810 36
14 3 8 746 63
5 3 13 792 22
14 4 3 809 71
15 5 11 834 3
2 5 5 597 25
11 4 13 814 90
14 5 11 880 9
13 2 7 800 58
7 5 10 677 78
3 6 6 792 50
14 6 5 889 10
8 3 8 809 16
2 6 4 687 94
0 5 5 899 59
0 6 6 958 13
17 7 14 834 42
17 8 8 876 6
11 5 2 904 68
15 6 3 880 72
11 6 7 972 28
3 7 0 846 39
2 7 12 781 21
18 6 11 889 69
14 7 14 899 94
12 2 12 802 73
5 4 8 882 40
19 5 10 766 74
6 8 10 840 34
16 7 6 971 87
17 9 3 952 88
7 6 1 755 92
18 7 4 958 95
9 8 5 958 28
19 6 13 904 48
15 7 5 986 18
14 8 0 993 93
12 3 3 1040 40
19 7 5 1004 44
8 4 12 875 99
10 4 3 1080 18
8 5 9 974 33
2 8 11 958 46
10 5 5 1098 60
3 8 12 974 65
13 3 11 1004 93
4 3 13 952 69
4 4 11 1097 8
7 7 12 1039 85
2 9 7 1004 89
4 5 1 1105 96
7 8 4 1124 54
18 8 5 1158 85
19 8 0 1086 95
15 8 12 1124 30
12 4 7 1093 58
15 9 9 1154 32
1 8 12 1154 29
11 7 8 1000 13
13 4 3 1098 21
19 9 7 1181 28
14 9 4 1178 77
12 5 13 1151 23
8 6 4 1255 14
10 6 7 1209 97
16 8 3 1119 3
5 5 4 1269 33
8 7 5 1269 47
1 9 2 1183 17
9 9 6 1058 63
16 9 11 1122 65
4 6 5 1316 14
9 10 2 1200 93
10 7 10 1306 13
0 7 3 1122 90
5 6 1 1302 36
0 8 2 1293 41
0 9 13 1334 69
4 7 0 1330 13
6 9 7 1306 25
5 7 14 1338 32
6 10 1 1338 88
16 10 10 1319 40
17 10 4 1302 51
17 11 10 1359 50
11 8 5 1330 18
11 9 11 1348 68
17 12 1 1426 29
15 10 2 1334 93
12 6 6 1174 6
3 9 5 1348 80
18 9 1 1455 80
19 10 11 1416 66
1 10 14 1370 12
4 8 12 1343 31
19 11 9 1482 34
15 11 4 1427 10
19 12 3 1516 25
10 8 14 1382 48
0 10 4 1437 71
5 8 5 1428 50
0 11 0 1508 13
10 9 9 1516 36
4 9 3 1541 74
6 11 0 1521 30
10 10 11 1552 79
11 10 4 1508 49
14 10 2 1427 47
7 9 13 1403 61
3 10 10 1428 44
8 8 1 1535 21
7 10 11 1631 6
3 11 7 1472 70
8 9 7 1556 77
2 10 10 1472 47
6 12 3 1615 52
11 11 10 1557 52
13 5 14 1430 90
19 13 4 1557 94
15 12 0 1551 86
14 11 6 1474 40
12 7 1 1556 31
8 10 0 1637 64
10 11 13 1631 14
16 11 5 1478 11
15 13 7 1637 58
5 9 9 1552 32
8 11 10 1701 29
2 11 13 1645 2
8 12 2 1730 73
1 11 8 1382 60
9 11 12 1374 52
16 12 12 1489 32
0 12 14 1521 48
1 12 13 1647 92
17 13 5 1489 63
15 14 13 1739 45
12 8 14 1587 5
2 12 0 1701 57
18 10 7 1695 97
19 14 1 1651 19
4 10 14 1615 13
9 12 3 1667 86
10 12 4 1651 69
0 13 11 1637 97
5 10 10 1730 10
0 14 12 1734 62
4 11 2 1803 91
7 11 6 1637 13
18 11 3 1792 88
12 9 5 1592 16
1 13 10 1740 35
11 12 6 1650 50
13 6 6 1700 13
14 12 1 1670 24
12 10 9 1608 73
8 13 11 1803 10
10 13 1 1720 15
16 13 1 1735 71
5 11 0 1758 63
8 14 13 1813 47
2 13 14 1758 67
1 14 3 1880 24
9 13 1 1806 68
16 14 4 1806 86
4 12 4 1894 39
9 14 7 1874 46
10 14 12 1796 23
5 12 3 1904 85
4 13 8 1933 57
6 13 9 1681 43
5 13 7 1989 16
6 14 14 1825 45
17 14 9 1724 18
14 13 9 1742 96
11 13 3 1989 63
13 7 10 1775 82
7 12 5 1650 85
7 13 0 1821 87
2 14 1 1874 55
11 14 12 2052 10
3 12 8 1990 25
12 11 2 1894 41
3 13 11 2015 27
18 12 14 1880 11
14 14 7 2005 56
3 14 14 2042 12
18 13 10 1891 8
12 12 4 1935 47
18 14 13 1899 42
4 14 10 1990 46
5 14 11 2042 1
13 8 5 1857 6
7 14 2 1935 43
13 9 1 1929 62
12 13 0 1982 67
12 14 10 2049 37
13 10 2 1991 52
13 11 9 2043 44
13 12 0 2087 4
13 13 4 2091 29
13 14 13 2120 20
