5 0 2 0 54
17 0 9 0 55
6 0 4 0 4
14 0 14 0 73
13 0 12 0 74
19 0 3 0 5
12 0 4 4 45
16 0 9 55 76
12 1 3 49 9
6 1 14 73 62
5 1 6 54 80
8 0 14 135 12
1 0 4 49 29
2 0 1 0 73
9 0 0 0 61
12 2 0 61 97
3 0 5 0 1
1 1 8 78 22
14 1 7 73 70
19 1 12 74 77
12 3 14 158 62
14 2 5 143 14
6 2 5 157 33
15 0 6 134 39
12 4 13 220 77
11 0 9 131 71
0 0 7 143 84
16 1 5 190 89
11 1 6 202 47
0 1 0 227 58
17 1 12 151 71
18 0 12 222 92
6 3 10 190 62
18 1 2 314 25
3 1 11 1 35
15 1 14 220 87
0 2 12 314 71
17 2 4 222 5
19 2 10 252 74
11 2 1 249 95
9 1 5 279 49
8 1 11 147 73
18 2 3 339 8
8 2 0 285 36
3 2 9 202 23
14 3 8 157 32
13 1 10 326 46
5 2 3 347 87
19 3 5 328 59
10 0 4 227 89
18 3 14 347 86
1 2 7 227 47
6 4 8 252 86
17 3 14 433 83
19 4 14 516 13
11 3 0 344 7
8 3 13 321 70
15 2 12 385 11
7 0 7 274 29
0 3 4 385 26
18 4 5 433 22
16 2 14 529 64
8 4 3 434 12
10 1 3 446 90
19 5 0 529 57
16 3 10 593 14
7 1 10 607 29
9 2 12 396 74
14 4 11 220 19
12 5 9 297 78
6 5 7 338 30
15 3 2 396 81
12 6 7 375 70
11 4 14 593 63
0 4 1 411 98
9 3 1 509 90
14 5 0 586 57
4 0 4 411 13
13 2 3 536 98
13 3 6 634 1
10 2 8 536 95
3 3 12 470 93
2 1 4 424 36
19 6 9 586 62
5 3 8 631 36
4 1 11 424 15
2 2 7 460 48
7 2 11 636 69
4 2 12 563 17
15 4 7 508 7
9 4 13 599 60
9 5 10 659 88
2 3 13 659 26
1 3 3 634 75
0 5 9 648 36
13 4 4 635 53
17 4 11 705 16
19 7 8 667 37
8 5 2 477 80
15 5 5 515 79
10 3 12 631 32
9 6 9 747 3
5 4 14 667 54
4 3 1 599 14
2 4 3 709 49
1 4 9 750 94
7 3 14 721 26
16 4 12 663 11
19 8 13 704 54
12 7 2 557 19
14 6 2 643 17
12 8 11 721 86
11 5 7 656 49
0 6 2 684 12
16 5 1 674 14
0 7 11 807 30
18 5 1 688 79
7 4 3 758 55
7 5 2 813 46
16 6 4 688 99
9 7 4 787 60
14 7 13 758 96
12 9 8 807 15
6 6 6 635 39
15 6 8 822 24
11 6 13 854 24
0 8 10 837 87
14 8 12 854 56
4 4 0 643 67
13 5 5 688 59
13 6 0 747 86
10 4 9 844 18
3 4 7 705 75
2 5 8 846 60
5 5 0 833 72
4 5 9 862 94
2 6 10 924 15
15 7 13 878 9
1 5 13 887 15
16 7 13 902 85
11 7 12 910 46
17 5 8 906 4
18 6 6 767 23
6 7 1 767 67
18 7 11 837 96
19 9 6 790 69
11 8 2 956 72
9 8 2 1028 59
8 6 1 834 99
18 8 13 987 24
8 7 8 933 70
3 5 1 933 50
14 9 4 910 73
13 7 7 833 98
5 6 4 983 17
19 10 11 933 80
10 5 11 1013 73
0 9 14 924 95
9 9 8 1087 94
14 10 6 983 32
4 6 6 1015 18
13 8 2 1087 76
13 9 8 1181 12
10 6 2 1163 9
3 6 6 1033 40
2 7 5 939 66
16 8 0 987 81
12 10 10 939 23
6 8 0 1068 42
5 7 10 1000 44
8 8 5 1005 51
1 6 12 956 4
2 8 12 1005 90
9 10 14 1181 91
12 11 1 983 46
3 7 13 1073 60
1 7 0 1110 82
14 11 1 1029 7
19 11 1 1036 35
6 9 12 1110 31
15 8 11 1086 58
11 9 11 1144 73
0 10 5 1056 45
16 9 11 1217 3
11 10 5 1217 19
0 11 6 1101 28
17 6 0 1192 20
18 9 9 1011 94
6 10 9 1141 83
18 10 7 1105 97
3 8 8 1193 41
15 9 9 1224 42
0 12 13 1133 73
17 7 7 1212 15
19 12 7 1227 88
9 11 11 1272 34
8 9 7 1315 14
18 11 10 1202 17
8 10 4 1329 71
5 8 11 1306 37
19 13 2 1315 47
10 7 14 1272 19
1 8 11 1343 14
17 8 5 1236 60
8 11 12 1400 28
15 10 0 1266 67
7 6 4 1400 53
0 13 3 1206 73
16 10 3 1279 46
10 8 5 1296 97
7 7 5 1453 65
15 11 3 1333 27
4 7 13 1206 52
16 11 2 1362 47
12 12 6 1129 32
14 12 10 1219 79
11 11 8 1236 96
4 8 2 1409 53
18 12 8 1332 48
2 9 14 1291 39
1 9 10 1357 35
5 9 1 1343 88
8 12 6 1428 35
1 10 1 1431 79
4 9 14 1462 16
15 12 4 1453 20
9 12 7 1329 26
9 13 6 1463 4
2 10 9 1330 8
1 11 6 1510 34
0 14 8 1380 45
13 10 13 1258 91
17 9 3 1360 8
19 14 4 1473 98
8 13 10 1463 58
15 13 1 1510 19
8 14 9 1521 35
1 12 5 1544 57
2 11 6 1544 74
9 14 3 1467 26
12 13 12 1428 6
3 9 2 1462 7
1 13 14 1601 23
6 11 13 1349 39
15 14 10 1529 67
10 9 7 1393 58
5 10 7 1451 77
4 10 5 1601 33
2 12 2 1618 63
1 14 2 1681 56
7 8 1 1529 97
16 12 7 1528 40
12 14 5 1634 70
14 13 9 1556 10
11 12 10 1596 41
16 13 6 1618 81
18 13 0 1380 67
7 9 12 1626 24
7 10 9 1650 69
16 14 8 1699 27
14 14 3 1566 91
6 12 11 1388 67
11 13 3 1657 15
4 11 10 1637 61
13 11 11 1455 98
13 12 14 1624 98
10 10 13 1451 36
3 10 0 1469 57
2 13 0 1681 94
5 11 13 1528 84
4 12 3 1698 47
2 14 11 1775 91
11 14 4 1672 81
17 10 1 1626 93
18 14 4 1753 47
6 13 3 1745 67
3 11 14 1722 72
3 12 3 1812 40
6 14 2 1812 31
17 11 10 1719 33
3 13 4 1852 75
17 12 6 1752 63
3 14 10 1927 7
13 13 9 1722 11
5 12 12 1650 17
10 11 6 1815 62
17 13 13 1815 71
7 11 6 1877 22
10 12 10 1934 13
7 12 13 1899 17
4 13 8 1745 65
13 14 1 1733 27
10 13 1 1947 16
5 13 5 1704 82
4 14 7 1810 39
7 13 0 1916 39
17 14 2 1886 29
10 14 0 1963 1
5 14 9 1786 90
7 14 8 1955 13
