4 0 2 0 4
18 0 14 0 28
11 0 11 0 3
19 0 13 0 71
12 0 15 0 48
14 0 0 0 63
8 0 17 0 35
12 1 3 48 90
17 0 17 35 83
15 0 11 3 33
14 1 5 63 11
10 0 5 74 90
12 2 4 138 75
6 0 11 36 93
10 1 9 164 27
13 0 13 71 57
5 0 0 63 94
12 3 7 213 96
0 0 6 0 64
6 1 0 157 42
15 1 16 36 60
3 0 18 0 93
14 2 4 213 45
14 3 19 258 10
0 1 1 64 57
4 1 10 4 82
10 2 18 191 1
18 1 3 138 81
16 0 7 309 72
0 2 15 121 81
2 0 1 121 96
9 0 9 191 85
11 1 5 164 84
13 1 10 128 16
18 2 16 219 46
13 2 16 265 42
0 3 2 202 98
0 4 19 300 59
17 1 10 144 92
6 2 1 217 52
15 2 17 118 21
15 3 10 236 96
13 3 8 307 34
10 3 0 199 8
3 1 15 202 92
10 4 3 219 91
17 2 15 294 25
18 3 0 265 98
6 3 19 359 42
3 2 10 332 96
16 1 8 381 42
11 2 9 276 34
10 5 16 310 80
1 0 8 423 39
4 2 12 86 40
19 1 10 428 9
15 4 15 332 69
2 1 3 310 66
3 3 1 428 70
4 3 15 401 86
18 4 10 437 46
15 5 12 401 34
2 2 4 376 88
3 4 19 498 83
4 4 7 487 50
18 5 18 483 29
1 1 6 462 96
11 3 4 464 28
17 3 5 319 40
16 2 5 423 4
9 1 5 427 8
3 5 9 581 74
16 3 13 427 62
19 2 3 437 11
7 0 16 390 18
8 1 18 512 99
7 1 3 448 75
19 3 14 448 8
18 6 4 512 96
16 4 19 581 15
16 5 16 596 27
14 4 14 456 33
14 5 8 489 5
8 2 15 611 62
4 5 14 537 54
5 1 16 623 58
11 4 3 523 60
7 2 8 523 20
19 4 1 498 4
15 6 0 435 94
19 5 8 543 47
13 4 4 608 37
14 6 1 502 41
2 3 12 464 60
4 6 17 591 21
10 6 6 558 89
17 4 4 645 21
14 7 16 681 47
2 4 0 529 22
2 5 14 591 92
17 5 14 683 4
7 3 10 543 4
9 2 3 583 66
8 3 11 673 6
12 4 18 611 44
9 3 2 649 88
2 6 7 683 62
1 2 10 558 88
18 7 1 608 12
10 7 1 647 49
9 4 11 737 15
17 6 8 687 43
2 7 19 745 14
0 5 13 489 87
8 4 10 679 62
6 4 9 655 96
0 6 16 728 93
7 4 18 655 91
6 5 10 751 29
9 5 4 752 5
1 3 9 751 83
7 5 7 746 68
9 6 16 821 59
13 5 1 696 26
13 6 2 737 68
12 5 13 655 28
12 6 19 759 21
11 5 15 673 69
18 8 5 620 71
16 6 11 752 16
6 6 8 780 61
14 8 15 742 9
6 7 17 841 88
10 8 2 805 32
12 7 9 834 51
4 7 5 691 6
18 9 19 780 32
1 4 19 834 77
7 6 1 814 19
9 7 14 880 30
3 6 2 837 31
3 7 12 868 88
5 2 10 780 93
5 3 9 885 32
17 7 18 746 38
15 7 5 697 15
1 5 1 911 58
5 4 17 929 91
12 8 2 885 75
10 9 11 837 28
4 8 8 841 54
18 10 12 956 64
19 6 0 590 93
13 7 19 911 73
7 7 14 910 54
0 7 18 821 62
8 5 12 1020 7
0 8 3 883 20
1 6 0 969 83
12 9 10 960 17
12 10 11 977 89
11 6 17 1020 45
7 8 19 984 85
8 6 14 1027 80
19 7 16 880 82
16 7 1 969 34
19 8 19 1069 6
16 8 14 1107 8
14 9 10 977 74
8 7 3 1107 3
15 8 4 757 23
19 9 4 1075 49
13 8 14 1115 5
14 10 12 1051 33
4 9 1 1003 68
10 10 15 865 90
17 8 13 784 60
17 9 6 844 24
9 8 7 910 60
8 8 1 1110 57
12 11 14 1120 59
9 9 13 970 41
2 8 10 1051 89
1 7 17 1065 3
18 11 9 1020 39
10 11 19 1075 93
6 8 18 929 70
6 9 16 999 16
9 10 1 1167 17
1 8 2 1068 78
12 12 6 1179 56
11 7 7 1065 67
18 12 11 1066 16
16 9 18 1115 50
5 5 8 1020 30
18 13 15 1082 97
5 6 5 1050 56
15 9 8 1050 84
2 9 11 1140 39
3 8 4 1124 51
14 11 2 1146 35
12 13 17 1235 63
4 10 13 1071 82
18 14 13 1179 99
1 9 11 1179 68
7 9 2 1181 73
9 11 18 1184 66
3 9 0 1175 57
3 10 13 1278 78
5 7 3 1110 27
5 8 19 1168 92
17 10 19 1260 3
15 10 3 1137 16
1 10 7 1247 64
5 9 11 1260 9
12 14 12 1298 18
10 12 7 1311 6
4 11 0 1232 20
18 15 7 1317 49
19 10 6 1235 7
3 11 16 1356 8
4 12 3 1252 39
19 11 9 1242 24
3 12 14 1364 7
5 10 15 1269 78
5 11 2 1347 23
17 11 3 1291 28
15 11 7 1366 55
1 11 13 1356 97
10 13 8 1317 35
6 10 4 1175 31
13 9 12 1316 8
0 9 12 1324 14
6 11 3 1319 65
11 8 18 1250 58
7 10 12 1338 43
19 12 11 1269 92
17 12 1 1319 86
7 11 6 1381 24
9 12 8 1352 89
8 9 0 1252 7
12 15 16 1364 17
9 13 15 1441 78
1 12 18 1453 33
10 14 4 1352 73
17 13 9 1405 68
0 10 14 1371 85
7 12 5 1405 37
1 13 15 1519 25
2 10 5 1442 94
18 16 17 1366 75
10 15 10 1425 47
6 12 12 1384 83
6 13 7 1467 78
12 16 0 1381 30
11 9 19 1308 87
16 10 10 1472 85
16 11 6 1557 12
19 13 5 1536 13
16 12 3 1569 48
14 12 11 1361 78
8 10 16 1381 85
14 13 6 1569 12
8 11 9 1473 30
4 13 16 1466 35
5 12 14 1456 21
11 10 13 1453 65
7 13 11 1442 87
19 14 2 1549 86
15 12 13 1518 50
13 10 18 1486 12
14 14 7 1581 22
2 11 18 1536 66
4 14 4 1501 68
17 14 11 1529 55
2 12 13 1602 10
2 13 15 1612 53
17 15 2 1635 91
18 17 8 1441 7
16 13 15 1665 5
5 13 4 1569 60
5 14 12 1629 36
15 13 1 1568 5
2 14 16 1665 26
3 13 11 1584 91
14 15 18 1603 44
3 14 3 1675 79
4 15 9 1569 73
16 14 4 1670 25
10 16 12 1665 43
9 14 12 1708 88
17 16 12 1796 97
0 11 5 1549 45
8 12 6 1581 96
6 14 6 1677 26
0 12 10 1594 47
6 15 15 1703 50
1 14 4 1695 47
13 11 17 1498 87
13 12 0 1585 83
12 17 8 1448 16
11 11 1 1573 62
16 15 2 1726 40
14 16 13 1647 8
13 13 5 1668 20
11 12 6 1703 97
1 15 14 1742 44
3 15 5 1754 18
3 16 8 1772 51
5 15 13 1665 29
5 16 1 1694 95
8 13 19 1677 91
4 16 11 1675 23
11 13 12 1893 20
4 17 18 1698 30
18 18 6 1800 79
19 15 7 1635 80
13 14 9 1688 97
7 14 17 1585 66
0 13 7 1715 9
8 14 7 1768 13
0 14 8 1823 94
1 16 5 1786 7
11 14 10 1913 31
7 15 4 1742 32
6 16 5 1793 87
3 17 17 1823 18
16 16 0 1766 81
11 15 0 1944 33
10 17 17 1841 75
1 17 3 1793 60
4 18 6 1879 30
19 16 17 1916 34
15 14 18 1728 59
2 15 8 1917 15
3 18 6 1909 99
4 19 19 1909 53
18 19 2 1879 80
15 15 9 1787 35
2 16 9 1932 65
3 19 7 2008 33
1 18 16 1853 42
11 16 14 1977 33
17 17 16 1895 19
16 17 9 1997 46
9 15 6 2008 69
16 18 17 2043 67
19 17 12 1950 75
7 16 13 1774 52
8 15 8 1932 87
7 17 9 2043 9
19 18 15 2025 35
16 19 12 2110 25
14 17 3 1853 97
14 18 17 2110 10
8 16 4 2019 82
5 17 6 2077 99
11 17 16 2010 77
7 18 15 2060 49
19 19 18 2060 29
15 16 19 1962 12
13 15 7 2041 20
14 19 9 2120 86
2 17 2 1997 82
10 18 14 2010 8
17 18 7 2061 73
2 18 17 2120 10
2 19 6 2176 27
17 19 0 2134 20
7 19 0 2154 61
9 16 17 2130 45
8 17 2 2101 83
12 18 1 1789 7
9 17 19 2175 82
1 19 12 2135 91
10 19 13 2018 51
9 18 0 2257 6
0 15 9 2206 9
8 18 13 2184 78
6 17 14 2018 62
0 16 0 2263 15
6 18 2 2184 14
9 19 10 2263 13
13 16 6 2203 85
13 17 3 2288 61
12 19 5 1880 35
11 18 2 2198 50
6 19 13 2262 30
5 18 7 2176 79
5 19 18 2255 76
15 17 6 2288 57
13 18 11 2349 9
0 17 17 2278 66
8 19 5 2262 56
0 18 11 2358 1
11 19 8 2248 80
15 18 14 2345 11
13 19 15 2358 36
15 19 2 2356 51
0 19 4 2359 94
