3 0 17 0 13
9 0 17 13 61
12 0 8 0 17
11 0 4 0 21
19 0 3 0 80
6 0 12 0 3
9 1 2 74 86
3 1 10 13 43
12 1 16 17 86
6 1 1 3 34
4 0 8 17 26
5 0 6 0 86
6 2 6 86 2
2 0 18 0 32
0 0 3 80 94
4 1 12 43 70
16 0 3 174 72
19 1 15 80 81
17 0 17 74 33
3 2 8 56 97
13 0 1 37 46
19 2 10 161 9
5 1 0 86 73
14 0 13 0 50
8 0 2 160 79
1 0 14 0 22
14 1 7 50 49
8 1 8 239 62
1 1 12 113 75
4 2 1 113 33
16 1 11 246 77
15 0 15 161 53
14 2 4 99 40
14 3 0 159 63
15 1 0 222 51
13 1 8 301 21
10 0 7 99 10
19 3 4 170 49
13 2 18 322 1
12 2 12 188 6
15 2 18 323 25
4 3 10 170 58
1 2 4 219 29
19 4 18 348 32
3 3 12 194 41
3 4 5 235 4
11 1 17 107 51
2 1 17 158 8
19 5 1 380 19
3 5 16 239 35
3 6 14 274 6
11 2 11 323 3
2 2 0 273 99
18 0 5 239 58
5 2 9 159 93
5 3 16 274 26
0 1 2 239 61
8 2 3 301 31
14 4 19 222 5
15 3 16 348 16
11 3 16 364 94
2 3 13 372 14
19 6 16 458 92
12 3 2 300 49
0 2 19 300 12
18 1 6 297 55
2 4 7 386 41
1 3 17 248 87
17 1 6 352 16
1 4 7 427 47
17 2 11 368 60
16 2 2 349 34
16 3 9 383 45
6 3 14 280 96
4 4 13 386 38
8 3 10 332 27
12 4 5 349 74
15 4 8 364 91
7 0 5 423 60
0 3 11 428 68
8 4 16 550 72
14 5 2 383 80
15 5 4 455 93
13 3 11 496 99
10 1 12 235 44
19 7 9 550 65
12 5 15 423 82
0 4 10 496 40
15 6 5 548 37
10 2 8 455 26
12 6 10 536 86
0 5 13 536 84
16 4 15 505 83
12 7 17 622 26
16 5 1 588 85
10 3 11 595 61
18 2 8 481 68
6 4 11 656 67
0 6 16 622 30
4 5 15 588 77
16 6 10 673 19
18 3 12 549 5
8 5 15 665 12
17 3 5 585 70
9 2 7 474 46
13 4 17 648 83
7 1 12 554 97
14 6 14 463 70
19 8 12 651 88
11 4 15 677 82
5 4 14 533 98
12 8 7 648 80
3 7 11 723 93
11 5 18 759 26
9 3 19 520 58
17 4 16 655 67
1 5 2 474 48
17 5 4 722 37
16 7 7 728 5
16 8 19 733 77
6 5 15 759 37
4 6 5 665 86
8 6 0 677 4
12 9 13 728 46
15 7 14 631 61
9 4 11 816 2
8 7 17 731 4
14 7 3 533 3
13 5 9 731 22
10 4 16 722 92
12 10 4 774 94
0 7 15 796 16
16 9 5 810 75
10 5 15 814 30
18 4 2 554 20
2 5 1 673 53
5 5 18 785 37
2 6 11 818 97
6 6 3 796 30
6 7 10 826 50
2 7 19 915 19
3 8 6 816 32
4 7 17 751 53
17 6 12 759 42
9 5 16 818 19
2 8 5 934 39
18 5 9 753 88
7 2 19 934 42
11 6 14 785 83
12 11 1 868 7
5 6 17 822 67
10 6 4 868 19
10 7 3 887 27
18 6 16 841 91
6 8 9 876 84
3 9 1 875 35
6 9 19 976 27
4 8 9 960 47
5 7 10 889 87
2 9 3 973 20
0 8 1 910 34
16 10 8 885 61
5 8 2 976 33
14 8 11 915 62
15 8 7 733 41
14 9 17 977 43
18 7 13 932 79
7 3 1 976 73
11 7 19 1003 57
12 12 0 875 27
3 10 9 1007 2
11 8 6 1060 86
6 10 5 1003 37
10 8 14 914 22
6 11 17 1040 89
10 9 9 1009 86
17 7 9 1095 24
15 9 17 1129 49
2 10 2 1009 91
0 9 0 944 92
1 6 10 976 21
17 8 18 1119 75
9 6 13 1011 46
2 11 16 1100 54
7 4 8 1049 28
11 9 7 1146 61
12 13 3 993 26
17 9 0 1194 1
0 10 12 1036 53
1 7 15 997 46
17 10 10 1195 22
15 10 1 1178 20
19 9 7 1207 64
12 14 19 1060 97
0 11 17 1178 55
1 8 8 1077 77
1 9 9 1154 35
16 11 13 1057 89
15 11 3 1198 24
7 5 13 1146 69
0 12 18 1233 61
8 8 7 1271 11
18 8 18 1294 55
9 7 10 1217 50
13 6 10 1267 2
7 6 18 1349 90
11 10 5 1207 80
5 9 13 1215 6
12 15 9 1189 14
1 10 3 1222 10
19 10 11 1271 4
13 7 16 1269 42
7 7 9 1439 44
6 12 2 1129 92
10 10 19 1157 22
15 12 10 1269 58
13 8 19 1311 61
10 11 2 1221 62
19 11 0 1275 68
13 9 5 1372 79
12 16 18 1439 27
19 12 2 1343 79
16 12 17 1233 77
11 11 10 1327 81
8 9 13 1282 35
7 8 10 1483 27
17 11 14 1217 32
9 8 15 1267 79
13 10 12 1451 17
7 9 2 1510 54
6 13 4 1221 68
5 10 11 1275 68
2 12 15 1346 97
0 13 9 1483 67
4 9 7 1282 20
16 13 6 1310 44
19 13 19 1422 21
8 10 5 1451 83
14 10 16 1311 58
9 9 1 1346 84
4 10 18 1466 71
8 11 14 1534 57
9 10 5 1534 14
13 11 4 1468 67
8 12 12 1591 19
17 12 7 1302 21
9 11 6 1548 16
13 12 3 1535 61
7 10 17 1564 24
6 14 8 1289 20
5 11 7 1343 16
2 13 4 1535 79
1 11 6 1564 92
17 13 3 1596 3
12 17 14 1591 3
16 14 0 1354 32
16 15 16 1386 86
10 12 13 1317 75
18 9 1 1430 16
6 15 18 1537 80
4 11 3 1599 69
18 10 7 1446 53
8 13 9 1610 80
17 14 15 1599 69
9 12 8 1564 76
13 13 6 1656 72
7 11 3 1668 36
14 11 10 1510 39
11 12 13 1408 25
0 14 5 1550 30
18 11 17 1588 84
2 14 8 1640 21
1 12 16 1656 9
17 15 1 1668 77
1 13 13 1665 75
17 16 8 1745 53
16 16 14 1594 40
16 17 12 1634 23
6 16 7 1617 76
4 12 4 1668 95
8 14 19 1690 20
12 18 11 1594 12
15 13 19 1710 8
7 12 15 1704 82
0 15 7 1693 88
8 15 6 1728 16
14 12 1 1745 52
15 14 6 1744 72
13 14 7 1781 49
10 13 17 1672 10
19 14 13 1740 84
0 16 14 1781 12
15 15 2 1816 30
10 14 6 1816 78
0 17 4 1793 20
16 18 18 1657 35
10 15 1 1894 3
18 12 0 1672 1
6 17 0 1693 74
4 13 0 1767 4
18 13 15 1786 66
8 16 18 1744 96
17 17 19 1798 64
9 13 9 1690 89
13 15 2 1846 91
7 13 6 1894 13
14 13 9 1797 68
19 15 14 1824 92
11 13 0 1771 5
5 12 19 1862 12
3 11 4 1813 54
11 14 3 1776 75
17 18 2 1937 34
1 14 11 1740 40
6 18 13 1824 11
4 14 2 1971 23
15 16 13 1846 15
7 14 16 1907 33
14 14 12 1865 71
15 17 12 1936 86
13 16 14 1937 38
3 12 19 1874 77
5 13 1 1897 5
10 16 10 1897 97
5 14 8 1902 33
3 13 0 1951 9
11 15 9 1865 38
9 14 3 1851 85
2 15 14 1975 22
18 14 19 1951 14
5 15 3 1936 87
4 15 14 1997 89
8 17 11 1840 24
15 18 9 2022 31
7 15 7 1940 80
0 18 8 1935 16
8 18 4 1867 64
14 15 6 1936 86
15 19 11 2053 40
13 17 0 1975 28
10 17 18 1994 88
19 16 17 1916 66
0 19 6 2022 51
10 18 5 2082 10
16 19 4 1931 57
17 19 13 1971 15
6 19 16 1940 38
1 15 1 1902 89
4 16 19 2086 87
9 15 12 2022 86
13 18 13 2003 34
7 16 0 2020 44
5 16 4 2023 96
2 16 9 2053 93
1 16 0 2064 86
10 19 0 2150 46
18 15 3 2023 83
4 17 11 2173 20
18 16 11 2193 1
14 16 15 2022 61
11 16 2 1994 16
5 17 15 2119 46
3 14 18 2082 97
11 17 8 2010 20
14 17 8 2083 53
18 17 4 2194 96
3 15 15 2179 10
5 18 12 2165 87
4 18 16 2193 67
18 18 14 2290 54
2 17 12 2252 67
19 17 5 2092 51
3 16 3 2189 45
19 18 6 2143 83
14 18 5 2143 1
18 19 10 2344 30
8 19 1 1991 93
9 16 18 2179 60
13 19 15 2189 14
14 19 18 2239 97
2 18 10 2374 17
3 17 2 2234 81
5 19 5 2252 89
1 17 5 2341 33
7 17 4 2290 99
7 18 11 2389 80
1 18 19 2374 2
12 19 6 2226 82
3 18 13 2315 76
11 18 1 2084 50
9 17 14 2344 44
7 19 14 2469 82
19 19 8 2226 96
1 19 18 2376 1
4 19 6 2308 65
3 19 7 2391 37
11 19 12 2319 52
2 19 6 2391 84
9 18 0 2388 28
9 19 4 2416 63
