9 0 0 0 9
16 0 3 0 75
12 0 12 0 64
17 0 2 0 97
1 0 3 75 69
0 0 7 0 33
11 0 4 0 25
16 1 15 75 92
14 0 12 64 87
5 0 14 0 66
13 0 17 0 17
19 0 2 97 29
1 1 19 144 10
19 1 17 126 31
19 2 9 157 49
13 1 18 17 98
5 1 0 66 71
8 0 11 0 38
6 0 8 0 66
4 0 19 154 7
4 1 6 161 81
0 1 4 33 8
8 1 0 137 30
11 1 7 33 33
11 2 16 66 12
9 1 8 66 49
14 1 7 151 63
5 2 5 137 55
0 2 0 167 81
6 1 14 66 39
7 0 17 157 11
15 0 0 248 39
0 3 10 248 68
19 3 10 316 91
16 2 1 167 83
12 1 13 64 77
10 0 16 78 57
5 3 18 192 25
18 0 11 38 1
3 0 17 168 50
13 2 5 192 99
2 0 15 167 79
18 1 3 144 97
4 2 5 291 62
2 1 0 287 70
15 1 3 287 93
7 1 18 217 33
16 3 4 250 48
9 2 18 250 91
1 2 17 218 58
18 2 19 241 68
13 3 8 291 39
16 4 2 298 7
1 3 14 276 10
8 2 9 206 31
7 2 13 250 84
9 3 4 341 39
2 2 4 380 35
2 3 8 415 82
9 4 13 380 40
0 4 17 316 28
1 4 11 286 91
17 1 17 344 80
8 3 18 341 25
6 2 18 366 10
15 2 15 380 44
17 2 10 424 2
10 1 6 242 32
9 5 14 420 59
1 5 1 377 5
4 3 15 424 50
15 3 1 424 23
1 6 2 382 37
15 4 16 447 75
7 3 15 474 12
15 5 13 522 7
13 4 2 419 73
10 2 3 380 67
2 4 2 497 35
11 3 10 426 27
6 3 7 376 80
11 4 9 453 32
12 2 2 532 82
18 3 1 447 8
5 4 11 377 43
1 7 7 456 9
7 4 5 486 18
17 3 1 455 37
3 1 7 465 40
15 6 14 529 60
7 5 8 504 57
2 5 14 589 84
10 3 8 561 26
18 4 15 486 7
16 5 11 420 99
0 5 18 376 91
5 5 2 614 24
18 5 14 673 72
18 6 8 745 38
14 2 10 453 8
10 4 10 587 23
3 2 12 505 81
3 3 9 586 47
17 4 19 492 31
5 6 12 638 87
8 4 1 492 90
11 5 0 485 49
7 6 19 561 43
16 6 13 529 43
12 3 18 614 32
15 7 7 589 45
7 7 16 604 24
13 5 4 492 82
16 7 17 572 94
11 6 18 646 35
4 4 13 572 91
19 4 3 447 7
3 4 0 633 96
6 4 6 456 55
3 5 13 729 67
8 5 19 604 79
10 5 1 610 55
7 8 0 729 77
9 6 1 665 20
1 8 16 628 93
1 9 13 796 94
16 8 18 681 6
13 6 9 633 1
6 5 3 511 38
12 4 9 646 75
0 6 16 721 91
9 7 7 685 27
5 7 7 725 59
14 3 2 638 20
19 5 5 504 37
2 6 18 687 34
4 5 4 663 77
9 8 19 712 67
13 7 15 634 43
17 5 12 725 37
6 6 1 685 29
4 6 2 740 32
13 8 7 784 48
2 7 12 762 87
12 5 8 783 32
0 7 15 812 74
11 7 1 714 5
14 4 18 721 88
16 9 14 745 34
6 7 11 714 41
12 6 0 815 68
0 8 3 886 7
9 9 15 886 22
17 6 6 762 58
14 5 4 809 88
19 6 1 719 86
8 6 16 812 3
6 8 17 755 63
9 10 16 908 2
17 7 8 820 11
4 7 18 809 10
2 8 7 849 91
12 7 10 883 16
0 9 11 893 7
19 7 0 883 75
3 6 1 805 94
17 8 15 908 24
5 8 6 820 90
8 7 12 849 52
7 9 2 806 85
1 10 9 890 46
15 8 18 819 71
13 9 10 899 62
16 10 16 910 48
4 8 3 893 78
19 8 16 958 21
3 7 14 899 53
6 9 10 961 32
3 8 2 952 22
1 11 5 936 55
7 10 7 940 62
17 9 14 952 84
15 9 10 993 49
2 9 5 991 69
10 6 19 779 14
16 11 0 958 60
0 10 5 1060 19
5 9 13 910 63
15 10 5 1079 3
8 8 6 910 87
10 7 17 818 77
9 11 10 1042 47
1 12 8 991 99
13 10 3 971 44
18 7 6 997 50
14 6 19 897 77
10 8 0 1018 77
6 10 15 993 91
2 10 6 1060 12
4 9 16 979 78
15 11 11 1082 68
7 11 3 1015 49
13 11 12 1015 50
16 12 6 1072 33
10 9 13 1095 82
2 11 16 1072 31
11 8 19 974 73
6 11 19 1084 27
12 8 7 1002 63
8 9 10 1089 30
7 12 1 1064 5
3 9 16 1103 17
9 12 3 1089 91
16 13 8 1105 16
12 9 3 1180 81
17 10 5 1082 10
1 13 0 1095 28
0 11 6 1105 50
11 9 8 1121 3
14 7 14 1036 88
5 10 4 973 90
13 12 13 1177 44
1 14 18 1123 95
8 10 7 1119 87
6 12 4 1111 72
10 10 2 1177 34
4 10 11 1150 21
7 13 9 1069 46
16 14 12 1121 34
0 12 9 1155 65
5 11 19 1111 22
15 12 6 1155 56
18 8 4 1183 42
14 8 13 1221 46
5 12 15 1133 6
17 11 9 1220 30
15 13 19 1211 20
2 12 17 1103 94
10 11 4 1225 1
9 13 6 1211 11
13 13 16 1221 72
19 9 14 1124 46
1 15 10 1218 94
19 10 15 1170 47
19 11 12 1217 1
8 11 14 1206 4
6 13 2 1211 71
8 12 15 1217 57
10 12 5 1226 64
4 11 14 1210 78
4 12 1 1288 21
8 13 8 1274 43
7 14 11 1171 93
3 10 10 1312 23
16 15 5 1290 99
0 13 19 1231 53
5 13 1 1309 50
15 14 2 1282 35
18 9 16 1293 32
14 9 3 1267 30
11 10 14 1288 28
6 14 16 1325 61
11 11 2 1317 54
12 10 15 1274 31
18 10 0 1325 54
5 14 3 1359 9
1 16 6 1312 4
7 15 14 1316 85
17 12 3 1368 97
3 11 18 1335 24
15 15 17 1317 8
7 16 6 1401 92
2 13 11 1264 65
10 13 12 1290 90
8 14 4 1317 55
10 14 9 1380 37
9 14 11 1329 70
1 17 4 1372 51
13 14 14 1401 89
18 11 5 1389 94
14 10 6 1493 44
10 15 15 1417 47
6 15 13 1386 35
2 14 10 1335 13
4 13 17 1325 10
15 16 8 1325 79
7 17 10 1493 30
13 15 1 1490 45
16 16 9 1417 83
10 16 7 1464 27
2 15 13 1421 16
11 12 13 1437 45
6 16 9 1500 17
12 11 17 1335 58
8 15 13 1482 21
7 18 4 1523 64
3 12 8 1404 66
9 15 5 1483 97
16 17 19 1500 11
12 12 6 1537 73
17 13 18 1465 89
1 18 15 1464 59
0 14 12 1380 9
11 13 11 1482 32
14 11 1 1537 42
5 15 10 1523 18
13 16 0 1535 44
19 12 11 1514 16
1 19 12 1523 10
19 13 8 1530 29
19 14 18 1559 47
8 16 17 1503 30
0 15 8 1559 90
5 16 16 1541 19
15 17 9 1517 21
8 17 5 1580 1
10 17 18 1606 54
9 16 12 1580 78
13 17 6 1610 21
18 12 13 1503 31
14 12 5 1581 84
10 18 11 1660 3
6 17 0 1579 26
2 16 19 1511 39
4 14 8 1649 88
15 18 12 1658 48
7 19 12 1706 77
13 18 11 1663 79
16 18 7 1511 80
10 19 14 1663 94
2 17 9 1550 46
11 14 6 1631 53
6 18 5 1665 42
12 13 16 1610 12
18 13 10 1541 52
8 18 2 1581 72
3 13 4 1587 15
9 17 17 1658 69
16 19 10 1593 43
12 14 14 1757 25
17 14 11 1742 47
0 16 14 1782 69
11 15 5 1707 99
14 13 16 1665 41
19 15 4 1606 81
19 16 13 1687 52
19 17 19 1739 44
5 17 17 1727 52
8 19 3 1653 75
6 19 12 1783 64
4 15 9 1737 23
4 16 7 1760 92
3 14 6 1684 56
0 17 13 1851 50
5 18 9 1779 83
15 19 4 1706 43
18 14 17 1779 76
14 14 15 1706 74
11 16 12 1847 85
12 15 5 1806 64
17 15 13 1901 37
3 15 15 1780 84
2 18 1 1596 4
0 18 2 1901 58
11 17 15 1932 86
14 15 8 1780 52
5 19 8 1862 66
13 19 19 1783 60
19 18 6 1783 95
19 19 7 1878 79
4 17 10 1852 34
4 18 12 1932 88
3 16 19 1864 79
0 19 1 1959 13
18 15 2 1959 20
14 16 9 1862 25
11 18 3 2018 13
11 19 17 2031 99
12 16 4 1870 98
18 16 18 1979 29
17 16 0 1938 73
3 17 5 1943 25
9 18 9 1887 17
18 17 12 2020 56
14 17 0 2011 87
4 19 0 2098 48
12 17 11 1968 72
3 18 3 2031 13
9 19 2 1979 40
12 18 1 2040 47
17 17 4 2011 11
14 18 11 2098 43
12 19 19 2087 84
18 18 7 2076 36
17 18 16 2022 90
3 19 11 2141 72
18 19 9 2112 16
17 19 7 2112 54
14 19 17 2141 77
2 19 3 2044 74
