8 0 0 0 57
0 0 1 0 30
14 0 4 0 15
6 0 17 0 4
10 0 12 0 83
7 0 17 4 19
12 0 17 23 24
11 0 6 0 28
15 0 2 0 3
5 0 3 0 15
16 0 3 15 67
13 0 14 0 91
2 0 1 30 6
10 1 10 83 9
8 1 11 57 16
0 1 18 30 80
15 1 3 82 28
6 1 3 110 22
14 1 10 92 45
7 1 13 23 2
15 2 7 110 17
0 2 4 110 34
10 2 16 92 72
14 2 19 137 96
8 2 1 73 92
9 0 9 0 76
9 1 3 132 78
16 1 2 82 9
0 3 15 144 92
12 1 4 144 44
10 3 9 164 88
13 1 11 91 42
15 3 18 127 71
7 2 16 164 7
4 0 15 236 2
15 4 14 198 91
1 0 4 188 73
16 2 15 238 37
12 2 16 188 58
6 2 11 133 99
0 4 16 246 29
5 1 7 127 31
17 0 4 261 13
5 2 9 252 89
14 3 18 233 11
19 0 3 210 27
11 1 18 244 33
4 1 12 238 41
17 1 10 274 96
8 3 18 277 99
11 2 8 277 93
11 3 4 370 11
1 1 2 261 68
4 2 1 279 13
13 2 1 292 97
6 3 9 341 10
19 1 13 237 36
1 2 3 329 3
1 3 14 332 98
19 2 18 376 50
1 4 1 430 68
13 3 9 389 65
0 5 19 275 96
2 1 16 275 36
9 2 6 210 78
9 3 12 288 42
7 3 4 381 60
2 2 8 370 88
14 4 16 311 95
6 4 4 441 85
14 5 11 406 39
3 0 19 371 58
17 2 8 458 26
12 3 12 330 73
2 3 18 458 71
15 5 6 289 17
17 3 1 498 4
18 0 13 273 75
12 4 19 429 30
7 4 11 445 36
6 5 13 526 79
10 4 18 529 84
3 1 3 429 35
5 3 0 341 87
15 6 12 403 69
1 5 0 498 8
12 5 1 502 25
3 2 4 526 79
8 4 2 376 82
18 1 15 348 1
0 6 0 506 25
14 6 5 445 22
10 5 7 613 87
15 7 0 531 69
4 3 10 370 75
1 6 13 605 15
5 4 5 467 55
17 4 12 502 89
5 5 6 522 49
19 3 8 484 21
4 4 0 600 31
1 7 17 620 88
4 5 19 631 66
19 4 11 505 32
18 2 5 522 35
5 6 14 571 23
5 7 16 594 19
0 7 10 531 49
17 5 18 613 98
5 8 4 613 38
9 4 0 631 3
9 5 13 634 30
14 7 15 467 73
14 8 1 540 79
3 3 9 605 43
3 4 1 648 86
17 6 17 711 83
12 6 2 527 21
13 4 12 591 78
13 5 7 700 40
7 5 7 740 11
4 6 11 697 72
9 6 2 664 7
11 4 7 751 25
2 4 13 664 51
2 5 14 715 63
15 8 9 648 51
18 3 14 778 73
7 6 12 751 97
6 6 16 613 2
1 8 18 711 72
15 9 13 715 40
15 10 4 755 93
17 7 15 794 8
5 9 2 671 93
1 9 16 783 20
1 10 5 803 89
3 5 2 764 50
13 6 10 740 93
3 6 18 814 64
13 7 19 833 64
14 9 7 776 64
0 8 5 892 67
15 11 16 848 82
16 3 9 699 62
13 8 2 897 8
2 6 6 778 32
18 4 3 851 35
18 5 18 886 6
6 7 8 615 54
11 5 17 794 67
9 7 1 734 82
16 4 18 892 82
19 5 9 761 6
19 6 17 861 34
2 7 0 810 16
17 8 11 802 70
9 8 17 895 62
9 9 16 957 13
16 5 11 974 69
12 7 18 974 14
10 6 8 700 78
13 9 17 957 56
7 7 6 848 57
4 7 13 769 66
1 11 10 892 59
16 6 7 1043 34
12 8 11 1043 6
6 8 0 826 80
5 10 19 897 75
17 9 19 972 68
19 7 12 895 84
11 6 0 906 44
4 8 2 905 96
2 8 9 826 63
8 5 13 835 91
10 7 0 950 65
8 6 9 926 12
13 10 13 1013 10
14 10 2 1001 79
11 7 14 950 28
9 10 18 988 84
11 8 11 1049 69
2 9 15 889 7
15 12 10 951 47
18 6 17 1013 38
7 8 8 905 71
6 9 18 1072 2
3 7 8 976 88
15 13 5 998 42
17 10 3 1040 37
5 11 12 979 45
1 12 9 951 68
8 7 7 1077 19
1 13 15 1019 63
8 8 8 1096 59
9 11 19 1072 22
9 12 4 1094 78
16 7 17 1077 39
0 9 14 978 53
10 8 6 1015 23
13 11 16 1023 93
4 9 14 1031 45
17 11 14 1077 20
19 8 16 1116 50
8 9 15 1155 43
13 12 8 1155 28
3 8 6 1064 57
2 10 19 1094 18
2 11 3 1112 90
15 14 19 1112 59
15 15 11 1171 7
18 7 10 1051 34
7 9 10 1085 60
7 10 2 1145 20
4 10 17 1116 29
15 16 17 1178 43
1 14 19 1171 41
16 8 16 1166 15
12 9 3 1202 41
6 10 1 1074 58
0 10 13 1031 20
5 12 13 1051 75
17 12 13 1126 35
6 11 19 1212 33
3 9 16 1181 25
17 13 7 1161 99
2 12 12 1202 55
18 8 2 1165 70
18 9 19 1245 51
6 12 10 1245 92
11 9 19 1296 67
9 13 11 1178 80
16 9 8 1183 84
19 9 0 1166 39
19 10 2 1235 4
2 13 5 1257 25
17 14 2 1260 27
9 14 14 1258 58
9 15 7 1316 53
16 10 19 1363 32
12 10 10 1337 19
10 9 3 1243 7
13 13 15 1198 77
7 11 18 1165 68
4 11 6 1145 49
1 15 11 1258 30
16 11 13 1395 72
12 11 6 1356 21
6 13 5 1337 93
5 13 18 1233 72
17 15 9 1287 12
19 11 14 1316 94
11 10 3 1363 9
4 12 16 1206 96
12 12 5 1430 36
2 14 4 1282 72
8 10 16 1302 20
10 10 15 1275 35
8 11 12 1322 84
13 14 5 1466 87
14 11 14 1410 88
11 11 10 1372 82
9 16 15 1369 6
11 12 9 1454 43
2 15 11 1354 92
18 10 6 1377 16
7 12 0 1233 53
6 14 6 1430 94
3 10 13 1467 73
17 16 5 1553 73
5 14 1 1305 65
1 16 8 1288 43
1 17 6 1524 80
8 12 14 1498 24
9 17 5 1626 85
16 12 0 1467 68
0 11 7 1369 52
10 11 1 1370 94
13 15 3 1553 26
4 13 3 1579 50
19 12 19 1410 49
13 16 18 1579 33
3 11 14 1540 18
18 11 12 1406 78
7 13 9 1497 54
6 15 15 1524 34
14 12 13 1540 65
0 12 8 1421 29
10 12 5 1711 33
5 15 11 1446 6
19 13 7 1459 20
11 13 16 1497 53
4 14 7 1629 38
12 13 7 1667 72
2 16 10 1454 88
8 13 10 1542 80
10 13 4 1744 10
8 14 6 1622 60
13 17 0 1612 17
14 13 3 1629 24
11 14 12 1550 48
9 18 8 1711 23
15 17 15 1558 83
18 12 11 1484 58
7 14 15 1641 59
6 16 14 1558 36
3 12 12 1598 4
5 16 17 1452 16
7 15 1 1700 16
16 13 6 1682 95
19 14 10 1622 98
19 15 1 1720 64
5 17 10 1720 24
3 13 5 1744 69
13 18 6 1777 2
0 13 6 1779 51
16 14 4 1777 70
4 15 4 1847 80
1 18 7 1739 64
17 17 6 1830 92
3 14 7 1813 40
17 18 0 1922 98
12 14 9 1739 96
2 17 7 1853 69
15 18 8 1734 45
7 16 3 1716 60
6 17 12 1602 48
10 14 17 1754 6
3 15 11 1853 28
5 18 8 1779 24
1 19 12 1803 14
12 15 0 2020 32
3 16 15 1881 37
8 15 17 1760 82
18 13 16 1550 9
0 14 2 1830 35
14 14 17 1842 38
10 15 14 1760 85
4 16 8 1927 90
6 18 7 1922 54
4 17 9 2017 36
9 19 10 1744 99
11 15 5 1813 39
2 18 2 1922 89
2 19 17 2011 83
15 19 1 1784 83
18 14 7 1976 97
7 17 5 1852 68
6 19 2 2011 12
17 19 16 2020 75
5 19 15 1918 44
3 17 10 1918 42
13 19 4 1927 35
14 15 0 2052 17
0 15 11 1881 38
16 15 10 1960 80
18 15 0 2073 55
18 16 4 2128 38
11 16 1 1867 52
16 16 14 2040 78
19 16 15 1962 41
19 17 4 2166 29
16 17 1 2118 80
12 16 8 2052 5
10 16 13 1845 88
7 18 14 2118 65
16 18 5 2198 30
12 17 13 2057 46
11 17 13 2103 75
8 16 3 1842 62
10 17 19 1933 18
8 17 5 2228 32
14 16 12 2069 3
11 18 2 2178 81
18 17 1 2198 65
7 19 19 2183 42
3 18 17 2094 82
8 18 4 2260 29
16 19 12 2228 44
0 16 3 1919 18
0 17 9 2053 43
10 18 11 1951 94
8 19 19 2289 20
3 19 0 2176 83
18 18 9 2263 1
0 18 12 2272 46
14 17 6 2072 73
0 19 17 2318 98
10 19 2 2259 92
14 18 9 2264 59
12 18 15 2103 61
4 18 18 2053 50
12 19 14 2183 82
14 19 8 2323 92
19 18 6 2195 4
11 19 15 2259 44
4 19 5 2260 76
19 19 5 2336 90
18 19 8 2415 8
