3 0 11 0 77
18 0 7 0 29
17 0 19 0 50
8 0 0 0 3
1 0 10 0 12
14 0 9 0 92
1 1 5 12 42
13 0 11 77 65
15 0 7 29 37
0 0 9 92 14
13 1 19 142 30
11 0 6 0 51
5 0 11 142 21
18 1 17 29 35
7 0 18 0 10
11 1 19 172 65
4 0 11 163 62
18 2 5 64 7
6 0 3 0 46
6 1 12 46 87
16 0 15 0 15
10 0 13 0 49
2 0 6 51 60
6 2 2 133 45
3 1 4 77 61
1 2 17 64 69
3 2 17 138 42
17 1 13 50 50
7 1 12 133 82
9 0 11 225 85
1 3 19 237 12
18 3 12 215 59
0 1 6 111 62
16 1 12 274 37
2 1 8 111 45
14 1 19 249 96
1 4 4 249 84
14 2 5 345 76
15 1 4 333 38
0 2 2 178 32
2 2 19 345 34
4 1 19 379 88
5 1 9 163 92
2 3 10 379 74
11 2 12 311 71
8 1 17 180 89
13 2 5 421 14
6 3 7 178 62
17 2 9 255 19
18 4 4 371 1
18 5 14 372 65
11 3 13 382 81
12 0 6 173 93
19 0 8 156 31
5 2 16 255 33
1 5 11 333 24
10 1 7 240 99
5 3 7 339 8
12 1 9 274 78
5 4 6 347 9
10 2 6 356 92
10 3 17 448 55
11 4 5 463 56
9 1 18 310 98
0 3 14 437 81
12 2 10 453 90
4 2 16 467 2
12 3 14 543 25
4 3 0 469 12
9 2 5 519 6
6 4 16 469 10
17 3 5 525 81
17 4 6 606 1
6 5 14 568 19
8 2 8 269 34
19 1 14 587 9
0 4 18 518 65
10 4 15 503 38
15 2 6 607 77
0 5 13 583 53
8 3 12 382 4
19 2 11 596 76
10 5 10 543 23
15 3 2 684 4
0 6 0 636 31
14 3 10 566 42
4 4 8 481 68
19 3 18 672 54
4 5 5 606 99
14 4 4 608 39
4 6 2 705 46
2 4 14 596 65
17 5 4 647 6
11 5 10 608 45
14 5 11 672 17
1 6 9 357 87
7 2 0 667 44
16 2 5 705 51
7 3 9 711 22
2 5 5 756 75
0 7 1 667 98
11 6 9 733 41
10 6 2 751 97
1 7 12 444 69
13 3 7 435 33
1 8 0 711 45
1 9 7 756 37
1 10 8 793 38
15 4 3 688 72
5 5 15 541 51
5 6 1 765 44
14 6 0 756 46
13 4 10 653 50
12 4 12 568 83
5 7 19 809 1
8 4 6 684 94
8 5 15 778 10
17 6 8 831 15
16 3 2 848 9
5 8 10 810 69
16 4 8 857 15
9 3 6 778 74
3 3 15 788 65
6 6 15 853 3
8 6 13 788 90
16 5 7 872 14
10 7 19 848 42
9 4 0 852 24
11 7 18 774 26
9 5 10 879 54
19 4 15 856 44
18 6 13 878 92
12 5 5 831 40
15 5 18 800 31
8 7 1 878 16
14 7 6 852 61
4 7 10 933 35
1 11 15 900 72
17 7 3 846 30
16 6 14 886 73
7 4 3 876 9
0 8 10 968 34
11 8 14 959 52
10 8 12 890 94
1 12 1 972 54
2 6 4 831 92
15 6 0 876 32
5 9 18 879 83
14 8 2 913 17
19 5 16 900 39
12 6 11 871 83
8 8 9 894 18
2 7 17 923 69
8 9 5 912 55
19 6 19 939 48
9 6 2 933 85
2 8 2 1018 40
7 5 7 886 55
10 9 11 984 95
11 9 16 1011 88
9 7 1 1026 7
12 7 7 954 67
13 5 9 912 91
14 9 3 930 29
19 7 13 987 17
13 6 15 1003 19
5 10 8 962 17
16 7 9 1003 93
3 4 8 979 99
17 8 15 1022 19
6 7 9 1096 69
19 8 17 1004 4
0 9 19 1002 27
17 9 10 1041 36
6 8 19 1165 51
19 9 1 1033 13
19 10 9 1165 87
0 10 17 1029 60
9 8 15 1041 60
7 6 16 1099 29
10 10 1 1079 93
10 11 16 1172 31
9 9 14 1101 49
19 11 5 1252 24
18 7 2 1058 39
12 8 2 1097 59
17 10 2 1156 64
8 10 11 1079 69
1 13 6 1026 66
14 10 7 1021 69
1 14 13 1092 45
13 7 4 1022 50
15 7 5 1276 98
0 11 16 1203 43
13 8 2 1220 86
11 10 7 1099 97
5 11 17 1089 86
18 8 18 1097 56
7 7 8 1128 3
11 11 11 1196 3
4 8 18 1153 87
18 9 9 1252 93
6 9 18 1240 56
6 10 1 1296 20
16 8 4 1096 79
10 12 8 1203 91
2 9 11 1199 26
6 11 5 1374 51
3 5 13 1137 81
1 15 14 1150 4
3 6 9 1345 84
17 11 12 1220 76
7 8 4 1175 3
9 10 3 1150 92
11 12 0 1199 32
9 11 12 1296 59
12 9 17 1175 90
18 10 1 1345 29
12 10 19 1265 91
15 8 1 1374 44
8 11 2 1306 39
14 11 13 1218 58
4 9 13 1276 53
5 12 2 1345 51
3 7 6 1429 33
10 13 14 1294 3
11 13 2 1396 16
16 9 3 1242 63
19 12 6 1462 68
18 11 11 1374 54
12 11 4 1356 50
15 9 8 1418 65
8 12 18 1345 99
14 12 1 1418 69
4 10 9 1429 60
1 16 2 1412 61
17 12 0 1296 40
16 10 13 1329 21
7 9 17 1265 77
0 12 11 1428 30
11 14 3 1412 1
10 14 3 1413 30
2 10 15 1225 69
15 10 13 1483 16
8 13 3 1444 77
3 8 16 1462 8
3 9 19 1470 21
17 13 1 1487 32
7 10 11 1458 78
18 12 0 1428 41
7 11 10 1536 43
3 10 0 1491 26
5 13 14 1396 95
11 15 15 1413 13
12 12 15 1426 22
15 11 17 1499 84
8 14 7 1521 65
14 13 18 1487 98
4 11 3 1521 54
17 14 18 1585 77
16 11 6 1530 68
0 13 15 1458 24
19 13 0 1530 84
16 12 16 1598 9
9 12 4 1406 26
7 12 5 1579 9
7 13 2 1588 84
3 11 7 1586 58
6 12 0 1614 41
8 15 4 1586 55
16 13 17 1607 51
10 15 0 1655 28
9 13 19 1491 97
11 16 4 1641 8
9 14 16 1607 87
19 14 3 1614 82
18 13 6 1598 54
12 13 0 1683 9
15 12 11 1583 60
8 16 16 1694 27
14 14 8 1585 60
4 12 12 1575 99
17 15 16 1721 62
16 14 19 1658 25
7 14 14 1672 1
0 14 7 1644 61
11 17 17 1658 50
10 16 5 1683 56
2 11 0 1692 30
15 13 14 1673 88
5 14 4 1649 40
14 15 15 1645 97
19 15 4 1696 1
12 14 1 1692 12
8 17 10 1721 84
2 12 7 1722 18
19 16 10 1805 4
9 15 8 1694 28
2 13 3 1740 88
7 15 15 1742 11
10 17 4 1739 21
9 16 13 1722 81
12 15 13 1803 28
13 9 14 1761 83
14 16 16 1783 76
19 17 2 1809 60
13 10 6 1844 13
5 15 12 1689 32
16 15 1 1704 57
3 12 1 1761 91
10 18 9 1760 51
10 19 18 1811 22
11 18 1 1852 66
9 17 7 1803 46
12 16 16 1859 28
18 14 16 1887 7
15 14 19 1761 20
4 13 15 1753 59
3 13 10 1852 7
11 19 8 1918 5
1 17 3 1828 20
2 14 1 1918 49
15 15 16 1894 60
5 16 13 1831 84
14 17 14 1859 41
19 18 7 1869 56
12 17 3 1887 40
9 18 17 1849 4
7 16 6 1857 59
9 19 9 1853 82
12 18 18 1927 43
13 11 12 1857 49
14 18 17 1900 55
13 12 0 1906 30
5 17 3 1927 54
16 16 11 1761 41
3 14 18 1970 95
17 16 14 1900 52
6 13 10 1859 12
0 15 8 1923 40
17 17 11 1952 7
6 14 11 1959 6
0 16 12 1963 7
7 17 19 1916 97
18 15 10 1894 85
1 18 16 1954 49
14 19 12 1970 32
1 19 18 2065 17
13 13 13 1936 43
15 16 12 2002 92
13 14 16 2003 46
18 16 15 1979 74
7 18 1 2013 23
4 14 7 1925 10
18 17 8 2053 79
6 15 8 2132 45
16 17 10 1979 51
15 17 15 2094 91
8 18 19 2013 94
3 15 3 2065 91
16 18 18 2082 80
18 18 19 2132 72
8 19 14 2107 2
12 19 8 2177 29
19 19 12 2094 58
4 15 4 1935 34
17 18 7 1959 97
16 19 0 2162 20
7 19 13 2036 83
0 17 4 1970 15
2 15 13 2119 68
15 18 10 2185 72
13 15 17 2049 67
2 16 9 2187 25
13 16 1 2116 6
5 18 0 2182 3
3 16 2 2156 91
6 16 13 2187 17
0 18 5 1985 50
6 17 6 2204 2
0 19 3 2156 10
18 19 3 2204 79
15 19 9 2257 58
4 16 1 2122 67
3 17 5 2247 14
5 19 5 2261 31
6 18 17 2206 93
2 17 12 2212 1
4 17 17 2299 31
2 18 16 2213 95
13 17 18 2162 77
6 19 4 2299 39
4 18 6 2330 52
3 18 12 2261 46
13 18 3 2283 87
13 19 8 2370 64
3 19 14 2307 49
2 19 18 2308 25
17 19 17 2330 40
4 19 14 2382 53
