6 0 2 0 4
4 0 10 0 33
4 1 18 33 64
10 0 2 4 25
18 0 7 0 43
8 0 8 0 30
7 0 12 0 16
13 0 7 43 60
17 0 5 0 6
14 0 5 6 72
18 1 1 43 27
19 0 0 0 83
16 0 8 30 51
17 1 19 6 28
6 1 7 103 83
9 0 17 0 78
17 2 11 34 71
18 2 10 70 46
4 2 16 97 17
5 0 3 0 86
19 1 9 83 35
5 1 12 86 16
10 1 17 78 86
10 2 9 164 55
19 2 16 118 39
16 1 15 81 16
12 0 0 83 72
1 0 0 155 97
4 3 4 114 81
17 3 12 105 9
7 1 7 186 99
18 3 18 116 67
17 4 6 114 27
7 2 18 285 46
18 4 14 183 89
15 0 4 195 62
11 0 19 34 40
3 0 10 116 99
19 3 4 257 97
11 1 10 215 29
2 0 8 81 87
10 3 14 272 68
6 2 6 186 26
10 4 1 340 56
9 1 14 340 63
6 3 19 212 54
17 5 3 141 88
13 1 12 114 77
3 1 15 215 65
0 0 10 244 47
14 1 10 291 42
6 4 5 266 16
18 5 16 272 10
4 4 5 282 42
18 6 5 324 63
13 2 13 191 32
9 2 5 403 21
15 1 13 257 6
13 3 8 223 51
2 1 7 285 89
1 1 14 403 15
15 2 18 331 46
9 3 10 424 64
12 1 16 282 82
6 5 9 282 88
17 6 4 354 90
13 4 17 274 31
3 2 0 280 9
15 3 3 377 40
0 1 2 291 61
13 5 9 370 65
3 3 6 289 52
15 4 19 417 75
0 2 9 435 7
14 2 1 396 20
5 2 9 442 34
9 4 13 488 91
17 7 8 444 72
7 3 19 492 40
7 4 5 532 54
3 4 18 377 10
17 8 1 516 43
11 2 9 476 27
16 2 16 364 60
7 5 10 586 27
14 3 4 444 2
14 4 2 446 50
6 6 11 370 16
14 5 6 496 67
4 5 9 503 60
1 2 2 496 18
11 3 4 503 70
10 5 7 396 43
3 5 16 424 55
17 9 17 559 16
8 1 12 191 24
0 3 3 442 13
0 4 7 455 52
14 6 14 563 81
8 2 7 507 95
1 3 11 514 73
2 2 1 559 28
8 3 4 602 41
4 6 8 563 14
1 4 8 587 37
11 4 1 587 76
5 3 11 587 83
0 5 4 643 33
5 4 19 670 79
10 6 15 439 23
15 5 10 613 89
2 3 12 587 81
13 6 16 479 18
11 5 7 663 19
19 4 2 514 99
13 7 10 702 3
1 5 6 624 94
13 8 6 718 31
5 5 14 749 89
2 4 4 676 47
8 4 5 643 53
19 5 7 682 77
11 6 18 682 67
12 2 1 663 78
3 6 9 563 20
12 3 12 741 12
14 7 7 759 95
17 10 18 749 36
8 5 10 705 84
6 7 16 497 61
9 5 11 670 75
18 7 13 579 33
4 7 3 577 95
9 6 9 745 53
17 11 2 785 44
18 8 4 723 14
4 8 12 753 36
5 6 2 838 22
19 6 15 759 98
5 7 1 860 74
9 7 4 798 35
6 8 10 789 41
0 6 18 785 83
14 8 11 854 39
8 6 3 789 55
10 7 3 844 15
1 6 7 854 20
2 5 18 868 53
8 7 9 844 54
10 8 4 859 88
4 9 14 838 95
1 7 15 874 69
11 7 2 860 9
17 12 13 829 41
5 8 10 934 58
0 7 12 868 60
13 9 3 859 12
11 8 15 943 10
19 7 13 870 88
10 9 6 947 28
15 6 14 933 11
9 8 2 869 77
16 3 19 749 38
1 8 12 943 13
19 8 1 958 51
16 4 5 787 43
12 4 17 753 98
3 7 2 946 67
12 5 13 958 98
14 9 18 921 45
17 13 14 944 37
8 8 0 898 42
6 9 8 830 54
9 9 7 946 29
18 9 19 787 95
4 10 17 933 37
9 10 0 975 68
18 10 2 1013 61
4 11 1 1009 85
19 9 6 1009 31
10 10 5 975 41
10 11 0 1043 87
19 10 19 1040 88
16 5 6 1040 94
12 6 8 1056 46
1 9 18 966 26
11 9 11 953 8
16 6 12 1134 3
2 6 14 981 67
4 12 0 1130 48
8 9 2 1074 75
0 8 6 1134 57
1 10 1 1094 48
15 7 2 1149 13
12 7 19 1128 79
6 10 1 1142 98
5 9 13 1056 71
7 6 8 1102 71
7 7 14 1173 95
2 7 2 1162 78
8 10 13 1149 55
19 11 3 1128 24
13 10 14 1268 35
17 14 15 981 80
14 10 9 966 82
18 11 6 1191 66
19 12 10 1152 34
16 7 2 1240 53
17 15 16 1061 84
6 11 18 1240 3
9 11 3 1152 92
17 16 10 1186 86
18 12 0 1257 68
4 13 11 1178 74
5 10 5 1127 22
19 13 8 1186 44
5 11 8 1230 36
10 12 18 1243 75
10 13 11 1318 77
19 14 11 1395 29
16 8 10 1293 80
12 8 4 1207 88
1 11 16 1145 71
4 14 2 1293 76
17 17 7 1272 91
7 8 11 1424 9
18 13 12 1325 46
17 18 0 1363 24
5 12 7 1363 53
19 15 5 1424 37
5 13 17 1416 80
9 12 6 1257 89
6 12 4 1295 84
0 9 14 1303 7
14 11 13 1204 50
8 11 11 1433 57
10 14 10 1395 49
1 12 13 1254 96
2 8 15 1240 14
8 12 1 1490 62
10 15 12 1444 52
4 15 19 1369 68
1 13 19 1437 5
11 10 3 1244 83
17 19 9 1387 3
5 14 16 1496 53
0 10 15 1310 74
13 11 4 1379 54
11 11 8 1327 49
19 16 18 1461 23
10 16 16 1549 80
15 8 12 1496 89
9 13 8 1376 49
16 9 14 1373 96
1 14 10 1444 42
16 10 0 1469 70
12 9 3 1327 11
3 8 19 1442 69
12 10 7 1416 36
14 12 15 1384 89
8 13 19 1552 23
6 13 0 1539 11
9 14 18 1484 47
18 14 11 1490 27
9 15 1 1552 33
18 15 15 1517 5
12 11 9 1452 67
1 15 5 1486 15
11 12 13 1376 70
2 9 10 1486 92
8 14 14 1575 28
0 11 0 1550 93
2 10 11 1578 94
15 9 1 1585 71
6 14 13 1550 55
14 13 3 1473 77
5 15 18 1549 1
7 9 17 1496 46
7 10 0 1643 57
3 9 5 1511 16
3 10 11 1672 10
4 16 15 1522 77
4 17 13 1605 14
5 16 0 1700 57
1 16 4 1501 64
11 13 16 1629 62
5 17 15 1757 68
0 12 5 1643 59
13 12 11 1682 44
11 14 6 1691 70
19 17 12 1585 15
10 17 8 1629 25
15 10 7 1656 69
9 16 15 1825 4
16 11 3 1550 66
1 17 3 1616 36
16 12 9 1616 83
12 12 18 1550 97
3 11 13 1682 54
12 13 15 1829 22
14 14 0 1757 63
8 15 16 1691 3
6 15 3 1652 18
9 17 16 1829 58
18 16 3 1670 17
9 18 19 1887 18
18 17 17 1687 64
16 13 13 1736 82
12 14 10 1851 53
1 18 17 1751 6
11 15 12 1761 38
16 14 1 1818 83
2 11 16 1887 26
8 16 17 1757 83
0 13 17 1840 46
2 12 0 1913 68
1 19 9 1757 74
15 11 11 1726 86
6 16 15 1851 67
14 15 19 1905 44
7 11 9 1831 86
7 12 15 1918 7
3 12 8 1736 47
3 13 7 1783 4
18 18 8 1783 10
4 18 7 1787 91
18 19 9 1917 74
16 15 4 1901 70
11 16 17 1886 68
16 16 11 1971 22
0 14 8 1886 7
15 12 5 1812 60
6 17 14 1918 62
13 13 19 1949 10
3 14 4 1971 66
15 13 8 1893 92
0 15 13 1893 84
14 16 17 1954 42
7 13 6 1925 16
2 13 17 1996 36
8 17 15 1925 88
10 18 19 1959 94
11 17 5 1954 46
0 16 19 2053 56
13 14 5 2000 43
11 18 14 2000 77
15 14 15 2013 56
9 19 12 1905 33
16 17 17 2032 94
0 17 11 2109 58
13 15 1 2043 77
11 19 0 2077 9
10 19 13 2053 55
15 15 6 2069 88
16 18 18 2126 46
16 19 7 2172 57
12 15 6 2157 21
3 15 17 2126 33
5 18 4 2037 26
2 14 9 2032 79
8 18 18 2172 11
4 19 6 2178 69
8 19 6 2247 68
0 18 16 2167 45
15 16 9 2157 80
12 16 2 2178 22
6 18 12 1980 17
5 19 6 2315 26
7 14 1 2120 70
7 15 4 2190 15
2 15 5 2111 71
19 18 17 2159 50
13 16 18 2183 40
14 17 16 2212 40
19 19 14 2209 56
6 19 17 2209 31
12 17 11 2200 17
7 16 3 2205 71
0 19 1 2212 4
14 18 12 2252 86
2 16 13 2182 94
13 17 15 2223 98
15 17 0 2237 18
12 18 5 2217 43
3 16 12 2338 9
12 19 14 2265 60
14 19 8 2338 84
2 17 19 2276 28
2 18 6 2341 25
15 18 16 2255 75
7 17 2 2276 41
7 18 16 2330 83
3 17 1 2347 53
3 18 3 2400 30
2 19 3 2430 2
3 19 14 2430 29
15 19 17 2330 66
13 18 0 2321 69
7 19 13 2413 14
13 19 2 2390 33
