5 0 9 0 42
5 1 13 42 47
11 0 4 0 85
3 0 2 0 34
14 0 10 0 57
11 1 18 85 92
16 0 1 0 47
19 0 8 0 28
9 0 19 0 41
12 0 4 85 23
1 0 7 0 80
4 0 3 0 52
17 0 11 0 90
4 1 5 52 51
13 0 5 103 80
3 1 7 80 52
7 0 15 0 25
9 1 0 41 65
12 1 5 183 87
4 2 12 103 72
4 3 0 175 24
9 2 17 106 34
9 3 14 140 4
6 0 7 132 19
13 1 0 199 43
8 0 2 34 17
9 4 7 151 73
0 0 7 224 86
19 1 16 28 89
10 0 10 57 27
18 0 10 84 59
7 1 16 117 47
3 2 17 140 5
0 1 13 310 43
10 1 4 108 83
16 1 18 177 9
15 0 1 47 81
6 1 3 151 38
17 1 3 189 52
2 0 11 90 90
4 4 10 199 96
14 1 1 128 96
9 5 11 224 79
11 2 12 177 90
12 2 6 270 50
12 3 7 320 76
10 2 14 191 20
8 1 5 270 98
9 6 8 303 58
11 3 15 267 95
14 2 15 362 11
15 1 5 368 83
1 1 17 145 66
3 3 12 267 4
2 1 17 211 43
12 4 11 396 26
13 2 17 254 45
9 7 6 361 14
10 3 9 211 12
16 2 2 186 90
13 3 14 299 92
17 2 14 391 10
16 3 14 401 28
3 4 1 271 84
2 2 19 254 37
19 2 0 242 3
14 3 5 451 25
1 2 16 211 90
18 1 2 276 57
15 2 2 451 77
18 2 17 333 67
8 2 6 375 25
10 4 19 291 86
9 8 12 375 97
8 3 19 400 41
12 5 10 422 28
10 5 6 400 34
3 5 16 355 54
11 4 3 362 19
10 6 18 434 36
18 3 7 400 47
13 4 8 391 68
14 4 8 476 69
10 7 0 470 28
9 9 4 472 71
0 2 17 400 61
7 2 12 472 10
19 3 2 528 75
1 3 10 450 83
5 2 6 434 10
0 3 6 461 99
13 5 12 482 66
17 3 7 447 25
5 3 0 498 27
6 2 5 476 83
18 4 8 545 13
17 4 1 472 59
9 10 10 543 97
17 5 13 531 55
11 5 8 558 59
4 5 17 461 54
3 6 13 586 3
6 3 17 559 50
10 8 13 589 63
4 6 16 515 51
14 5 4 545 59
6 4 14 609 31
2 3 0 525 71
15 3 16 566 45
14 6 9 604 45
1 4 0 596 89
6 5 19 640 87
13 6 2 603 60
8 4 4 604 62
0 4 8 617 7
1 5 15 685 7
6 6 8 727 67
13 7 9 663 37
8 5 18 666 28
0 5 11 624 70
19 4 11 694 31
10 9 12 652 37
18 5 18 694 35
7 3 5 559 16
0 6 4 694 21
7 4 4 715 83
3 7 6 589 97
0 7 3 715 2
11 6 19 727 94
15 4 11 725 63
1 6 12 692 55
3 8 19 821 39
16 4 5 575 68
16 5 8 794 23
13 8 18 729 60
8 6 1 694 52
2 4 2 663 64
19 5 10 725 87
1 7 1 747 17
5 4 7 525 38
13 9 6 789 51
5 5 18 789 92
18 6 13 729 72
10 10 16 689 23
16 6 10 817 66
15 5 17 788 95
16 7 6 883 46
3 9 3 860 9
2 5 4 798 88
19 6 19 860 66
9 11 2 727 95
1 8 2 822 13
15 6 14 883 25
6 7 9 794 99
7 5 9 893 62
12 6 0 685 36
10 11 5 712 50
18 7 6 929 74
7 6 18 955 3
11 7 9 955 75
14 7 13 801 52
15 7 8 908 48
1 9 9 1030 45
3 10 18 958 9
2 6 8 956 27
12 7 17 883 35
13 10 19 926 41
9 12 16 822 58
10 12 7 762 90
16 8 19 967 75
13 11 3 967 61
17 6 18 967 30
16 9 4 1042 96
3 11 11 967 91
2 7 14 983 30
19 7 17 926 67
14 8 14 1013 85
1 10 18 1075 28
18 8 5 1003 56
15 8 9 1075 27
18 9 16 1059 85
8 7 0 746 5
10 13 8 983 5
9 13 13 880 12
8 8 8 988 25
12 8 2 918 4
10 14 17 993 17
3 12 5 1059 60
11 8 5 1119 75
18 10 0 1144 52
13 12 13 1028 98
14 9 2 1098 26
0 8 12 747 88
7 7 3 1028 38
19 8 7 993 34
1 11 5 1194 73
5 6 12 881 88
0 9 18 1103 38
13 13 7 1126 59
17 7 9 1102 33
5 7 17 1010 16
6 8 13 1126 69
18 11 15 1196 25
17 8 19 1135 18
11 9 6 1194 47
0 10 9 1141 65
17 9 12 1153 80
4 7 2 1124 61
3 13 0 1196 4
6 9 11 1195 77
4 8 7 1185 92
7 8 8 1066 87
14 10 17 1124 91
6 10 1 1272 4
14 11 6 1241 57
6 11 12 1276 31
8 9 9 1206 37
19 9 14 1098 19
7 9 19 1153 19
19 10 3 1117 30
15 9 18 1141 56
8 10 7 1277 93
8 11 12 1370 63
12 9 9 1243 32
7 10 17 1215 98
7 11 6 1313 2
19 11 4 1147 91
5 8 19 1172 3
11 10 16 1241 9
4 9 8 1277 81
7 12 13 1315 58
2 8 10 1013 34
12 10 14 1275 22
16 10 13 1373 68
8 12 13 1441 23
15 10 4 1238 54
2 9 3 1147 99
18 12 1 1276 92
13 14 4 1292 95
14 12 3 1298 30
9 14 3 1328 17
0 11 2 1206 81
7 13 11 1373 30
19 12 13 1464 53
1 12 3 1345 44
5 9 10 1175 56
0 12 0 1287 38
13 15 15 1387 38
2 10 5 1267 10
15 11 12 1433 82
6 12 16 1307 96
7 14 0 1403 22
19 13 15 1517 81
1 13 6 1389 65
5 10 3 1389 80
0 13 1 1368 51
13 16 11 1425 67
17 10 8 1358 73
18 13 3 1469 92
8 13 14 1464 58
10 15 3 1561 80
8 14 17 1522 92
12 11 13 1517 74
10 16 1 1641 35
3 14 4 1387 63
11 11 14 1522 6
10 17 2 1676 4
18 14 12 1561 81
13 17 1 1676 12
14 13 16 1403 32
0 14 10 1419 81
7 15 7 1425 55
19 14 6 1598 13
1 14 19 1454 50
5 11 4 1469 10
11 12 10 1528 43
14 14 19 1504 58
17 11 15 1598 41
6 13 0 1425 77
13 18 10 1688 95
8 15 15 1639 70
19 15 5 1611 15
18 15 11 1642 76
7 16 14 1528 80
3 15 14 1608 3
16 11 9 1441 60
15 12 15 1709 32
6 14 2 1680 80
17 12 4 1639 9
4 10 9 1501 74
14 15 11 1718 40
6 15 18 1760 68
14 16 7 1758 11
1 15 14 1611 84
16 12 16 1501 46
2 11 12 1642 44
1 16 4 1695 70
17 13 6 1648 64
1 17 11 1765 71
5 12 16 1547 26
0 15 16 1573 37
13 19 16 1783 22
17 14 16 1805 79
0 16 15 1741 72
17 15 17 1884 31
5 13 1 1688 78
5 14 15 1813 69
6 16 15 1882 74
18 16 9 1718 91
0 17 14 1813 94
11 13 0 1571 30
4 11 18 1828 49
3 16 8 1611 35
6 17 4 1956 86
8 16 16 1884 90
9 15 9 1809 66
11 14 2 1760 88
14 17 18 1877 19
15 13 19 1741 99
1 18 8 1836 32
2 12 18 1896 99
12 12 1 1766 52
16 13 7 1769 35
17 16 2 1915 79
16 14 11 1836 9
7 17 10 1783 69
19 16 1 1818 59
1 19 13 1868 91
5 15 8 1882 91
0 18 5 1907 44
18 17 14 1907 93
0 19 19 1951 99
11 15 1 1877 19
4 12 19 2050 24
3 17 10 1852 79
6 18 10 2042 30
4 13 4 2074 59
17 17 10 2072 44
11 16 17 1915 10
10 18 15 1956 41
9 16 1 1896 78
8 17 3 1974 29
12 13 16 1974 13
10 19 11 1997 81
3 18 15 1997 66
11 17 13 1959 76
18 18 19 2074 36
14 18 0 1896 19
9 17 15 2063 68
9 18 18 2131 69
15 14 7 1840 41
6 19 6 2072 54
7 18 1 1974 77
12 14 8 1987 14
18 19 4 2133 88
7 19 2 2051 40
11 18 11 2078 58
14 19 12 1915 82
15 15 0 1915 1
3 19 9 2063 97
2 13 15 2131 94
12 15 19 2110 61
9 19 5 2200 53
16 15 12 1997 89
17 18 0 2116 14
16 16 15 2225 96
2 14 1 2225 96
19 17 9 2160 17
2 15 16 2321 98
19 18 12 2177 85
15 16 13 2035 2
8 18 10 2116 26
8 19 11 2142 69
12 16 15 2321 47
11 19 7 2136 29
19 19 18 2262 11
5 16 2 2091 82
17 19 5 2253 73
5 17 11 2211 77
4 14 13 2133 4
4 15 11 2288 21
5 18 14 2288 73
5 19 5 2361 96
15 17 6 2126 61
2 16 6 2419 44
15 18 10 2187 23
2 17 7 2463 7
12 17 12 2368 87
16 17 0 2321 42
16 18 3 2363 2
2 18 9 2470 33
15 19 3 2365 26
12 18 3 2455 73
4 16 1 2321 78
16 19 17 2365 86
2 19 13 2503 59
4 17 6 2463 2
12 19 18 2528 64
4 18 15 2465 3
4 19 14 2468 49
