12 0 6 0 94
17 0 9 0 88
9 0 18 0 27
19 0 6 94 15
5 0 5 0 83
1 0 18 27 5
8 0 17 0 46
16 0 8 0 89
13 0 2 0 19
7 0 11 0 3
16 1 12 89 33
13 1 10 19 40
0 0 17 46 24
0 1 7 70 8
9 1 15 27 17
1 1 10 59 34
10 0 1 0 92
1 2 6 109 32
12 1 1 94 80
4 0 17 70 71
9 2 14 44 6
14 0 14 50 68
3 0 13 0 13
2 0 13 13 67
12 2 19 174 74
13 2 1 174 30
10 1 0 92 9
1 3 3 141 29
15 0 8 89 49
14 1 0 118 13
2 1 16 80 68
4 1 10 141 12
15 1 12 138 19
13 3 19 248 92
0 2 9 88 42
16 2 19 340 27
6 0 17 141 38
13 4 5 340 10
6 1 14 179 78
19 1 2 109 38
12 3 14 257 71
8 1 10 153 28
16 3 11 367 20
3 1 18 32 85
11 0 15 44 70
7 1 1 204 98
3 2 4 117 76
4 2 8 153 79
4 3 12 232 78
2 2 8 232 44
11 1 2 147 55
4 4 3 310 26
15 2 13 157 10
15 3 10 181 67
17 1 6 141 88
19 2 17 179 83
13 5 12 350 60
1 4 4 193 44
6 2 6 257 91
19 3 9 262 32
8 2 7 181 99
14 2 8 276 30
17 2 16 229 91
17 3 4 320 72
17 4 3 392 9
7 2 15 302 19
8 3 2 280 95
19 4 19 367 12
5 1 0 131 98
10 2 9 294 71
16 4 10 387 2
16 5 4 392 26
15 4 7 280 6
15 5 0 286 42
4 5 14 336 38
1 5 16 320 79
19 5 11 387 41
5 2 19 379 83
10 3 6 365 66
12 4 17 328 8
2 3 7 286 31
6 3 8 348 21
12 5 11 428 51
2 4 4 418 90
6 4 18 369 88
8 4 16 399 17
5 3 17 462 22
14 3 3 401 83
16 6 2 418 88
15 6 4 508 87
4 6 16 416 72
2 5 3 508 29
6 5 2 506 93
8 5 13 416 84
14 4 9 484 46
11 2 10 389 13
11 3 19 462 50
5 4 8 484 8
18 0 9 530 93
0 3 12 410 87
12 6 10 479 87
2 6 15 537 21
4 7 15 558 83
8 6 11 500 68
5 5 7 492 28
5 6 12 520 93
7 3 16 488 67
19 6 14 428 81
5 7 6 613 5
10 4 19 512 57
1 6 1 399 73
6 6 16 599 15
19 7 7 520 79
14 5 10 566 8
17 5 2 599 41
17 6 14 640 76
17 7 8 716 24
7 4 2 640 33
8 7 0 568 26
19 8 4 599 90
5 8 1 618 82
10 5 17 569 56
11 4 9 623 23
11 5 3 646 75
18 1 18 623 34
0 4 4 689 95
12 7 3 721 86
2 7 19 569 37
2 8 18 657 82
11 6 17 721 24
15 7 16 614 83
9 3 12 613 62
11 7 16 745 69
10 6 11 625 8
1 7 14 716 13
19 9 3 807 12
10 7 18 739 80
7 5 13 673 78
18 2 12 675 36
13 6 8 740 32
18 3 10 711 82
1 8 15 729 25
16 7 7 599 24
13 7 14 772 71
9 4 9 675 90
12 8 13 807 37
4 8 2 673 51
4 9 0 724 9
1 9 13 844 8
11 8 13 852 72
0 5 5 784 14
9 5 19 765 17
14 6 2 724 41
15 8 5 798 7
4 10 7 733 45
1 10 11 852 37
19 10 8 819 18
5 9 3 819 65
10 8 15 819 11
10 9 16 830 78
19 11 12 837 37
8 8 8 837 32
7 6 9 765 59
0 6 14 843 30
3 3 6 618 84
16 8 9 824 62
11 9 11 924 53
17 8 12 874 77
17 9 7 951 60
3 4 5 805 77
9 6 10 793 58
18 4 14 873 28
7 7 14 901 2
8 9 4 869 85
19 12 18 874 1
10 10 14 908 50
16 9 6 886 68
16 10 0 954 59
15 9 15 830 51
14 7 17 765 83
3 5 14 958 20
2 9 17 848 27
12 9 2 844 93
13 8 17 875 73
10 11 8 958 37
1 11 19 889 6
15 10 18 881 55
14 8 4 954 33
2 10 5 882 33
4 11 5 915 13
13 9 13 948 61
0 7 8 995 89
6 7 12 951 10
7 8 0 1013 32
18 5 16 908 52
0 8 0 1084 69
13 10 11 1009 31
18 6 1 960 22
1 12 17 948 1
16 11 15 1013 53
13 11 4 1040 94
9 7 16 960 94
12 10 12 961 82
4 12 13 1009 31
16 12 13 1066 7
4 13 19 1040 91
5 10 13 1073 77
14 9 6 987 19
4 14 11 1131 40
2 11 1 982 1
6 8 5 961 68
19 13 15 1066 91
10 12 7 1011 92
10 13 13 1150 5
19 14 16 1157 73
19 15 0 1230 5
8 10 19 1131 98
6 9 0 1235 75
19 16 5 1235 82
3 6 9 978 63
18 7 17 982 33
0 9 2 1153 32
18 8 4 1134 77
1 13 8 1084 31
16 13 1 1073 85
9 8 7 1103 11
12 11 15 1157 1
4 15 18 1171 5
16 14 16 1230 66
4 16 6 1176 91
2 12 10 983 73
10 14 3 1155 13
10 15 10 1168 63
19 17 1 1317 64
7 9 6 1267 78
19 18 10 1381 37
3 7 19 1229 1
9 9 17 1114 65
14 10 19 1230 75
17 10 17 1179 93
17 11 15 1272 39
17 12 19 1311 93
5 11 16 1296 56
3 8 1 1381 5
2 13 14 1056 35
3 9 3 1386 5
4 17 4 1267 24
8 11 3 1391 59
16 15 14 1296 14
4 18 9 1291 96
1 14 0 1310 97
12 12 4 1291 76
11 10 4 1367 94
18 9 7 1211 27
0 10 18 1185 59
13 12 16 1352 61
9 10 6 1345 96
14 11 1 1386 37
15 11 3 1450 79
4 19 1 1423 72
1 15 9 1407 7
19 19 13 1418 91
5 12 15 1352 66
10 16 12 1231 21
10 17 4 1461 6
8 12 1 1495 67
7 10 18 1345 97
0 11 3 1529 20
3 10 10 1418 50
7 11 10 1468 77
0 12 10 1549 26
3 11 7 1468 11
9 11 11 1441 76
16 16 5 1317 22
11 11 6 1461 25
9 12 0 1517 58
14 12 16 1423 17
15 12 9 1529 24
5 13 2 1418 61
1 16 2 1479 47
12 13 16 1440 49
11 12 1 1562 21
18 10 0 1575 62
0 13 11 1575 35
13 13 18 1442 85
9 13 2 1575 60
14 13 5 1440 29
15 13 2 1635 2
1 17 5 1526 91
5 14 14 1479 82
10 18 5 1617 2
10 19 2 1637 27
8 13 12 1562 44
7 12 7 1545 72
0 14 16 1610 83
6 10 4 1467 53
16 17 3 1549 15
6 11 15 1520 35
3 12 12 1606 8
18 11 8 1637 59
0 15 13 1693 25
18 12 2 1696 52
1 18 12 1617 74
16 18 17 1564 8
9 14 4 1635 51
12 14 8 1696 35
16 19 18 1572 58
1 19 7 1691 38
2 14 12 1691 83
6 12 7 1729 11
3 13 2 1748 14
18 13 15 1748 1
0 16 19 1718 48
18 14 19 1766 39
9 15 8 1731 51
12 15 18 1731 44
2 15 11 1774 79
7 13 5 1619 34
3 14 15 1762 34
9 16 13 1782 98
14 14 12 1774 5
17 13 18 1775 71
17 14 1 1846 13
17 15 0 1859 73
5 15 10 1575 9
3 15 11 1853 20
2 16 6 1853 79
3 16 8 1873 58
8 14 5 1653 80
7 14 4 1686 45
0 17 15 1796 51
6 13 10 1740 68
6 14 3 1808 98
3 17 17 1931 32
5 16 9 1584 82
7 15 17 1963 26
9 17 5 1880 26
11 13 7 1740 57
9 18 3 1906 92
14 15 13 1880 62
15 14 11 1873 88
5 17 11 1961 35
12 16 5 1906 50
11 14 14 1797 16
18 15 6 1932 85
0 18 1 1859 58
18 16 5 2017 62
17 16 5 2079 44
17 17 10 2123 15
17 18 13 2138 19
7 16 3 1998 79
8 15 18 1846 70
15 15 19 1961 80
14 16 15 1942 96
3 18 16 1963 56
2 17 9 1932 92
12 17 0 1956 75
13 14 15 2038 91
15 16 14 2041 37
14 17 7 2038 7
2 18 2 2024 44
13 15 0 2129 98
0 19 6 2017 99
6 15 19 2041 56
18 17 3 2079 34
13 16 6 2227 35
9 19 1 1998 66
14 18 18 2045 73
15 17 6 2262 58
8 16 9 2024 95
7 17 19 2097 28
3 19 0 2227 74
11 15 12 1813 17
12 18 9 2119 63
11 16 5 2123 70
13 17 7 2262 55
8 17 14 2119 70
15 18 1 2320 20
2 19 0 2301 78
6 16 1 2340 37
8 18 6 2320 9
7 18 12 2125 88
18 18 11 2113 77
13 18 9 2317 84
18 19 13 2190 74
12 19 7 2317 4
7 19 8 2213 19
14 19 11 2190 39
17 19 11 2229 95
5 18 18 2118 83
13 19 3 2401 93
8 19 15 2329 49
5 19 4 2201 51
6 17 11 2377 57
15 19 17 2340 45
6 18 9 2434 15
6 19 13 2449 83
11 17 18 2201 34
11 18 0 2379 42
11 19 8 2421 6
