3 0 1 0 55
9 0 11 0 33
13 0 17 0 82
16 0 14 0 91
4 0 13 0 81
9 1 19 33 84
10 0 0 0 17
16 1 8 91 41
10 1 17 82 26
11 0 0 17 66
14 0 12 0 25
5 0 5 0 64
14 1 10 25 32
17 0 8 132 69
19 0 4 0 91
6 0 10 57 49
12 0 16 0 35
15 0 7 0 29
15 1 1 55 98
1 0 4 91 75
7 0 4 166 4
6 1 3 106 59
0 0 10 106 84
10 2 1 153 54
6 2 12 165 91
5 1 7 64 7
1 1 19 166 48
5 2 15 71 94
12 1 13 81 75
18 0 16 35 90
19 1 8 201 17
10 3 18 207 25
4 1 16 125 68
18 1 4 170 16
5 3 19 214 29
18 2 15 186 68
14 2 16 193 41
0 1 9 190 45
12 2 4 186 99
7 1 14 170 20
0 2 16 235 53
8 0 8 218 58
8 1 4 285 25
10 4 13 232 92
19 2 2 218 75
7 2 18 232 23
14 3 5 234 14
2 0 10 190 49
1 2 5 248 6
1 3 6 254 32
8 2 7 310 34
15 2 4 310 41
17 1 9 235 78
0 3 18 288 48
17 2 15 313 61
7 3 3 255 33
7 4 16 288 65
5 4 17 243 77
14 4 9 313 67
16 2 18 336 47
10 5 12 324 34
12 3 19 285 72
2 1 3 288 26
14 5 0 380 25
12 4 18 383 92
7 5 7 353 44
8 3 5 344 89
2 2 14 314 35
2 3 0 405 64
1 4 2 293 68
11 1 10 239 79
1 5 7 397 23
8 4 9 433 54
9 2 12 358 75
8 5 19 487 89
15 3 13 351 87
5 5 4 351 75
2 4 16 469 55
16 3 17 383 61
11 2 5 433 74
7 6 9 487 57
9 3 4 433 66
16 4 15 444 66
8 6 3 576 12
16 5 19 576 31
16 6 3 607 92
1 6 16 524 44
19 3 14 349 7
18 3 14 356 32
2 5 1 524 78
4 2 18 475 2
19 4 15 510 44
12 5 6 475 90
0 4 17 444 9
4 3 10 477 69
0 5 5 507 9
18 4 8 388 96
13 1 13 438 74
4 4 15 554 38
19 5 6 565 10
12 6 10 565 26
18 5 7 484 7
13 2 4 512 40
4 5 4 592 7
19 6 13 575 32
12 7 5 591 91
8 7 0 588 51
0 6 14 516 39
10 6 6 575 47
2 6 2 602 72
9 4 18 499 49
3 1 8 484 58
2 7 5 682 83
9 5 6 622 77
17 3 7 491 52
13 3 12 552 33
0 7 2 674 79
11 3 8 542 67
13 4 7 585 9
11 4 2 753 72
11 5 1 825 22
8 8 13 639 74
11 6 15 847 50
19 7 17 607 78
19 8 12 685 9
8 9 14 713 78
0 8 13 753 83
19 9 9 694 69
19 10 7 763 45
8 10 11 791 4
0 9 19 836 50
10 7 7 808 80
2 8 7 888 59
9 6 8 699 87
3 2 17 685 37
9 7 13 836 44
17 4 5 765 40
13 5 0 639 33
13 6 11 795 26
13 7 3 821 44
3 3 11 821 32
5 6 12 694 50
16 7 12 744 42
14 6 6 699 94
15 4 16 568 52
3 4 0 853 31
7 7 10 591 20
4 6 14 791 81
7 8 17 722 93
18 6 18 548 42
12 8 9 763 70
16 8 16 786 19
10 8 2 888 24
11 7 7 947 30
14 7 18 793 89
5 7 2 912 78
14 8 1 882 21
17 5 1 903 71
19 11 5 808 87
6 3 8 786 59
12 9 17 833 82
15 5 12 786 9
15 6 9 833 22
1 7 12 795 21
11 8 18 977 47
1 8 9 855 42
8 11 17 915 72
16 9 0 884 98
18 7 19 886 52
17 6 0 982 40
19 12 3 895 90
6 4 9 897 25
12 10 1 974 13
9 8 15 897 37
3 5 10 884 65
9 9 2 990 67
17 7 18 1024 61
4 7 5 895 79
19 13 1 987 50
9 10 0 1057 33
3 6 12 949 65
7 9 11 853 23
8 12 16 987 81
2 9 15 947 16
2 10 17 987 92
1 9 11 897 13
11 9 3 1024 75
1 10 8 910 74
8 13 10 1068 92
15 7 3 1099 2
1 11 13 984 31
6 5 16 1068 44
0 10 12 1014 24
6 6 19 1112 50
12 11 12 1038 45
2 11 13 1079 68
10 9 5 974 92
1 12 14 1015 62
12 12 14 1083 82
9 11 1 1090 75
8 14 1 1165 69
11 10 12 1099 43
13 8 2 1057 18
2 12 19 1162 64
17 8 14 1165 93
11 11 13 1147 44
11 12 9 1191 71
10 10 15 1066 75
15 8 14 1258 79
18 8 12 1142 38
10 11 10 1160 68
14 9 2 1075 98
11 13 17 1262 61
8 15 2 1234 35
15 9 18 1337 73
7 10 15 1141 18
7 11 0 1159 8
4 8 19 1226 76
2 13 4 1226 4
6 7 6 1162 41
3 7 5 1066 85
4 9 2 1302 94
18 9 5 1180 68
18 10 6 1248 72
5 8 3 1101 57
12 13 8 1165 58
17 9 2 1396 37
5 9 18 1410 29
14 10 15 1173 92
9 12 3 1165 65
11 14 19 1323 54
13 9 8 1223 73
13 10 16 1296 41
13 11 18 1439 96
3 8 13 1191 50
5 10 8 1439 66
16 10 2 1433 36
14 11 11 1265 72
15 10 0 1410 16
3 9 4 1241 94
7 12 5 1248 72
4 10 17 1396 65
7 13 6 1320 54
18 11 9 1320 78
12 14 15 1265 38
16 11 1 1469 29
10 12 11 1337 84
11 15 11 1421 99
14 12 14 1337 57
5 11 13 1505 93
14 13 3 1394 4
17 10 6 1433 32
19 14 0 1426 42
6 8 13 1598 33
12 15 11 1520 19
15 11 10 1426 22
15 12 5 1448 97
16 12 13 1631 8
18 12 1 1498 10
0 11 3 1398 49
13 12 1 1535 39
19 15 11 1539 2
19 16 19 1541 21
0 12 8 1505 81
10 13 9 1421 72
2 14 11 1541 76
9 13 17 1461 44
1 13 3 1447 91
11 16 16 1520 11
1 14 1 1574 65
15 13 17 1545 13
1 15 15 1639 66
6 9 11 1631 89
0 13 4 1586 5
6 10 17 1720 79
5 12 0 1598 74
12 16 3 1539 66
17 11 12 1465 48
8 16 12 1513 25
0 14 1 1639 70
10 14 19 1562 84
2 15 12 1617 82
9 14 16 1531 66
3 10 6 1465 37
9 15 10 1597 45
17 12 17 1799 7
13 13 6 1574 91
13 14 14 1665 89
13 15 15 1754 11
3 11 3 1605 20
5 13 9 1672 73
16 13 5 1639 25
14 14 8 1586 1
15 14 8 1587 19
3 12 15 1765 94
7 14 19 1646 18
4 11 0 1672 11
7 15 13 1664 93
18 13 2 1508 61
12 17 0 1683 23
16 14 10 1664 5
10 15 16 1646 94
11 17 6 1665 97
14 15 7 1587 2
5 14 14 1754 80
14 16 13 1757 84
17 13 4 1806 37
19 17 10 1669 62
6 11 0 1799 3
12 18 7 1706 49
15 15 2 1606 13
15 16 19 1664 50
1 16 18 1705 26
11 18 14 1834 75
1 17 17 1806 96
8 17 6 1762 35
16 15 11 1720 90
18 14 13 1841 40
17 14 10 1843 69
19 18 18 1731 93
6 12 14 1909 54
12 19 2 1755 19
9 16 5 1664 93
3 13 7 1859 20
17 15 19 1912 4
4 12 6 1797 98
19 19 16 1824 88
3 14 16 1912 31
7 16 12 1757 43
8 18 18 1824 10
2 16 9 1745 70
2 17 18 1834 75
1 18 0 1902 97
11 19 4 1909 81
1 19 10 1999 51
8 19 15 1859 33
15 17 6 1895 43
6 13 18 1963 82
0 15 15 1892 89
6 14 1 2045 63
2 18 8 1909 65
10 16 4 1990 69
4 13 7 1895 38
2 19 6 1974 31
6 15 4 2108 31
3 15 14 1963 30
4 14 3 1933 95
18 15 3 2028 31
18 16 0 2059 81
5 15 10 2050 8
17 16 11 1916 79
5 16 11 2058 26
14 17 19 1916 91
3 16 9 1993 49
9 17 9 2042 98
17 17 13 1995 81
3 17 2 2042 8
5 17 6 2084 87
14 18 17 2007 42
15 18 15 1981 91
6 16 15 2139 15
18 17 11 2140 69
17 18 16 2076 10
6 17 5 2154 2
0 16 0 2140 91
10 17 14 2059 96
9 18 7 2140 22
3 18 19 2050 22
9 19 14 2162 67
13 16 10 2058 1
3 19 18 2072 47
16 16 9 2140 62
0 17 6 2231 25
13 17 19 2072 2
0 18 11 2256 80
10 18 3 2155 34
17 19 3 2189 75
13 18 5 2156 69
13 19 9 2225 10
5 18 1 2171 69
7 17 1 2240 18
4 15 1 2258 93
7 18 8 2258 56
18 18 17 2209 84
10 19 8 2314 29
14 19 4 2139 85
5 19 16 2240 85
6 18 7 2162 67
15 19 11 2336 34
18 19 10 2293 27
6 19 2 2229 71
0 19 7 2336 36
4 16 9 2351 9
7 19 2 2314 21
4 17 12 2360 21
4 18 11 2381 17
16 17 7 2372 63
16 18 6 2435 17
4 19 8 2398 79
16 19 4 2452 23
