1 0 18 0 61
10 0 17 0 7
3 0 2 0 3
17 0 19 0 52
17 1 4 52 76
3 1 19 52 13
5 0 6 0 11
7 0 18 61 19
12 0 7 0 45
18 0 19 65 74
19 0 11 0 15
3 2 5 65 67
11 0 10 0 20
18 1 3 139 34
7 1 17 80 64
11 1 14 20 50
12 1 19 139 73
5 1 12 11 14
5 2 13 25 90
18 2 15 173 68
18 3 4 241 37
5 3 8 115 74
2 0 10 20 86
2 1 7 106 53
9 0 7 159 61
14 0 11 15 16
15 0 12 25 5
3 3 16 132 13
7 2 0 144 94
3 4 11 145 63
8 0 15 241 61
2 2 4 278 59
3 5 15 302 88
14 1 3 173 62
17 2 6 128 79
4 0 12 30 29
16 0 9 0 3
19 1 17 144 92
6 0 11 208 97
17 3 1 207 63
11 2 12 70 72
11 3 9 142 90
14 2 5 235 3
10 1 13 115 86
16 1 5 238 99
10 2 18 201 79
4 1 15 390 74
11 4 2 232 25
15 1 8 189 73
15 2 16 262 54
14 3 19 238 30
15 3 0 316 81
17 4 14 270 52
17 5 2 322 23
16 2 19 337 81
14 4 10 268 16
17 6 0 397 35
9 1 18 280 90
8 1 11 305 66
12 2 1 270 50
13 0 17 236 67
1 1 13 201 56
9 2 4 370 37
1 2 8 262 60
9 3 19 418 86
10 3 14 322 67
19 2 13 257 41
12 3 10 320 58
12 4 11 378 94
7 3 7 238 4
9 4 12 504 15
16 3 7 418 93
3 6 13 390 68
16 4 11 511 82
9 5 9 519 19
9 6 13 538 62
6 1 15 464 63
10 4 19 504 85
17 7 18 432 22
3 7 4 458 21
18 4 7 511 26
4 2 2 464 89
6 2 17 527 11
10 5 1 589 68
18 5 12 537 48
4 3 3 553 18
7 4 4 479 81
0 0 18 454 84
6 3 7 538 71
5 4 14 389 67
18 6 13 600 29
15 4 18 538 26
8 2 12 585 62
4 4 11 593 38
8 3 7 647 70
9 7 5 600 82
2 3 17 538 12
6 4 18 609 1
1 3 3 571 78
17 8 7 717 58
16 5 12 647 17
3 8 0 479 21
16 6 16 664 1
13 1 11 631 46
19 3 4 560 63
7 5 12 664 5
0 1 15 538 9
6 5 9 610 63
9 8 2 682 86
7 6 1 669 72
0 2 6 547 34
6 6 12 673 70
9 9 15 768 59
19 4 3 649 87
2 4 14 550 34
17 9 10 775 13
2 5 0 584 27
0 3 8 581 62
19 5 15 827 67
13 2 13 677 9
2 6 8 643 2
7 7 10 788 30
11 5 0 611 24
12 5 14 584 90
10 6 6 657 94
15 5 13 686 36
12 6 8 674 97
3 9 8 771 86
5 5 0 635 91
6 7 4 743 33
10 7 11 751 61
18 7 16 665 24
10 8 12 812 47
18 8 18 689 60
18 9 14 749 98
5 6 5 726 70
6 8 16 776 74
7 8 2 818 2
4 5 7 775 75
0 4 14 847 11
5 7 11 812 8
15 6 7 850 35
8 4 1 741 59
4 6 10 850 18
14 5 1 800 40
8 5 0 800 80
17 10 3 788 26
16 7 14 858 1
14 6 17 840 62
19 6 18 894 77
13 3 1 840 40
7 9 15 894 16
11 6 19 635 43
12 7 9 771 42
10 9 4 859 49
15 7 19 885 56
12 8 4 908 36
3 10 17 902 7
5 8 7 885 7
6 9 1 880 76
10 10 15 910 50
10 11 0 960 55
5 9 2 892 49
6 10 2 956 86
10 12 16 1015 3
0 5 12 859 60
5 10 19 941 13
15 8 4 944 62
17 11 12 919 68
17 12 15 987 84
9 10 10 868 92
12 9 5 944 72
13 4 2 1042 81
11 7 5 1016 4
11 8 4 1020 26
5 11 3 954 78
2 7 1 956 86
2 8 16 1042 85
9 11 14 960 89
14 7 7 902 96
15 9 9 1006 31
3 11 6 909 91
3 12 18 1000 8
2 9 5 1127 21
6 11 10 1042 87
11 9 13 1046 62
14 8 6 1000 75
16 8 13 1108 32
9 12 0 1049 82
12 10 12 1016 84
13 5 4 1123 97
1 4 1 1042 73
1 5 19 1115 12
19 7 12 1100 89
0 6 19 1127 43
2 10 3 1148 58
6 12 8 1129 9
10 13 3 1206 18
18 10 17 909 54
10 14 10 1224 79
18 11 5 1148 97
18 12 8 1245 19
5 12 1 1115 75
6 13 5 1245 18
10 15 8 1303 32
7 10 13 1140 38
4 7 17 963 15
0 7 11 1170 52
5 13 18 1190 80
15 10 17 1037 2
16 9 0 1140 36
3 13 10 1303 56
16 10 8 1335 30
13 6 7 1220 7
19 8 0 1189 65
15 11 5 1263 23
7 11 14 1178 93
0 8 7 1227 77
6 14 0 1263 51
9 13 16 1131 48
7 12 19 1271 15
0 9 4 1304 37
6 15 3 1314 27
9 14 1 1190 13
19 9 10 1359 17
17 13 9 1071 16
2 11 13 1206 70
0 10 9 1341 15
19 10 5 1376 24
13 7 0 1314 2
2 12 2 1276 55
11 10 7 1304 42
12 11 15 1100 33
10 16 2 1335 43
12 12 17 1133 44
3 14 9 1359 92
5 14 4 1341 31
6 16 14 1341 48
10 17 9 1451 97
18 13 0 1316 99
10 18 7 1548 53
11 11 11 1346 77
13 8 10 1376 69
0 11 16 1356 43
19 11 19 1400 67
2 13 15 1331 77
5 15 15 1408 22
15 12 11 1423 60
8 6 14 1389 82
4 8 9 1548 95
17 14 13 1276 28
14 9 13 1304 69
17 15 5 1400 28
9 15 6 1203 29
8 7 9 1643 2
12 13 13 1373 59
13 9 8 1445 9
12 14 3 1432 47
13 10 3 1479 17
1 6 14 1471 8
9 16 8 1454 28
5 16 10 1445 99
5 17 16 1544 66
14 10 2 1378 86
14 11 18 1464 90
5 18 9 1645 80
2 14 6 1408 15
2 15 18 1554 20
9 17 17 1482 45
14 12 0 1554 93
15 13 14 1483 12
3 15 3 1496 58
3 16 1 1554 94
8 8 18 1645 97
3 17 7 1648 54
14 13 15 1647 15
17 16 8 1482 54
4 9 16 1643 11
16 11 4 1372 62
19 12 9 1725 10
17 17 17 1536 76
11 12 3 1554 9
11 13 15 1662 61
14 14 12 1662 30
16 12 10 1544 90
4 10 0 1654 24
11 14 18 1742 19
12 15 6 1479 40
13 11 19 1496 81
12 16 2 1519 81
13 12 14 1577 81
1 7 16 1654 16
9 18 11 1527 84
14 15 8 1692 46
14 16 14 1738 50
19 13 2 1735 87
15 14 10 1634 88
12 17 18 1761 85
3 18 12 1702 57
6 17 6 1519 31
6 18 13 1550 45
15 15 3 1722 38
1 8 0 1678 12
13 13 6 1658 46
8 9 8 1742 76
0 12 10 1722 8
15 16 6 1760 95
1 9 2 1822 63
16 13 18 1846 20
13 14 9 1735 26
1 10 9 1885 31
13 15 5 1761 30
13 16 18 1866 88
19 14 7 1822 91
0 13 13 1730 5
0 14 3 1760 36
19 15 14 1913 58
2 16 19 1577 32
3 19 14 1971 87
8 10 13 1818 72
14 17 16 1788 29
17 18 16 1817 86
4 11 13 1890 4
16 14 1 1866 98
19 16 6 1971 52
17 19 11 1903 47
11 15 16 1903 69
11 16 1 1972 9
14 18 9 1916 9
4 12 4 1894 12
11 17 6 2023 60
15 17 15 1855 65
15 18 1 1981 86
14 19 4 1925 97
1 11 10 1916 62
9 19 3 1796 62
1 12 11 1978 97
10 19 5 1791 44
19 17 8 2023 26
12 18 0 1846 26
12 19 16 1972 28
7 13 5 1835 17
16 15 6 2083 3
16 16 3 2086 66
6 19 19 1609 76
18 14 2 1885 62
4 13 14 2058 17
18 15 11 2075 46
4 14 1 2075 34
7 14 6 2086 61
0 15 5 1852 56
5 19 17 1725 66
18 16 6 2147 25
15 19 2 2067 64
8 11 5 1908 90
4 15 19 2109 35
8 12 16 2000 74
2 17 12 1759 42
1 13 4 2075 53
16 17 17 2152 75
16 18 15 2227 79
13 17 16 2074 73
19 18 1 2109 33
7 15 3 2152 71
0 16 2 2131 46
7 16 9 2223 18
0 17 0 2177 51
8 13 3 2223 95
2 18 11 2121 17
19 19 16 2147 3
4 16 8 2144 62
0 18 1 2228 86
2 19 9 2241 38
0 19 17 2314 86
8 14 19 2318 41
8 15 4 2359 9
13 18 12 2147 44
1 14 5 2128 1
1 15 12 2191 3
16 19 2 2306 67
18 17 10 2172 53
18 18 9 2279 11
18 19 1 2314 4
1 16 6 2194 99
13 19 15 2306 99
8 16 10 2368 46
4 17 6 2293 90
11 18 17 2400 5
11 19 8 2405 54
7 17 8 2459 22
4 18 5 2383 48
8 17 6 2414 20
4 19 18 2431 21
8 18 17 2434 78
7 18 11 2481 17
8 19 2 2512 32
1 17 7 2293 65
1 18 15 2405 63
7 19 16 2498 20
1 19 17 2512 32
