8 0 7 0 76
3 0 0 0 60
11 0 5 0 63
20 0 14 0 84
16 0 0 60 2
24 0 14 84 81
1 0 6 0 19
14 0 7 76 35
18 0 12 0 31
22 0 8 0 10
8 1 13 76 72
20 1 5 84 82
12 0 8 10 90
7 0 5 166 53
22 1 9 10 39
21 0 12 31 46
26 0 11 0 98
21 1 11 98 29
20 2 7 166 16
4 0 6 19 49
1 1 4 19 24
8 2 12 148 42
28 0 8 100 92
25 0 7 182 39
13 0 4 43 87
5 0 5 219 59
7 1 2 219 74
19 0 0 62 96
18 1 4 130 79
27 0 14 165 59
12 1 0 158 90
0 0 3 0 99
25 1 14 224 6
11 1 0 248 73
9 0 6 68 18
1 2 2 293 65
19 1 7 221 1
13 1 9 130 47
23 0 12 190 70
3 1 13 148 16
28 1 7 222 21
1 3 3 358 16
28 2 10 243 53
1 4 14 374 94
28 3 14 468 64
8 3 5 278 17
20 3 1 182 61
25 2 4 230 59
2 0 4 289 54
11 2 9 321 82
21 2 6 127 50
4 1 1 243 52
7 2 1 295 93
7 3 4 388 26
12 2 7 248 77
21 3 8 192 12
7 4 9 414 54
19 2 3 374 75
5 1 6 278 65
9 1 7 325 79
12 3 4 414 33
2 1 2 358 62
29 0 2 420 51
17 0 5 295 6
6 0 11 127 10
23 1 8 260 63
18 2 3 449 87
21 4 13 204 72
5 2 12 343 85
13 2 13 276 58
20 4 10 296 43
16 1 7 404 26
6 1 13 334 7
29 1 12 471 70
17 1 6 343 79
18 3 13 536 79
3 2 4 447 79
2 2 10 420 93
8 4 10 513 27
11 3 11 403 84
25 3 0 321 34
21 5 10 540 18
6 2 1 388 22
16 2 12 541 17
26 1 12 558 85
4 2 10 558 46
7 5 13 615 89
5 3 3 536 40
10 0 10 604 52
24 1 11 487 97
6 3 6 422 36
14 1 14 532 32
16 3 14 564 18
16 4 3 582 60
24 2 8 584 65
13 3 12 643 34
4 3 4 604 50
15 0 13 704 18
18 4 11 615 57
1 5 5 468 9
21 6 1 558 79
27 1 8 649 68
4 4 8 717 1
24 3 4 654 60
9 2 14 582 93
26 2 4 714 51
20 5 6 458 75
24 4 10 714 15
1 6 7 477 60
23 2 6 533 68
28 4 5 532 59
25 4 12 677 34
13 4 6 677 29
19 3 11 672 42
25 5 10 729 32
2 3 5 591 78
11 4 12 711 15
21 7 7 637 73
4 5 5 718 14
7 6 8 718 82
7 7 10 800 66
12 4 3 642 31
21 8 14 710 23
19 4 10 866 45
5 4 0 576 23
9 3 1 675 71
2 4 12 726 59
29 2 13 722 94
17 2 7 710 65
6 4 4 765 31
23 3 9 601 97
18 5 6 706 48
21 9 9 733 1
5 5 4 796 39
13 5 2 706 83
20 6 9 734 28
16 5 2 789 39
29 3 3 816 80
17 3 4 835 58
18 6 5 754 33
3 3 1 746 84
8 5 9 762 56
11 5 6 754 54
16 6 8 828 23
26 3 14 765 9
4 6 2 828 2
5 6 2 835 99
10 1 0 656 61
24 5 5 787 29
14 2 11 714 30
24 6 3 896 9
13 6 7 789 24
15 1 12 785 92
1 7 13 816 32
27 2 7 813 3
9 4 9 818 48
26 4 13 848 24
20 7 3 905 15
1 8 9 866 59
23 4 11 744 86
28 5 12 877 79
13 7 1 830 48
27 3 1 878 8
0 1 10 911 43
8 6 0 818 78
12 5 1 886 26
22 2 11 830 49
26 5 1 912 7
20 8 12 956 19
25 6 8 851 12
19 5 1 919 51
27 4 0 896 2
9 5 11 879 23
3 4 14 830 84
29 4 0 898 35
11 6 10 954 52
3 5 9 925 42
8 7 11 902 5
2 5 13 872 71
11 7 14 1006 52
21 10 4 893 58
26 6 5 919 59
18 7 0 933 42
5 7 8 934 46
10 2 3 920 45
6 5 12 975 75
14 3 2 934 93
7 8 11 907 37
5 8 1 980 17
10 3 4 965 60
24 7 2 1027 80
6 6 14 1058 57
14 4 10 1027 58
16 7 11 944 95
16 8 13 1039 81
24 8 6 1107 78
13 8 11 1039 97
4 7 9 967 56
15 2 4 1025 62
18 8 10 1085 93
1 9 0 975 85
21 11 3 965 1
4 8 7 1023 64
24 9 9 1185 85
9 6 3 966 20
26 7 8 980 98
20 9 0 1060 93
23 5 5 978 81
28 6 9 1270 52
25 7 5 1059 7
13 9 10 1178 89
19 6 8 1078 10
2 6 3 986 49
21 12 2 1107 95
7 9 3 1035 63
21 13 0 1202 25
5 9 13 1120 94
9 7 5 1066 90
2 7 11 1136 88
29 5 14 1115 56
17 4 12 1050 94
23 6 2 1202 38
18 9 1 1178 86
29 6 6 1185 8
17 5 9 1322 45
3 6 12 1144 59
26 8 0 1227 50
20 10 11 1224 22
16 9 9 1367 56
29 7 5 1193 94
13 10 8 1267 84
14 5 12 1203 28
28 7 2 1322 14
27 5 6 1193 9
0 2 14 1171 6
8 8 8 1351 72
14 6 1 1264 88
0 3 1 1352 99
22 3 3 1098 56
12 6 13 1214 14
21 14 5 1287 71
22 4 4 1154 71
26 9 7 1277 98
10 4 5 1358 15
24 10 12 1270 95
15 3 11 1246 59
1 10 11 1305 9
19 7 12 1365 58
27 6 9 1423 69
12 7 5 1373 75
0 4 5 1451 23
11 8 8 1423 36
9 8 10 1267 94
22 5 13 1228 40
0 5 8 1474 98
18 10 2 1336 54
5 10 11 1314 6
6 7 0 1277 49
16 10 4 1423 34
4 9 0 1326 51
15 4 1 1451 3
18 11 9 1492 32
27 7 12 1492 14
14 7 3 1352 16
24 11 13 1365 85
20 11 13 1450 1
24 12 0 1450 91
1 11 12 1506 36
23 7 7 1375 7
28 8 11 1336 61
25 8 3 1368 35
13 11 14 1351 82
19 8 5 1474 71
25 9 1 1454 4
2 8 9 1524 40
11 9 4 1459 21
4 10 13 1451 75
7 10 7 1382 71
7 11 0 1541 17
12 8 6 1448 92
19 9 6 1545 92
5 11 9 1564 67
9 9 2 1390 87
2 9 7 1564 13
29 8 10 1361 11
17 6 11 1397 80
6 8 10 1372 44
23 8 14 1433 53
18 12 7 1577 8
5 12 14 1631 69
13 12 0 1558 53
20 12 4 1480 62
16 11 1 1458 8
29 9 11 1477 3
17 7 3 1477 3
18 13 8 1585 16
3 7 3 1480 14
8 9 4 1542 19
11 10 7 1585 45
16 12 5 1545 47
26 10 10 1416 64
4 11 11 1526 28
28 9 1 1466 86
27 8 5 1592 72
0 6 4 1572 84
8 10 2 1561 90
14 8 13 1526 98
0 7 11 1656 24
22 6 10 1480 90
12 9 12 1542 70
22 7 2 1651 28
26 11 9 1631 31
10 5 11 1680 74
24 13 1 1552 28
14 9 9 1662 4
24 14 7 1630 92
13 13 5 1664 99
15 5 0 1611 94
1 12 8 1601 22
19 10 2 1679 23
27 9 10 1664 84
12 10 11 1754 55
0 8 13 1680 30
11 11 3 1630 41
9 10 8 1623 6
22 8 0 1705 89
0 9 12 1710 53
18 14 14 1700 63
5 13 7 1722 86
10 6 7 1808 49
6 9 8 1629 21
16 13 6 1637 72
4 12 3 1671 9
15 6 10 1748 34
27 10 4 1748 69
17 8 10 1782 29
22 9 12 1794 42
7 12 6 1709 58
23 9 0 1794 48
13 14 3 1763 10
0 10 2 1763 34
3 8 8 1650 74
16 14 10 1811 56
2 10 8 1724 17
23 10 4 1842 43
28 10 3 1773 82
25 10 6 1767 53
19 11 14 1763 18
25 11 9 1820 69
2 11 6 1820 88
11 12 13 1710 21
4 13 14 1781 37
7 13 12 1836 4
7 14 14 1840 46
12 11 9 1889 56
19 12 9 1945 63
5 14 10 1867 8
9 11 0 1842 36
2 12 14 1908 47
29 10 8 1741 60
17 9 8 1811 80
6 10 5 1763 77
23 11 1 1885 59
3 9 5 1840 60
8 11 1 1944 46
26 12 2 1797 31
10 7 12 1857 26
14 10 4 1885 82
15 7 6 1908 56
2 13 1 1990 30
10 8 13 1883 94
15 8 5 1964 24
6 11 7 1857 70
14 11 8 1967 98
26 13 6 1964 29
22 10 5 1988 9
20 13 2 1828 9
29 11 9 2008 73
17 10 1 2020 27
3 10 2 1900 98
8 12 14 1990 43
11 13 1 2047 97
26 14 3 1993 1
4 14 12 1883 6
10 9 14 2033 54
14 12 5 2065 26
15 9 9 2081 18
27 11 13 1977 54
9 12 13 2031 84
20 14 8 2065 5
23 12 3 1994 88
28 11 0 1878 98
27 12 11 2031 45
0 11 9 2099 95
8 13 6 2033 56
14 13 0 2091 29
0 12 7 2194 50
22 11 6 2089 92
12 12 2 1998 39
22 12 7 2244 52
10 10 8 2087 1
14 14 6 2181 77
15 10 2 2099 66
1 13 10 1875 25
19 13 13 2115 27
27 13 2 2165 59
12 13 14 2087 49
0 13 0 2244 48
11 14 2 2224 50
9 13 12 2115 25
22 13 1 2296 6
0 14 6 2292 38
10 11 1 2302 58
6 12 2 2274 64
15 11 7 2296 53
27 14 3 2224 7
17 11 0 2292 60
9 14 4 2140 83
1 14 1 2360 5
19 14 4 2223 63
23 13 13 2142 29
3 11 6 2330 17
28 12 13 2171 83
28 13 6 2347 24
28 14 4 2371 87
8 14 3 2231 17
25 12 2 2338 89
2 14 0 2352 56
12 14 10 2136 23
29 12 1 2365 26
17 12 2 2427 94
6 13 9 2338 46
23 14 10 2171 87
6 14 3 2384 69
29 13 7 2391 21
17 13 14 2521 14
3 12 10 2347 42
25 13 11 2427 3
10 12 6 2371 56
15 12 3 2453 30
25 14 13 2430 40
29 14 4 2458 45
17 14 13 2535 76
3 13 7 2412 31
10 13 2 2521 54
15 13 14 2535 41
3 14 11 2443 19
10 14 9 2575 72
15 14 8 2576 10
22 14 14 2576 20
