9 0 6 0 88
10 0 5 0 7
5 0 11 0 30
8 0 10 0 44
4 0 7 0 39
11 0 12 0 33
13 0 5 7 10
3 0 14 0 28
13 1 8 17 90
24 0 2 0 87
25 0 1 0 29
0 0 13 0 79
10 1 1 29 69
18 0 5 17 5
16 0 13 79 46
27 0 14 28 82
0 1 0 79 31
27 1 4 110 54
6 0 5 22 65
10 2 0 110 69
11 1 13 125 8
6 1 8 107 40
16 1 11 125 96
3 1 13 133 49
28 0 9 0 69
1 0 7 39 76
24 1 5 87 56
2 0 12 33 49
26 0 2 87 60
8 1 14 110 33
23 0 1 98 75
27 2 3 164 96
24 2 13 182 70
6 2 12 147 34
10 3 11 221 53
19 0 5 143 7
25 1 8 147 66
6 3 9 181 37
2 1 14 143 52
24 3 0 252 81
8 2 6 143 41
23 1 9 218 12
28 1 12 181 52
16 2 5 221 61
14 0 9 230 92
21 0 14 195 94
1 1 3 260 89
21 1 12 289 75
3 2 1 182 13
26 1 14 289 17
3 3 12 364 87
22 0 11 274 7
26 2 3 349 18
22 1 8 281 29
26 3 13 367 61
16 3 2 282 67
0 2 10 110 42
20 0 10 152 79
18 1 12 451 42
0 3 2 349 88
8 3 5 282 52
15 0 1 195 47
25 2 7 213 18
21 2 8 364 56
24 4 9 333 80
7 0 7 231 22
19 1 10 231 36
1 2 0 349 48
11 2 0 397 74
26 4 10 428 82
4 1 5 334 12
21 3 13 428 25
12 0 11 281 54
27 3 2 437 19
27 4 9 456 20
16 4 0 471 2
16 5 6 473 9
14 1 3 367 97
18 2 3 493 63
7 1 14 306 98
0 4 12 493 16
2 2 10 510 25
4 2 1 346 34
19 2 11 335 54
29 0 11 389 62
9 1 5 346 31
17 0 9 476 74
16 6 8 482 94
28 2 5 377 26
14 2 10 535 71
15 1 7 253 5
6 4 3 556 64
6 5 2 620 62
20 1 14 404 82
14 3 5 606 13
22 2 7 310 15
11 3 3 620 75
17 1 8 576 52
10 4 13 453 52
16 7 9 576 38
4 3 3 695 91
23 2 12 509 46
20 2 3 786 49
27 5 0 476 67
7 2 5 619 67
29 1 6 482 57
23 3 7 555 37
1 3 12 555 15
29 2 7 592 30
23 4 5 686 72
1 4 13 570 54
8 4 13 624 86
21 4 6 539 89
12 1 0 543 97
27 6 8 628 27
16 8 10 614 66
16 9 4 680 25
14 4 2 682 93
18 3 0 640 42
12 2 9 640 79
7 3 9 719 56
0 5 8 655 99
2 3 1 535 89
12 3 12 719 71
4 4 8 786 48
19 3 7 622 91
29 3 8 834 5
9 2 4 705 63
17 2 1 628 50
16 10 7 713 67
28 3 4 768 65
8 5 12 790 11
14 5 6 775 65
15 2 2 775 14
6 6 14 682 14
20 3 1 835 51
14 6 7 840 44
22 3 6 840 3
11 4 2 789 51
17 3 10 680 43
10 5 6 843 33
16 11 1 886 57
4 5 12 834 71
23 5 8 839 35
20 4 11 886 43
27 7 6 876 77
7 4 3 835 41
29 4 5 839 30
23 6 13 874 6
1 5 14 696 37
1 6 8 874 53
1 7 1 943 63
6 7 4 833 78
2 4 13 880 3
2 5 5 883 2
5 1 5 885 63
21 5 9 775 72
27 8 7 953 59
15 3 5 948 47
11 5 5 995 64
15 4 6 995 81
10 6 12 905 19
26 5 5 1059 72
8 6 3 876 60
4 6 2 905 45
2 6 3 936 40
13 2 13 883 14
13 3 10 897 72
11 6 10 1059 55
3 4 7 1012 62
22 4 0 843 62
17 4 3 976 93
28 4 2 950 89
22 5 9 905 53
17 5 2 1069 30
28 5 3 1069 51
13 4 14 969 30
21 6 5 1131 84
5 2 4 948 57
27 9 11 1012 87
18 4 13 897 28
3 5 0 1074 10
24 5 3 1120 58
9 3 3 1178 49
23 7 2 1099 32
22 6 13 958 92
0 6 5 1215 82
6 8 1 1006 1
10 7 7 1074 84
10 8 2 1158 12
25 3 14 999 55
11 7 11 1114 7
19 4 4 1005 98
21 7 2 1215 71
27 10 1 1099 40
15 5 9 1076 84
11 8 4 1121 81
15 6 10 1160 62
10 9 9 1170 36
26 6 12 1131 5
8 7 8 936 87
4 7 13 1050 98
2 7 11 1121 44
13 5 7 1158 77
13 6 9 1235 69
11 9 1 1202 82
3 6 4 1202 29
22 7 10 1222 1
17 6 6 1099 85
28 6 0 1120 79
22 8 12 1223 27
17 7 11 1184 75
28 7 13 1199 51
13 7 0 1304 56
21 8 7 1286 74
5 3 14 1054 36
27 11 13 1250 7
18 5 10 1223 40
3 7 5 1297 62
24 6 8 1178 75
9 4 12 1250 50
23 8 3 1227 50
22 9 5 1359 21
0 7 6 1297 53
6 9 13 1257 65
10 10 3 1277 85
25 4 10 1263 53
11 10 7 1360 70
6 10 7 1430 2
16 12 12 1300 79
13 8 12 1379 78
5 4 10 1316 72
19 5 6 1350 31
20 5 13 1322 16
15 7 8 1253 91
8 8 0 1360 13
9 5 14 1300 77
8 9 7 1432 40
7 5 1 1284 89
11 11 14 1430 33
29 5 14 1463 13
9 6 7 1472 6
7 6 4 1373 25
29 6 13 1476 39
2 8 6 1381 94
26 7 7 1478 92
28 8 8 1344 27
19 6 9 1381 33
22 10 2 1380 66
11 12 9 1463 84
17 8 0 1373 58
10 11 4 1398 74
4 8 0 1431 23
23 9 14 1476 33
20 6 9 1547 44
5 5 3 1388 54
27 12 12 1457 46
7 7 10 1398 94
29 7 3 1515 31
23 10 6 1509 14
1 8 10 1492 44
29 8 10 1546 16
19 7 0 1454 72
9 7 9 1591 80
28 9 7 1570 91
8 10 2 1472 62
15 8 14 1509 5
6 11 0 1526 67
20 7 12 1591 62
11 13 6 1547 37
10 12 10 1562 2
27 13 5 1503 32
2 9 2 1534 7
5 6 0 1593 69
21 9 10 1564 83
27 14 10 1647 84
26 8 1 1570 75
8 11 9 1671 47
3 8 3 1546 34
0 8 4 1472 29
25 5 3 1580 81
24 7 1 1645 48
3 9 2 1580 7
12 4 7 1661 70
29 9 1 1693 68
16 13 14 1514 74
16 14 3 1661 47
9 8 1 1761 20
18 6 7 1731 36
12 5 2 1731 84
7 8 12 1653 76
0 9 14 1588 49
2 10 4 1541 68
12 6 13 1815 28
4 9 4 1609 91
19 8 8 1526 21
29 10 12 1761 32
9 9 13 1843 30
17 9 7 1767 47
28 10 6 1661 23
8 12 4 1718 39
14 7 11 1259 46
15 9 11 1514 58
6 12 11 1593 56
20 8 6 1684 20
14 8 4 1757 71
8 13 11 1757 65
17 10 5 1814 70
24 8 12 1793 55
0 10 1 1781 9
20 9 8 1704 12
18 7 9 1767 49
0 11 11 1822 15
25 6 5 1884 47
21 10 3 1708 6
24 9 14 1848 92
7 9 2 1815 37
19 9 12 1848 61
1 9 4 1828 91
26 9 8 1716 91
7 10 6 1852 8
0 12 9 1837 92
2 11 7 1814 73
4 10 6 1860 90
19 10 2 1909 1
29 11 0 1793 83
9 10 11 1873 11
17 11 12 1909 42
28 11 10 1731 59
14 9 1 1828 69
15 10 4 1919 77
6 13 6 1950 75
20 10 0 1876 7
14 10 12 1951 26
22 11 14 1940 92
11 14 8 1807 48
17 12 13 1951 62
10 13 8 1855 97
4 11 10 1950 41
23 11 0 1883 34
20 11 5 1931 1
5 7 9 1929 9
7 11 13 2013 84
29 12 2 1910 4
13 9 2 1914 55
5 8 7 1938 53
19 11 3 1910 30
20 12 2 1969 64
15 11 12 1996 55
8 14 1 1897 77
9 11 8 1952 41
7 12 11 2097 73
29 13 9 1938 27
9 12 2 2033 43
29 14 4 1996 27
2 12 8 1993 73
26 10 0 1917 89
28 12 1 1974 99
19 12 1 2073 85
17 13 14 2032 58
24 10 6 2025 9
20 13 7 2033 21
18 8 6 2034 65
25 7 6 2099 86
21 11 1 2158 69
24 11 4 2034 16
19 13 13 2158 79
1 10 11 2170 13
26 11 11 2183 35
2 13 0 2066 30
4 12 11 2218 90
19 14 14 2237 32
9 13 0 2096 74
17 14 4 2090 81
28 13 11 2308 51
14 11 13 2237 18
15 12 0 2170 49
6 14 10 2025 26
20 14 4 2171 37
14 12 14 2269 31
22 12 1 2227 19
10 14 14 2300 52
4 13 14 2352 54
23 12 10 2051 93
5 9 12 2051 72
12 7 8 2066 14
14 13 8 2300 10
18 9 14 2406 6
12 8 5 2080 20
2 14 9 2096 14
12 9 4 2208 99
1 11 2 2183 73
5 10 6 2185 68
21 12 4 2307 87
3 10 6 2253 47
25 8 4 2394 33
15 13 3 2219 5
26 12 4 2427 53
13 10 6 2300 98
13 11 4 2480 91
3 11 8 2310 40
22 13 4 2571 22
25 9 12 2427 30
21 13 11 2394 19
24 12 10 2144 41
1 12 6 2398 42
4 14 9 2406 87
12 10 3 2307 6
14 14 0 2310 47
18 10 1 2412 14
28 14 14 2412 70
5 11 2 2256 33
18 11 4 2593 20
3 12 11 2413 57
24 13 11 2470 71
9 14 10 2185 73
23 13 11 2541 83
22 14 3 2593 48
0 13 3 2641 73
25 10 13 2457 75
13 12 11 2624 27
5 12 13 2532 61
15 14 13 2593 5
7 13 0 2357 65
7 14 8 2422 74
26 13 6 2480 68
24 14 7 2541 63
0 14 7 2714 98
18 12 2 2613 85
25 11 11 2651 73
21 14 0 2422 68
1 13 9 2493 99
26 14 9 2592 85
12 11 1 2426 30
23 14 4 2624 11
5 13 8 2593 12
3 13 10 2470 80
1 14 5 2592 41
25 12 0 2724 27
3 14 9 2677 86
18 13 8 2698 41
25 13 2 2751 51
12 12 14 2482 51
18 14 11 2739 70
12 13 6 2548 68
12 14 10 2616 41
5 14 1 2605 89
13 13 3 2714 36
13 14 1 2750 86
25 14 9 2802 67
