17 0 2 0 64
2 0 12 0 59
1 0 12 59 7
1 1 8 66 42
21 0 7 0 60
6 0 11 0 49
4 0 6 0 71
11 0 5 0 71
6 1 12 66 65
14 0 4 0 93
22 0 6 71 56
28 0 4 93 54
9 0 0 0 28
1 2 14 108 84
2 1 0 59 7
7 0 3 0 35
6 2 1 131 26
20 0 1 157 62
25 0 3 35 14
4 1 5 71 53
26 0 11 49 68
13 0 5 124 56
23 0 4 147 32
5 0 7 60 48
18 0 5 180 77
12 0 14 192 90
4 2 7 124 36
17 1 0 66 48
15 0 2 64 36
24 0 7 160 53
27 0 0 114 9
20 1 6 219 84
19 0 13 0 68
16 0 6 303 84
20 2 14 303 58
27 1 9 123 24
15 1 5 257 18
24 1 2 213 1
14 1 9 147 18
29 0 14 361 16
21 1 11 117 17
5 1 11 134 88
19 1 8 108 15
2 2 3 66 85
22 1 7 213 40
15 2 12 275 36
29 1 6 387 79
26 1 12 311 10
13 1 2 214 49
0 0 10 0 36
20 3 3 361 36
26 2 0 321 55
15 3 4 311 34
0 1 11 222 32
1 3 3 397 76
28 1 2 263 19
22 2 12 321 32
23 1 6 466 56
24 2 10 214 92
8 0 9 165 83
18 1 6 522 13
6 3 7 253 72
3 0 14 377 16
2 3 13 151 57
5 2 12 353 68
27 2 8 147 22
4 3 4 345 63
0 2 9 254 40
11 1 2 282 59
24 3 9 306 65
8 1 2 341 93
14 2 0 376 25
3 1 3 473 3
5 3 9 421 6
28 2 7 325 72
11 2 8 341 99
26 3 13 376 30
19 2 11 254 97
28 3 11 397 38
27 3 12 421 40
15 4 1 345 64
5 4 8 440 63
21 2 0 401 89
16 1 10 387 79
21 3 10 490 87
19 3 7 397 85
23 2 1 522 22
12 1 5 282 79
26 4 6 535 26
0 3 8 503 47
15 5 7 482 80
0 4 1 550 87
9 1 7 562 94
25 1 4 408 67
27 4 3 476 47
3 2 7 656 97
8 2 3 523 86
18 2 8 550 55
2 4 14 393 98
10 0 2 434 20
15 6 6 562 87
13 2 14 491 93
5 5 2 503 25
25 2 12 475 84
6 4 14 584 60
15 7 14 649 40
10 1 12 559 62
18 3 0 605 15
12 2 0 620 48
5 6 3 609 28
22 3 13 406 37
17 2 4 475 82
23 3 10 577 95
17 3 10 672 1
17 4 3 673 11
29 2 2 528 53
8 3 13 609 62
28 4 6 649 18
15 8 3 689 39
9 2 3 728 6
20 4 12 621 63
8 4 10 673 18
26 5 2 581 17
5 7 5 637 67
12 3 3 734 66
8 5 14 691 70
22 4 11 443 37
8 6 12 761 67
1 4 1 637 44
10 2 0 668 37
7 1 9 427 28
16 2 1 681 63
25 3 0 705 31
29 3 8 605 98
4 4 9 455 16
13 3 6 667 11
18 4 10 691 72
2 5 10 763 71
16 3 8 744 15
0 5 7 753 55
1 5 7 808 66
28 5 3 800 84
17 5 5 704 19
3 3 2 753 27
18 5 11 763 20
14 3 6 678 69
23 4 12 828 55
17 6 7 874 27
19 4 9 482 81
21 4 1 744 52
12 4 7 901 86
9 3 14 761 66
7 2 11 783 88
14 4 1 796 65
23 5 9 883 20
17 7 12 901 93
29 4 10 834 8
15 9 8 759 63
20 5 10 842 69
20 6 7 987 10
8 7 1 861 66
26 6 1 927 4
16 4 12 994 73
19 5 10 911 53
13 4 12 1067 5
5 8 4 704 62
25 4 7 997 61
11 3 6 747 70
23 6 14 903 46
18 6 13 783 71
10 3 4 766 71
7 3 14 949 58
10 4 14 1007 19
18 7 14 1026 45
2 6 2 834 61
16 5 2 1067 1
25 5 11 1058 63
0 6 6 817 77
1 6 13 874 47
28 6 1 931 71
3 4 6 894 97
18 8 7 1071 39
29 5 4 842 20
4 5 3 884 35
14 5 10 964 40
9 4 4 862 79
24 4 5 723 10
27 5 14 1071 73
19 6 3 964 49
21 5 2 1068 80
26 7 9 931 98
28 7 10 1004 80
1 7 6 991 72
20 7 13 997 51
12 5 1 1002 87
17 8 14 1144 42
5 9 1 1089 53
0 7 2 1148 27
1 8 10 1084 24
3 5 5 991 93
11 4 4 941 27
4 6 13 1048 27
13 5 4 1072 32
29 6 11 1121 2
25 6 10 1121 24
11 5 12 1072 54
28 8 8 1084 46
15 10 13 1075 42
0 8 5 1175 89
11 6 9 1126 82
6 5 6 1063 15
14 6 13 1117 85
22 5 3 1013 12
28 9 9 1208 25
9 5 8 1130 71
2 7 6 1078 98
7 4 2 1175 87
6 6 3 1078 70
20 8 5 1264 34
25 7 2 1262 51
4 7 10 1145 36
26 8 5 1298 55
13 6 10 1181 19
23 7 7 1110 8
14 7 3 1202 19
22 6 8 1201 11
9 6 13 1202 35
2 8 9 1233 3
7 5 13 1262 18
6 7 5 1353 26
20 9 0 1298 27
25 8 13 1313 22
4 8 1 1181 79
26 9 7 1353 45
13 7 9 1236 96
23 8 11 1123 68
5 10 10 1200 51
18 9 2 1313 61
12 6 4 1104 3
4 9 0 1325 92
15 11 10 1251 74
24 5 3 1221 92
27 6 10 1325 72
19 7 14 1186 70
22 7 1 1260 36
1 9 5 1379 68
10 5 10 1397 63
7 6 12 1280 5
16 6 11 1191 58
29 7 13 1335 64
4 10 14 1417 23
13 8 3 1332 7
2 9 1 1296 61
16 7 9 1332 27
1 10 4 1447 5
28 10 13 1399 29
17 9 13 1428 83
3 6 10 1460 19
14 8 2 1374 88
23 9 0 1417 49
18 10 12 1374 73
6 8 8 1379 71
3 7 8 1479 9
2 10 11 1357 12
27 7 7 1398 70
0 9 13 1511 72
25 9 5 1447 33
4 11 11 1440 60
26 10 3 1398 27
13 9 8 1488 80
23 10 5 1480 86
5 11 0 1466 65
18 11 1 1447 93
12 7 8 1568 49
4 12 8 1617 49
17 10 11 1511 12
15 12 9 1359 34
24 6 1 1540 92
27 8 2 1468 66
20 10 4 1452 19
19 8 4 1471 96
16 8 14 1440 67
20 11 11 1523 98
27 9 1 1632 19
15 13 0 1531 87
24 7 13 1632 48
14 9 12 1462 78
29 8 12 1540 61
21 6 5 1566 17
5 12 6 1531 97
19 9 12 1601 65
2 11 4 1567 44
22 8 10 1479 85
29 9 7 1601 78
26 11 10 1564 76
13 10 13 1680 96
0 10 4 1611 93
20 12 9 1621 21
16 9 5 1583 81
7 7 10 1640 74
22 9 9 1642 89
9 7 2 1534 57
7 8 6 1714 43
6 9 9 1731 48
20 13 2 1642 16
25 10 8 1666 54
4 13 12 1666 52
26 12 4 1704 96
13 11 7 1776 17
23 11 3 1566 92
5 13 13 1776 15
18 12 4 1800 34
12 8 2 1658 84
15 14 11 1621 49
24 8 11 1680 39
27 10 6 1757 3
19 10 1 1666 72
22 10 0 1731 85
10 6 8 1720 90
7 9 7 1793 28
16 10 0 1816 18
29 10 3 1679 91
13 12 1 1793 22
16 11 7 1834 35
17 11 9 1779 37
3 8 11 1719 70
14 10 5 1664 35
28 11 0 1834 57
17 12 8 1816 55
3 9 1 1815 19
14 11 11 1789 53
23 12 13 1791 25
3 10 0 1891 92
26 13 14 1800 65
0 11 14 1865 15
1 11 2 1742 35
28 12 12 1891 92
22 11 5 1816 32
23 13 8 1871 24
24 9 8 1895 53
8 8 7 1869 14
18 13 9 1834 62
6 10 13 1816 79
3 11 9 1983 27
2 12 5 1848 7
27 11 11 1842 97
4 14 2 1777 19
0 12 0 1983 98
11 7 1 1834 62
24 10 4 1948 49
8 9 0 2081 62
14 12 7 1883 46
3 12 13 2010 76
28 13 14 1983 41
11 8 10 1896 7
26 14 8 1948 60
19 11 6 1760 76
28 14 5 2024 75
27 12 4 1997 98
21 7 4 2095 30
16 12 13 2086 52
21 8 3 2125 82
19 12 2 1836 71
23 14 2 1907 13
12 9 12 1983 98
0 13 12 2081 95
9 8 1 1896 69
25 11 6 1836 8
27 13 5 2099 85
3 13 12 2176 1
8 10 6 2143 47
18 14 3 2207 66
2 13 7 1929 28
10 7 13 2138 79
13 13 0 2143 45
25 12 14 2024 38
6 11 4 2125 54
10 8 7 2217 87
12 10 11 2081 46
22 12 2 1920 66
8 11 8 2190 51
10 9 3 2304 40
10 10 6 2344 92
21 9 9 2207 50
20 14 8 2241 23
25 13 9 2257 7
0 14 3 2344 32
11 9 0 2188 5
24 11 14 2062 26
8 12 11 2241 90
14 13 8 2264 73
3 14 4 2179 4
5 14 14 2088 79
11 10 14 2193 12
19 13 5 2184 81
27 14 13 2217 51
21 10 14 2257 53
16 13 3 2376 34
21 11 8 2337 78
12 11 13 2268 58
17 13 1 1965 66
17 14 6 2436 42
29 11 5 2265 35
8 13 4 2331 2
9 9 9 2264 75
8 14 5 2333 98
12 12 9 2339 74
22 13 14 2310 98
1 12 9 2413 13
10 11 9 2436 15
7 10 0 2193 82
16 14 4 2410 95
25 14 1 2264 67
29 12 1 2331 55
13 14 11 2331 84
2 14 8 2415 3
1 13 11 2426 55
14 14 14 2408 16
19 14 0 2275 77
21 12 6 2478 69
12 13 10 2413 11
9 10 12 2339 84
7 11 1 2386 34
29 13 0 2386 92
11 11 7 2304 90
10 12 5 2451 5
7 12 4 2505 28
10 13 1 2456 76
1 14 0 2481 73
29 14 9 2478 78
9 11 5 2456 47
24 12 12 2423 75
21 13 12 2547 77
12 14 6 2547 21
11 12 13 2394 92
11 13 11 2486 83
11 14 3 2569 71
6 12 10 2424 98
6 13 0 2554 81
22 14 4 2533 79
9 12 6 2568 21
7 13 5 2533 98
9 13 10 2589 66
7 14 8 2631 73
6 14 2 2635 43
24 13 6 2589 84
10 14 11 2569 45
24 14 0 2673 2
21 14 13 2624 67
9 14 11 2655 66
