24 0 13 0 91
19 0 5 0 57
23 0 10 0 8
5 0 8 0 75
7 0 6 0 96
0 0 7 0 7
25 0 1 0 18
28 0 2 0 64
21 0 9 0 2
0 1 0 7 11
6 0 3 0 90
24 1 2 91 2
9 0 14 0 35
14 0 10 8 79
29 0 1 18 22
20 0 8 75 85
6 1 9 90 54
18 0 7 7 17
9 1 12 35 55
29 1 8 160 52
28 1 8 212 62
13 0 13 91 93
8 0 12 90 40
8 1 8 274 45
18 1 5 57 76
2 0 1 40 90
22 0 14 35 46
8 2 3 319 94
3 0 7 24 87
17 0 14 81 66
25 1 13 184 90
4 0 13 274 33
0 2 12 130 34
7 1 8 319 81
6 2 5 144 98
16 0 13 307 64
6 3 13 371 10
2 1 2 130 57
29 2 5 242 36
18 2 11 133 84
4 1 12 307 36
17 1 0 147 75
22 1 1 130 83
25 2 10 274 91
29 3 3 413 31
8 3 0 413 21
10 0 11 217 77
10 1 13 381 34
24 2 1 213 39
22 2 0 434 7
20 1 5 278 31
1 0 7 111 57
4 2 0 441 75
9 2 10 365 26
29 4 6 444 41
19 1 1 252 84
14 1 2 187 33
27 0 11 294 95
25 3 0 516 21
3 1 5 309 24
28 2 0 537 52
16 1 3 444 85
19 2 8 400 50
5 1 6 485 25
24 3 5 333 12
2 2 8 450 80
17 2 1 336 54
1 1 11 389 11
22 3 12 441 37
20 2 1 390 29
13 1 7 184 40
1 2 6 510 33
18 3 14 217 45
27 1 10 391 96
26 0 5 345 56
26 1 7 401 18
21 1 2 220 66
11 0 9 144 6
18 4 8 530 70
15 0 1 419 75
21 2 5 401 75
26 2 10 487 45
23 1 12 478 60
27 2 9 487 41
27 3 7 528 75
26 3 14 532 9
26 4 12 541 4
21 3 4 476 83
11 1 10 532 56
15 1 4 559 29
21 4 0 589 63
23 2 1 538 99
12 0 9 528 58
1 3 10 588 56
21 5 8 652 62
2 3 5 530 8
2 4 4 588 36
3 2 2 333 1
3 3 10 644 49
7 2 14 541 92
1 4 3 644 9
4 3 9 586 17
12 1 3 653 2
5 2 4 624 76
22 4 10 693 60
27 4 8 714 61
12 2 6 655 69
13 2 5 538 95
12 3 4 724 19
0 3 5 633 56
0 4 11 689 14
17 3 9 603 4
23 3 7 637 70
13 3 14 633 36
29 5 13 485 92
13 4 0 669 38
5 3 3 700 72
10 2 7 707 60
16 2 5 689 96
2 5 10 753 7
0 5 10 760 33
16 3 9 785 11
24 4 4 743 11
2 6 12 760 41
0 6 8 793 95
22 5 13 753 76
7 3 3 772 31
23 4 5 785 22
9 3 11 703 98
8 4 14 669 87
9 4 3 803 23
5 4 5 807 78
11 2 11 801 47
18 5 13 829 5
29 6 11 848 98
28 3 10 793 21
8 5 6 756 68
8 6 11 946 35
18 6 3 834 55
3 4 1 693 63
25 4 12 801 45
20 3 11 981 18
14 2 9 796 65
27 5 1 775 65
3 5 3 889 27
13 5 6 824 47
21 6 14 756 71
11 3 4 848 95
15 2 3 916 77
29 7 0 946 68
19 3 2 450 54
14 3 5 885 57
24 5 8 888 17
13 6 12 871 24
18 7 6 889 7
21 7 10 827 20
6 4 8 905 75
6 5 14 980 4
26 5 11 999 2
26 6 2 1001 96
21 8 3 993 42
19 4 6 896 92
4 4 3 1035 8
0 7 2 1097 64
7 4 10 847 9
6 6 12 984 24
16 4 7 796 73
6 7 10 1008 10
10 3 9 861 76
24 6 14 984 86
10 4 12 1008 58
1 5 1 840 71
17 4 7 869 16
20 4 10 1018 46
6 8 2 1161 7
18 8 9 937 26
9 5 5 942 65
29 8 4 1014 57
28 4 1 911 82
13 7 9 963 97
8 7 10 1064 63
13 8 11 1060 11
8 8 13 1127 37
8 9 1 1164 53
18 9 4 1071 59
2 7 14 1070 31
22 6 6 988 6
8 10 7 1217 98
3 6 13 1164 98
17 5 11 1071 6
25 5 11 1077 31
4 5 5 1043 55
0 8 13 1262 12
7 5 11 1108 65
6 9 0 1168 15
16 5 1 1217 41
6 10 1 1258 43
2 8 13 1274 31
29 9 9 1071 32
18 10 1 1301 2
4 6 10 1127 53
17 6 10 1180 89
22 7 3 1043 84
25 6 4 1130 66
29 10 10 1269 82
8 11 5 1315 94
10 5 14 1101 63
10 6 2 1168 2
22 8 8 1127 82
10 7 5 1409 44
20 5 6 1064 29
1 6 4 1196 99
4 7 14 1180 31
9 6 8 1209 88
29 11 12 1351 39
19 5 9 1103 34
14 4 3 1127 55
27 6 3 1182 19
25 7 3 1201 49
3 7 6 1262 22
28 5 13 1305 27
16 6 4 1295 50
19 6 12 1390 58
5 5 11 1173 22
24 7 0 1183 68
2 9 6 1305 48
17 7 13 1332 29
1 7 2 1295 31
22 9 11 1209 94
20 6 7 1315 49
13 9 3 1250 55
1 8 14 1326 52
18 11 2 1326 18
27 7 6 1353 38
26 7 0 1251 60
26 8 9 1311 45
21 9 1 1303 59
11 4 13 1361 36
18 12 10 1351 66
15 3 9 1356 50
21 10 6 1391 4
26 9 13 1397 57
23 5 8 1297 91
27 8 2 1391 78
27 9 12 1469 85
26 10 4 1454 5
21 11 11 1395 67
21 12 13 1462 95
23 6 11 1462 68
12 4 10 1417 64
1 9 8 1388 33
2 10 7 1364 68
3 8 8 1421 35
3 9 12 1554 18
7 6 12 1572 35
4 8 4 1459 95
12 5 8 1481 27
5 6 0 1311 81
12 6 12 1607 17
13 10 2 1469 7
12 7 5 1624 33
0 9 6 1395 22
0 10 4 1554 87
17 8 6 1417 3
23 7 9 1530 87
13 11 1 1476 68
29 12 2 1476 83
19 7 7 1448 51
14 5 14 1378 78
27 10 0 1554 29
25 8 7 1499 95
3 10 4 1641 7
28 6 5 1657 93
16 7 10 1481 27
19 8 4 1648 34
5 7 12 1624 37
24 8 11 1530 88
2 11 9 1617 19
17 9 12 1661 10
1 10 12 1671 96
22 10 5 1750 36
20 7 4 1682 37
13 12 4 1719 3
18 13 0 1583 58
27 11 14 1583 65
26 11 6 1459 49
26 12 1 1544 90
21 13 7 1594 76
11 5 8 1508 63
18 14 12 1767 99
15 4 14 1648 31
21 14 12 1866 80
26 13 3 1634 31
23 8 14 1679 11
27 12 13 1648 77
11 6 1 1634 85
15 5 0 1679 50
2 12 11 1636 25
2 13 0 1729 38
3 11 14 1690 55
3 12 11 1745 55
7 7 4 1722 98
4 9 8 1571 31
22 11 4 1820 79
13 13 10 1722 44
0 11 3 1665 32
0 12 1 1719 54
17 10 2 1671 93
13 14 8 1766 47
29 13 7 1670 48
10 8 8 1813 91
16 8 6 1508 40
2 14 3 1767 88
16 9 11 1800 54
24 9 10 1766 86
11 7 2 1764 47
15 6 5 1786 5
23 9 3 1855 51
12 8 1 1773 48
1 11 13 1767 46
3 13 9 1800 87
3 14 0 1887 29
7 8 7 1820 85
4 10 1 1821 67
12 9 14 1821 81
5 8 9 1887 27
22 12 2 1899 46
27 13 4 1899 67
12 10 11 1902 86
12 11 13 1988 28
0 13 14 1902 5
24 10 7 1905 78
0 14 9 1914 55
22 13 9 1969 90
7 9 1 1905 37
23 10 2 1945 66
9 7 2 2011 71
8 12 9 2059 6
9 8 9 2082 35
5 9 1 1942 85
11 8 14 1907 60
29 14 14 1967 85
28 7 12 1946 65
8 13 2 2082 25
8 14 4 2107 72
25 9 9 2117 11
20 8 12 2011 42
14 6 13 2016 31
27 14 5 1966 84
11 9 0 1967 35
15 7 7 1983 25
19 9 10 1852 60
14 7 1 2047 60
24 11 12 2053 75
6 11 6 1548 90
6 12 7 2008 81
26 14 8 1904 97
19 10 13 2047 42
4 11 6 1888 80
7 10 9 2128 43
16 10 0 2002 63
10 9 6 1968 42
24 12 6 2128 86
10 10 10 2010 53
1 12 9 2171 1
17 11 5 2050 53
20 9 13 2089 18
9 9 13 2117 59
28 8 3 2011 32
22 14 7 2089 94
17 12 4 2179 8
25 10 8 2128 57
4 12 11 1988 87
7 11 13 2176 96
16 11 14 2065 74
25 11 5 2185 31
10 11 3 2063 45
10 12 4 2187 45
20 10 0 2107 77
9 10 0 2184 84
19 11 3 2108 66
15 8 2 2107 70
25 12 14 2216 36
28 9 11 2075 47
16 12 12 2139 84
19 12 14 2252 18
5 10 13 2272 71
24 13 3 2214 5
20 11 9 2184 67
11 10 5 2216 82
15 9 11 2177 38
23 11 6 2214 19
11 11 12 2298 90
15 10 8 2215 91
23 12 4 2233 28
12 12 0 2268 94
7 12 2 2272 91
12 13 2 2363 71
5 11 2 2434 16
12 14 7 2434 3
23 13 0 2362 47
28 10 4 2261 66
25 13 6 2252 57
6 13 4 2327 49
6 14 11 2376 88
19 13 0 2409 11
4 13 7 2437 5
7 13 5 2363 1
16 13 2 2450 76
10 13 1 2232 59
24 14 9 2251 79
10 14 0 2420 99
1 13 5 2364 48
17 13 3 2219 59
20 12 3 2278 61
9 11 4 2376 31
28 11 7 2442 39
28 12 14 2481 45
17 14 8 2306 22
25 14 2 2526 88
4 14 2 2614 58
7 14 0 2519 36
16 14 8 2526 58
20 13 14 2526 46
1 14 0 2555 55
9 12 7 2481 76
19 14 11 2464 59
14 8 4 2407 79
28 13 6 2526 78
5 12 14 2572 86
20 14 2 2672 91
9 13 1 2557 13
14 9 0 2610 25
9 14 6 2604 89
28 14 9 2604 26
14 10 7 2635 76
5 13 7 2711 78
11 12 6 2693 30
15 11 10 2306 71
23 14 13 2409 66
11 13 3 2723 76
15 12 12 2388 84
5 14 10 2789 14
11 14 7 2799 94
14 11 12 2711 96
15 13 6 2723 80
14 12 11 2807 5
14 13 8 2812 5
15 14 13 2803 76
14 14 6 2817 38
