18 0 12 0 96
17 0 13 0 77
26 0 0 0 64
28 0 13 77 2
15 0 0 64 42
0 0 3 0 4
9 0 8 0 70
27 0 14 0 14
4 0 12 96 10
11 0 1 0 69
25 0 10 0 31
18 1 14 96 53
28 1 1 79 87
9 1 7 70 97
2 0 12 106 87
3 0 5 0 25
0 1 11 4 27
5 0 6 0 12
13 0 9 0 88
6 0 8 70 43
15 1 13 106 16
28 2 5 166 8
19 0 7 167 7
15 2 8 122 44
15 3 6 166 40
27 1 3 14 93
5 1 7 174 59
16 0 9 88 46
29 0 10 31 4
20 0 6 206 46
22 0 0 106 99
3 1 0 205 11
1 0 0 216 47
13 1 2 88 81
16 1 5 174 55
0 2 14 149 90
8 0 8 166 14
15 4 3 206 35
14 0 11 31 35
26 1 13 122 59
14 1 10 66 88
19 1 12 193 91
14 2 8 180 98
26 2 2 181 63
19 2 0 284 32
22 1 14 239 10
9 2 6 252 52
22 2 1 249 90
9 3 3 304 22
1 1 3 326 48
23 0 8 278 94
11 1 6 304 25
10 0 2 244 5
6 1 12 284 1
7 0 12 285 14
10 1 8 372 28
6 2 9 285 27
4 1 6 329 32
8 1 7 233 47
11 2 8 400 65
14 3 3 374 78
25 1 7 280 93
8 2 13 280 21
27 2 0 316 87
26 3 12 299 54
12 0 14 249 4
12 1 13 301 4
4 2 3 452 94
9 4 14 326 87
18 2 10 154 3
5 2 14 413 95
23 1 10 372 69
11 3 4 465 29
7 1 7 373 59
10 2 13 400 77
6 3 7 432 30
12 2 9 312 34
8 3 12 353 32
0 3 5 239 76
3 2 9 346 69
20 1 12 385 15
6 4 11 462 25
5 3 13 508 93
16 2 1 339 74
29 1 7 462 9
20 2 7 471 23
22 3 12 400 60
3 3 1 415 38
1 2 4 494 69
13 2 6 361 50
16 3 12 460 80
0 4 8 465 76
8 4 10 441 29
15 5 10 470 71
14 4 5 452 86
26 4 5 538 21
14 5 7 538 13
19 3 10 541 44
26 5 11 559 79
19 4 13 601 2
4 3 11 638 22
22 4 5 559 5
1 3 8 563 84
23 2 13 603 47
11 4 7 551 51
10 3 11 660 23
6 5 5 564 3
7 2 10 585 27
6 6 6 567 94
8 5 6 661 40
25 2 12 540 68
27 3 7 602 15
12 3 8 647 21
18 3 5 567 49
5 4 0 601 93
23 3 5 650 96
7 3 1 612 59
25 3 3 608 72
27 4 8 668 40
27 5 9 708 20
18 4 2 616 76
5 5 2 694 7
23 4 7 746 30
3 4 8 708 98
20 3 11 683 70
28 3 6 701 2
2 1 10 612 54
23 5 9 776 29
22 5 8 806 17
23 6 6 805 22
29 2 1 671 7
3 5 14 806 50
17 1 12 608 40
25 4 0 694 22
24 0 3 680 91
7 4 5 746 56
12 4 7 776 60
0 5 6 827 16
3 6 10 856 98
14 6 2 701 94
6 7 14 856 77
28 4 2 795 12
7 5 4 802 6
9 5 1 678 87
5 6 8 823 95
24 1 10 954 21
12 5 12 836 55
4 4 2 807 55
9 6 0 765 36
18 5 7 836 37
5 7 4 918 10
23 7 0 827 26
11 5 5 802 88
7 6 9 808 48
10 4 1 765 63
6 8 4 933 6
12 6 1 891 70
9 7 2 862 86
18 6 11 873 50
11 6 13 890 70
10 5 5 890 69
6 9 13 960 42
2 2 5 959 76
29 3 14 933 59
17 2 4 939 43
25 5 8 918 85
21 0 9 856 39
19 5 8 1003 66
6 10 0 1002 17
28 5 14 992 35
13 3 1 961 38
21 1 2 948 35
2 3 8 1069 80
29 4 8 1149 29
17 3 2 983 76
25 6 6 1003 40
21 2 3 983 90
19 6 6 1069 62
19 7 5 1131 22
22 6 11 923 24
9 8 12 948 2
22 7 10 975 83
9 9 11 950 93
1 4 9 895 25
23 8 11 1043 99
11 7 0 1019 25
10 6 12 959 35
6 11 1 1019 76
7 7 13 1002 43
10 7 3 1073 22
6 12 10 1095 29
4 5 8 1178 58
8 6 1 1095 63
11 8 14 1044 58
14 7 14 1102 25
25 7 14 1127 76
8 7 3 1158 25
27 6 12 994 61
26 6 6 1131 35
12 7 4 982 68
12 8 10 1124 80
4 6 14 1236 6
9 10 10 1204 1
18 7 13 1045 73
5 8 11 1142 23
23 9 12 1142 13
11 9 11 1165 20
25 8 5 1203 48
24 2 9 975 42
7 8 2 1059 27
12 9 6 1204 56
0 6 13 1118 38
3 7 7 954 50
14 8 13 1156 50
6 13 2 1124 63
28 6 8 1236 6
7 9 0 1086 27
9 11 5 1251 16
5 9 9 1165 48
24 3 0 1113 79
12 10 2 1260 29
4 7 5 1267 78
18 8 8 1242 98
5 10 3 1213 84
23 10 1 1158 59
24 4 5 1345 8
7 10 3 1297 43
12 11 3 1340 97
0 7 0 1192 72
3 8 11 1185 19
14 9 6 1260 76
28 7 7 1242 73
7 11 6 1340 32
5 11 12 1297 64
24 5 2 1353 9
11 10 10 1205 24
10 8 6 1372 90
2 4 7 1315 17
2 5 14 1332 1
22 8 13 1206 37
29 5 5 1353 39
17 4 8 1340 69
25 9 11 1251 83
21 3 1 1217 67
19 8 9 1213 23
28 8 9 1315 82
26 7 8 1409 95
9 12 4 1267 70
0 8 1 1284 80
16 4 11 1334 89
29 6 2 1392 55
20 4 13 1243 57
3 9 13 1300 76
1 5 10 1229 34
13 4 0 1264 52
16 5 2 1447 61
8 8 4 1337 49
15 6 7 1332 52
4 8 0 1345 36
1 6 5 1392 8
23 11 14 1333 66
25 10 9 1397 89
21 4 10 1284 70
0 9 2 1508 94
3 10 3 1437 6
24 6 12 1362 66
1 7 1 1400 32
3 11 4 1443 95
22 9 6 1462 59
15 7 11 1423 35
14 10 9 1486 89
19 9 1 1432 92
12 12 0 1437 84
18 9 6 1521 44
23 12 4 1538 89
11 11 3 1443 38
10 9 10 1462 46
18 10 3 1565 89
10 10 7 1508 67
2 6 11 1458 26
29 7 13 1447 18
17 5 11 1484 42
25 11 4 1627 83
21 5 11 1526 94
19 10 14 1524 70
28 9 10 1508 37
13 5 3 1654 7
21 6 5 1620 48
2 7 2 1602 36
29 8 0 1521 70
17 6 14 1594 25
21 7 8 1668 76
26 8 4 1710 7
0 10 9 1602 97
16 6 14 1619 34
29 9 4 1717 14
20 5 14 1653 67
1 8 12 1432 62
19 11 3 1661 31
28 10 3 1692 19
26 9 9 1717 67
0 11 10 1699 5
16 7 7 1653 75
29 10 9 1784 47
20 6 3 1720 58
3 12 12 1538 19
1 9 7 1728 90
13 6 12 1661 33
16 8 4 1731 39
8 9 2 1638 4
15 8 2 1642 98
4 9 9 1831 56
1 10 13 1818 2
23 13 3 1778 1
7 12 11 1620 11
21 8 6 1744 93
0 12 7 1818 44
3 13 2 1740 37
24 7 4 1770 1
25 12 2 1777 43
8 10 0 1642 67
27 7 10 1704 8
26 10 3 1784 15
12 13 5 1668 66
4 10 13 1887 16
18 11 9 1887 2
5 12 10 1712 14
11 12 12 1694 34
25 13 1 1820 69
24 8 14 1771 59
0 13 12 1862 9
3 14 6 1837 34
14 11 0 1709 41
28 11 11 1711 81
5 13 5 1734 90
24 9 8 1830 36
4 11 4 1903 22
7 13 8 1866 5
5 14 1 1889 69
24 10 6 1871 54
11 13 2 1820 71
10 11 4 1925 63
6 14 3 1799 59
2 8 1 1958 12
2 9 6 1970 56
22 10 9 1889 17
29 11 12 1871 75
17 7 10 1726 34
25 14 13 1903 67
21 9 14 1837 46
19 12 11 1792 10
28 12 4 1988 19
26 11 7 1862 89
9 13 9 1906 99
0 14 4 2007 23
16 9 8 1871 47
29 12 11 1946 78
20 7 9 2005 92
1 11 14 1883 92
13 7 14 1975 46
16 10 3 1918 70
8 11 14 2021 27
15 9 14 2048 73
4 12 7 1951 59
1 12 2 1975 55
7 14 14 2121 25
21 10 0 1883 34
24 11 11 2024 52
1 13 6 2030 25
22 11 2 2030 99
15 10 5 2121 92
14 12 4 2030 53
19 13 4 2083 94
12 14 11 2076 50
4 13 1 2010 41
18 12 1 2051 1
11 14 9 2097 66
10 12 0 1988 63
18 13 0 2052 99
10 13 14 2146 24
2 10 13 2026 71
29 13 3 2024 99
17 8 1 2052 8
21 11 13 2097 58
19 14 2 2177 89
28 13 12 2007 12
13 8 8 2021 59
21 12 7 2155 74
2 11 4 2177 6
29 14 6 2123 9
17 9 3 2123 77
21 13 12 2229 49
28 14 0 2151 60
26 12 10 1951 54
16 11 6 2132 84
20 8 10 2097 66
1 14 11 2126 37
13 9 7 2229 38
16 12 13 2216 26
8 12 5 2213 9
15 11 9 2213 44
4 14 10 2163 63
16 13 10 2242 44
20 9 4 2183 55
22 12 4 2238 42
13 10 4 2280 14
8 13 9 2257 75
15 12 1 2257 35
14 13 1 2292 10
13 11 5 2294 66
8 14 11 2332 15
27 8 4 2294 8
26 13 1 2302 98
9 14 13 2242 43
18 14 4 2302 89
23 14 2 2266 24
10 14 9 2332 79
20 10 1 2400 13
16 14 0 2286 82
20 11 8 2413 33
22 13 3 2280 72
13 12 11 2360 72
15 13 4 2391 79
14 14 12 2302 99
26 14 14 2400 26
22 14 7 2352 36
27 9 11 2432 57
27 10 13 2489 14
27 11 5 2503 90
20 12 2 2446 64
2 12 9 2411 42
17 10 6 2216 57
24 12 7 2388 87
24 13 1 2475 82
2 13 3 2453 89
17 11 5 2593 56
21 14 4 2470 80
13 13 13 2503 80
2 14 0 2542 96
20 13 5 2649 36
20 14 0 2685 21
13 14 10 2583 97
15 14 12 2470 17
27 12 1 2593 16
27 13 2 2609 36
27 14 6 2645 59
17 12 7 2649 80
24 14 13 2583 33
17 13 0 2729 12
17 14 9 2741 89
