26 0 7 0 52
0 0 2 0 96
11 0 14 0 59
9 0 14 59 27
7 0 12 0 77
29 0 13 0 47
27 0 7 52 5
13 0 8 0 74
5 0 11 0 35
29 1 1 47 96
23 0 13 47 69
28 0 10 0 23
21 0 12 77 89
15 0 2 96 94
1 0 3 0 21
9 1 2 190 1
6 0 10 23 79
13 1 0 74 69
6 1 1 143 72
3 0 6 0 62
23 1 3 116 57
24 0 8 74 55
14 0 5 0 75
12 0 3 173 22
10 0 7 57 6
26 1 6 62 11
26 2 9 73 98
27 1 0 143 52
26 3 11 171 44
8 0 10 102 51
20 0 5 75 76
8 1 14 153 26
25 0 2 191 8
10 1 6 73 36
5 1 1 215 53
17 0 2 199 70
21 1 6 166 86
2 0 2 269 88
26 4 10 215 14
8 2 11 215 29
17 1 6 269 30
9 2 3 195 88
14 1 12 166 71
4 0 12 237 52
29 2 2 357 11
0 1 13 116 86
20 1 13 202 67
10 2 12 289 67
18 0 2 368 80
14 2 4 237 45
5 2 3 283 46
5 3 0 329 99
22 0 1 268 49
22 1 5 317 44
16 0 10 229 71
2 1 8 357 37
26 5 13 269 38
14 3 6 299 92
14 4 14 391 9
25 1 0 428 79
17 2 13 307 48
10 3 1 356 73
6 2 11 244 25
28 1 14 400 63
23 2 8 394 34
17 3 4 355 57
28 2 5 463 57
22 2 10 361 3
4 1 3 329 87
22 3 4 412 73
24 1 1 429 27
25 2 7 507 24
9 3 1 456 44
2 2 6 394 94
6 3 5 520 52
14 5 8 428 48
25 3 5 572 19
27 2 14 463 45
11 1 3 416 86
12 1 11 269 88
21 2 0 507 45
19 0 6 488 91
14 6 3 502 20
25 4 11 591 73
17 4 3 522 66
10 4 2 448 30
6 4 9 572 24
28 3 1 520 57
16 1 3 588 35
23 3 2 478 67
17 5 8 588 95
6 5 4 596 98
22 4 12 485 49
4 2 5 591 37
24 2 3 623 50
9 4 5 628 17
2 3 5 645 65
12 2 13 357 39
13 2 13 396 59
27 3 10 508 17
7 1 1 577 80
21 3 14 552 59
8 3 9 596 57
12 3 8 683 91
26 6 12 534 57
1 1 11 664 33
17 6 7 683 95
17 7 5 778 17
20 2 2 545 35
29 3 0 552 99
20 3 14 611 93
20 4 11 704 13
25 5 8 774 82
18 1 0 651 93
1 2 14 704 38
8 4 4 694 54
28 4 6 579 22
21 4 9 653 16
3 1 0 744 61
18 2 6 744 15
17 8 14 795 64
24 3 12 673 96
28 5 4 748 71
27 4 3 673 94
2 4 4 819 24
2 5 7 843 86
5 4 5 795 17
15 1 5 812 12
4 3 0 805 27
15 2 12 824 33
18 3 11 759 86
8 5 0 832 16
3 2 8 856 37
24 4 0 848 42
29 4 6 759 28
12 4 2 774 25
1 3 1 742 94
7 2 4 843 44
20 5 0 890 58
1 4 5 836 79
1 5 0 948 36
23 4 14 859 73
6 6 13 694 4
5 5 8 893 78
7 3 5 915 73
3 3 7 929 1
17 9 10 859 70
24 5 2 890 76
24 6 4 966 33
29 5 12 857 8
29 6 10 929 50
12 5 1 836 23
27 5 2 966 44
2 6 0 984 96
15 3 11 857 35
11 2 13 698 89
15 4 1 892 57
24 7 6 999 82
29 7 7 979 18
16 2 1 949 70
27 6 11 1010 9
11 3 0 1080 8
16 3 4 1019 67
7 4 13 988 46
0 2 9 669 75
9 5 9 744 20
13 3 1 1019 74
14 7 7 997 28
3 4 4 1086 10
18 4 5 988 33
14 8 13 1034 25
17 10 9 929 6
21 5 10 979 52
4 4 10 1031 76
5 6 7 1025 84
22 5 3 767 63
0 3 1 1093 3
20 6 6 1081 24
10 5 11 1019 97
10 6 3 1116 62
16 4 7 1109 86
23 5 6 1105 60
27 7 5 1021 18
11 4 7 1195 4
16 5 5 1195 42
7 5 9 1034 60
0 4 4 1096 97
9 6 10 1107 50
3 5 9 1096 21
18 5 12 1021 65
17 11 12 1086 99
12 6 10 1157 38
24 8 14 1081 82
4 5 11 1116 69
5 7 10 1195 88
0 5 0 1193 88
20 7 4 1193 10
6 7 3 1178 99
12 7 14 1195 14
19 1 5 1237 42
27 8 12 1185 37
11 5 12 1222 16
28 6 13 1059 69
9 7 4 1203 40
7 6 2 1094 25
4 6 13 1185 76
2 7 14 1209 94
12 8 4 1243 72
13 4 6 1165 61
7 7 14 1303 67
21 6 5 1279 39
8 6 3 1277 41
26 7 0 1281 50
1 6 8 984 50
17 12 1 1185 63
20 8 1 1248 6
29 8 9 1117 97
25 6 13 1261 47
18 6 7 1199 44
1 7 10 1283 83
28 7 8 1128 15
21 7 4 1318 83
21 8 7 1401 11
19 2 2 1279 14
25 7 1 1308 90
17 13 11 1248 33
6 8 7 1412 17
28 8 2 1293 19
13 5 14 1370 83
21 9 3 1412 56
3 6 2 1312 88
29 9 5 1318 10
18 7 14 1453 22
14 9 9 1214 14
29 10 3 1468 54
17 14 0 1331 27
21 10 8 1468 30
4 7 6 1261 74
5 8 4 1401 60
22 6 0 1358 20
0 6 14 1475 88
20 9 9 1254 49
10 7 14 1563 11
10 8 4 1574 80
16 6 2 1400 72
23 6 10 1366 93
27 9 1 1398 84
11 6 6 1335 67
16 7 0 1472 52
7 8 7 1429 18
0 7 12 1563 66
9 8 11 1281 40
14 10 1 1482 61
3 7 14 1574 24
29 11 11 1522 50
18 8 13 1475 86
14 11 10 1543 39
3 8 12 1629 61
12 9 9 1315 87
24 9 9 1402 87
4 8 7 1447 86
5 9 2 1472 53
0 8 6 1629 16
20 10 7 1533 40
6 9 0 1524 52
16 8 14 1598 73
12 10 12 1690 78
19 3 3 1522 17
11 7 1 1543 43
28 9 11 1572 88
9 9 0 1576 65
7 9 3 1539 17
26 8 5 1331 40
13 6 10 1582 82
21 11 13 1561 60
8 7 2 1525 2
23 7 7 1573 1
5 10 6 1645 27
11 8 11 1660 74
11 9 10 1734 97
18 9 4 1654 93
29 12 4 1747 67
0 9 11 1734 63
10 9 13 1654 25
18 10 3 1747 92
14 12 2 1582 65
5 11 9 1672 33
5 12 12 1768 88
22 7 7 1574 68
22 8 8 1642 40
16 9 12 1856 44
26 9 1 1586 89
25 8 14 1671 97
10 10 5 1679 60
6 10 8 1682 85
28 10 0 1660 25
23 8 9 1705 43
28 11 9 1748 83
15 5 4 1814 33
4 9 4 1847 46
15 6 7 1847 22
18 11 1 1839 88
8 8 6 1672 15
3 9 10 1831 42
24 10 13 1679 93
8 9 8 1767 88
9 10 8 1855 10
14 13 11 1797 28
4 10 8 1893 84
29 13 8 1977 16
0 10 5 1797 73
10 11 0 1739 42
22 9 14 1768 37
22 10 9 1831 17
2 8 11 1825 81
26 10 4 1893 2
25 9 9 1848 93
6 11 6 1767 48
25 10 4 1941 69
27 10 6 1815 28
11 10 2 1831 3
12 11 5 1870 42
21 12 11 1906 80
19 4 0 1781 50
6 12 14 1815 85
28 12 12 1900 62
16 10 8 1993 96
16 11 6 2089 42
23 9 1 1927 67
4 11 2 1977 48
24 11 11 1986 42
9 11 7 1869 50
2 9 1 1994 2
12 12 6 2131 3
13 7 4 2010 43
27 11 4 2053 78
7 10 11 2028 4
19 5 7 1919 16
7 11 8 2089 73
19 6 10 1935 2
22 11 13 1848 66
20 11 10 1937 61
24 12 5 2028 20
9 12 6 2134 11
2 10 10 1998 93
21 13 1 1996 43
8 10 5 2048 47
12 13 0 2134 31
26 11 3 1895 73
1 8 2 2025 4
20 12 12 1998 72
29 14 14 1993 79
20 13 3 2070 97
20 14 8 2167 17
25 11 10 2091 47
18 12 10 2138 65
21 14 2 2039 4
19 7 1 2039 36
14 14 0 2165 49
25 12 6 2145 68
19 8 14 2075 47
4 12 1 2075 16
5 13 14 2122 75
22 12 11 2032 92
0 11 7 1935 3
10 12 8 2184 42
10 13 9 2226 40
16 12 13 2131 96
23 10 4 2131 85
27 12 8 2226 28
11 11 8 2254 12
16 13 9 2266 3
7 12 6 2213 32
0 12 3 2167 63
9 13 13 2227 36
3 10 11 2124 54
18 13 8 2266 39
3 11 1 2178 92
18 14 9 2305 14
13 8 5 2095 42
4 13 14 2197 91
5 14 13 2263 13
0 13 8 2305 91
10 14 10 2266 55
16 14 11 2269 94
23 11 0 2216 80
19 9 4 2216 11
28 13 3 2230 54
23 12 5 2296 80
28 14 7 2284 68
22 13 2 2124 82
4 14 9 2319 28
22 14 6 2245 5
24 13 7 2352 97
25 13 12 2213 44
9 14 12 2263 81
2 11 12 2344 5
6 13 12 2349 99
25 14 3 2284 54
27 13 13 2276 68
11 12 9 2347 55
12 14 7 2449 83
19 10 8 2396 34
6 14 2 2448 72
23 13 11 2376 81
24 14 10 2449 15
2 12 3 2349 23
13 9 11 2457 43
27 14 9 2402 64
7 13 10 2464 67
8 11 13 2344 10
26 12 8 2430 19
1 9 4 2227 83
1 10 6 2310 7
8 12 7 2532 2
3 12 3 2372 4
2 13 13 2372 45
2 14 9 2466 11
15 7 14 2288 47
15 8 0 2335 87
8 13 1 2534 75
3 13 5 2376 38
1 11 9 2477 26
7 14 0 2531 6
1 12 12 2503 87
1 13 13 2590 15
23 14 12 2590 98
3 14 13 2605 9
15 9 9 2503 47
11 13 4 2402 3
15 10 8 2550 61
11 14 5 2414 29
0 14 10 2531 33
13 10 2 2520 20
13 11 9 2550 51
13 12 7 2601 7
19 11 13 2614 29
13 13 12 2688 5
8 14 12 2693 16
26 13 2 2540 40
1 14 7 2608 90
26 14 14 2580 96
19 12 9 2643 71
13 14 3 2693 7
15 11 6 2611 42
15 12 3 2700 84
19 13 11 2714 78
15 13 13 2784 12
15 14 10 2796 58
19 14 12 2792 55
