22 0 1 0 56
29 0 14 0 13
23 0 6 0 56
26 0 9 0 20
8 0 10 0 93
11 0 13 0 97
5 0 5 0 68
11 1 14 97 87
14 0 6 56 61
15 0 8 0 49
13 0 11 0 76
23 1 11 76 1
5 1 9 68 32
2 0 0 0 52
9 0 11 77 60
29 1 6 117 22
4 0 8 49 30
17 0 6 139 97
18 0 12 0 64
28 0 13 97 53
5 2 13 150 32
2 1 5 68 28
9 1 3 137 33
29 2 8 139 34
4 1 13 182 71
17 1 8 236 57
18 1 10 93 75
2 2 3 170 48
23 2 9 100 57
1 0 0 52 42
9 2 10 170 66
6 0 9 157 27
0 0 4 0 96
25 0 7 0 17
14 1 13 253 45
1 1 9 184 55
17 2 9 293 72
15 1 4 96 58
21 0 0 94 35
22 1 3 218 40
20 0 7 17 26
20 1 3 258 4
16 0 7 43 94
16 1 11 137 52
27 0 10 236 9
7 0 7 137 43
26 1 12 64 28
26 2 7 180 98
8 1 3 262 81
14 2 0 298 93
0 1 12 96 47
4 2 10 253 65
28 1 14 184 87
23 3 13 298 45
21 1 1 129 39
27 1 14 271 15
8 2 2 343 55
2 3 8 293 25
4 3 0 391 13
5 3 2 398 15
28 2 5 271 93
23 4 3 343 3
12 0 1 168 60
20 2 13 343 18
13 1 4 154 92
9 3 1 236 96
10 0 5 364 98
6 1 10 318 42
1 2 14 286 82
21 2 2 413 89
2 4 7 318 2
0 2 9 365 40
5 4 11 413 98
0 3 11 511 68
23 5 0 404 14
12 1 14 368 47
15 2 7 320 32
6 2 7 360 24
7 1 9 405 51
11 2 1 332 50
20 3 8 361 51
9 4 0 418 23
16 2 2 502 7
12 2 12 415 13
11 3 0 441 68
29 3 2 509 5
28 3 4 364 62
4 4 6 404 30
17 3 13 365 97
18 2 7 384 63
5 5 0 511 95
9 5 14 441 36
4 5 2 514 22
17 4 10 462 12
9 6 13 477 28
18 3 4 447 14
1 3 12 428 61
6 3 8 412 12
14 3 5 462 51
27 2 11 579 85
7 2 11 664 53
14 4 11 717 97
8 3 14 477 59
13 2 13 505 85
15 3 13 590 30
21 3 6 502 53
21 4 14 555 85
27 3 0 664 55
19 0 9 456 1
0 4 5 579 49
16 3 12 509 51
16 4 10 560 8
26 3 5 628 7
26 4 2 635 18
4 6 7 536 46
8 4 12 560 70
26 5 10 653 37
23 6 1 418 74
3 0 6 555 81
18 4 1 492 55
19 1 5 635 82
24 0 2 653 81
15 4 6 636 59
25 1 4 461 64
24 1 3 734 72
22 2 6 695 51
6 4 1 547 22
1 4 1 569 67
19 2 12 717 27
28 4 6 746 19
0 5 14 640 91
16 5 1 636 99
26 6 4 690 60
4 7 12 744 70
1 5 4 750 79
9 7 2 734 53
4 8 11 814 88
23 7 10 690 29
17 5 3 806 70
29 4 7 582 68
5 6 7 650 57
6 5 4 829 57
2 5 14 731 98
11 4 9 509 76
7 3 13 717 62
25 2 9 585 97
15 5 14 829 57
28 5 1 765 12
18 5 11 902 10
21 5 5 717 7
27 4 4 886 7
22 3 5 746 47
28 6 0 777 53
6 6 6 886 93
0 6 10 731 57
16 6 5 793 97
9 8 5 890 78
29 5 5 968 81
5 7 14 886 66
2 6 12 829 95
13 3 14 952 20
2 7 13 924 7
12 3 9 682 62
11 5 2 787 74
25 3 11 912 94
15 6 9 886 14
18 6 0 912 89
21 6 3 876 90
25 4 3 1006 99
15 7 1 900 33
18 7 6 1001 89
21 7 12 966 16
27 5 13 931 6
22 4 2 861 77
0 7 0 1001 81
9 9 4 968 78
5 8 4 1046 43
2 8 9 931 68
20 4 6 1090 47
10 1 2 938 89
8 5 13 937 68
23 8 12 982 65
0 8 2 1082 87
21 8 10 982 70
13 4 7 972 61
10 2 9 1027 27
5 9 6 1137 31
20 5 11 1137 27
10 3 8 1054 34
8 6 8 1088 97
18 8 3 1105 24
1 6 11 1164 39
9 10 7 1046 94
14 5 9 1054 46
14 6 3 1129 88
8 7 6 1185 57
15 8 12 1047 14
1 7 10 1203 43
14 7 12 1217 28
14 8 2 1245 57
8 8 11 1242 48
15 9 5 1061 59
26 7 14 972 47
4 9 14 1019 78
3 1 5 1120 59
24 2 0 1082 99
25 5 5 1179 68
24 3 4 1181 52
17 6 14 1097 33
21 9 13 1052 49
13 5 6 1242 14
12 4 5 1247 95
12 5 11 1342 67
27 6 1 937 3
19 3 11 1409 22
0 9 1 1169 6
16 7 14 1130 66
3 2 3 1217 46
2 9 4 1233 96
11 6 4 1329 89
7 4 10 1246 58
25 6 1 1247 36
20 6 2 1302 6
13 6 2 1308 62
6 7 13 1101 58
22 5 8 1185 65
1 8 6 1256 62
17 7 12 1245 72
29 6 11 1431 53
22 6 0 1250 84
20 7 14 1308 84
7 5 1 1304 38
8 9 0 1334 92
0 10 7 1175 82
28 7 12 1317 73
2 10 10 1329 72
10 4 3 1263 88
0 11 6 1318 47
7 6 5 1342 84
3 3 4 1418 61
24 4 9 1233 69
24 5 1 1342 39
21 10 7 1257 73
27 7 9 1302 27
19 4 2 1431 44
16 8 3 1351 98
3 4 14 1479 43
13 7 9 1370 52
12 6 3 1449 89
10 5 4 1479 15
8 10 1 1426 82
18 9 8 1250 32
1 9 3 1538 41
9 11 6 1365 72
14 9 8 1302 45
14 10 10 1401 23
8 11 9 1508 89
15 10 2 1475 41
18 10 14 1522 70
1 10 2 1579 78
9 12 9 1597 47
14 11 4 1494 91
14 12 14 1592 66
8 12 7 1597 87
15 11 3 1579 59
26 8 8 1347 62
4 10 1 1508 79
3 5 8 1522 71
18 11 5 1592 79
24 6 12 1390 74
25 7 10 1424 21
24 7 5 1671 47
17 8 7 1684 14
21 11 4 1585 13
13 8 1 1587 5
12 7 10 1538 11
12 8 13 1549 29
21 12 9 1644 12
27 8 7 1698 11
19 5 7 1709 97
16 9 8 1593 58
23 9 2 1657 43
3 6 12 1593 24
2 11 2 1700 50
11 7 11 1484 15
7 7 14 1658 65
25 8 14 1723 22
20 8 4 1598 72
15 12 0 1638 50
11 8 3 1638 5
29 7 10 1549 66
28 8 11 1499 4
4 11 5 1718 57
17 9 1 1698 2
18 12 2 1750 71
5 10 12 1617 34
9 13 8 1651 28
9 14 12 1679 87
18 13 13 1821 42
1 11 7 1806 36
6 8 14 1745 67
14 13 1 1700 73
27 9 6 1709 31
7 8 8 1723 87
14 14 7 1842 41
8 13 5 1775 13
13 9 12 1766 63
15 13 10 1688 67
21 13 8 1810 89
21 14 11 1899 9
26 9 6 1740 75
3 7 10 1755 71
18 14 9 1863 14
3 8 7 1883 30
24 8 10 1826 29
27 10 5 1788 90
19 6 0 1806 76
0 12 3 1643 97
16 10 6 1815 52
16 11 0 1882 43
26 10 1 1815 42
26 11 0 1925 52
8 14 4 1788 54
26 12 3 1977 97
23 10 14 1812 13
3 9 2 1913 87
19 7 13 1882 16
24 9 8 1899 73
25 9 12 1829 61
24 10 13 1972 6
22 7 7 1913 93
6 9 12 1890 64
1 12 8 1972 8
19 8 14 1898 27
28 9 3 2074 1
0 13 8 1980 94
1 13 5 1980 21
29 8 4 1842 96
5 11 10 1855 60
6 10 0 1977 30
2 12 11 1908 68
11 9 5 2001 2
7 9 2 2000 26
25 10 8 2074 43
28 10 10 2075 65
27 11 12 1954 81
7 10 4 2026 95
11 10 12 2035 79
22 8 10 2140 54
12 9 4 2121 52
20 9 9 1877 29
13 10 0 2007 29
22 9 14 2194 66
0 14 13 2074 75
5 12 8 2117 73
2 13 6 1976 54
20 10 10 2194 91
10 6 10 2285 64
23 11 4 2173 42
13 11 5 2036 85
10 7 12 2349 5
5 13 1 2190 56
20 11 1 2285 76
10 8 1 2361 4
10 9 11 2365 63
1 14 13 2149 91
15 14 11 2428 53
26 13 11 2481 46
4 12 3 2075 71
3 10 1 2365 86
24 11 14 2260 5
25 11 2 2117 93
24 12 6 2265 2
17 10 4 2215 99
13 12 3 2146 79
12 10 0 2173 62
12 11 2 2235 31
27 12 3 2225 5
19 9 1 2451 24
16 12 9 1925 80
3 11 9 2451 10
2 14 1 2475 37
11 11 6 2267 59
7 11 6 2326 61
25 12 13 2240 82
20 12 5 2361 78
13 13 8 2225 52
6 11 3 2230 16
22 10 12 2354 6
17 11 0 2314 30
29 9 0 2344 50
22 11 11 2527 36
20 13 0 2439 36
7 12 0 2475 77
28 11 2 2266 35
10 10 13 2428 69
7 13 12 2552 49
3 12 11 2563 10
24 13 7 2267 8
24 14 11 2573 25
27 13 8 2277 86
19 10 6 2475 98
16 13 4 2314 23
3 13 0 2573 93
13 14 10 2349 51
12 12 8 2363 51
10 11 7 2497 82
16 14 13 2497 18
26 14 13 2527 98
4 13 9 2461 58
4 14 4 2519 36
23 12 7 2579 67
17 12 5 2439 18
29 10 3 2394 40
5 14 3 2434 40
6 12 2 2301 21
11 12 8 2414 93
7 14 3 2601 49
25 13 6 2573 91
28 12 9 2519 65
27 14 2 2363 30
22 12 9 2584 87
28 13 7 2646 23
6 13 11 2598 19
29 11 13 2625 70
12 13 6 2664 55
11 13 10 2507 19
25 14 0 2666 86
22 13 13 2695 41
20 14 12 2601 93
10 12 14 2579 29
23 13 5 2646 45
10 13 6 2719 53
10 14 0 2772 69
3 14 13 2736 94
17 13 2 2457 95
12 14 7 2719 39
19 11 8 2573 25
11 14 7 2758 86
6 14 5 2691 33
22 14 4 2736 7
17 14 11 2617 2
29 12 1 2695 92
28 14 8 2669 40
19 12 3 2650 82
19 13 10 2732 75
23 14 8 2709 78
29 13 12 2787 13
19 14 4 2807 15
29 14 9 2800 43
