17 0 3 0 55
11 0 1 0 81
0 0 2 0 81
12 0 2 81 63
13 0 11 0 26
17 1 5 55 4
9 0 11 26 38
23 0 13 0 3
20 0 4 0 2
11 1 5 81 91
11 2 13 172 10
27 0 9 0 83
20 1 2 144 84
18 0 0 0 77
24 0 3 55 79
24 1 10 134 33
29 0 6 0 67
9 1 12 64 67
17 2 10 167 12
22 0 4 2 20
8 0 1 81 12
14 0 11 64 90
6 0 11 154 99
13 1 12 131 46
0 1 13 182 59
12 1 8 144 9
11 3 6 182 46
23 1 9 83 22
19 0 1 93 98
15 0 0 77 11
7 0 4 22 86
14 1 13 241 8
6 1 9 253 28
18 1 12 177 44
13 2 9 281 7
20 2 3 228 1
8 1 2 228 90
25 0 0 88 91
3 0 11 253 58
4 0 0 179 95
1 0 6 228 4
18 2 1 221 62
5 0 11 311 64
20 3 12 229 76
26 0 10 179 87
14 2 12 305 63
16 0 14 0 12
22 1 1 283 70
27 1 3 229 62
10 0 3 291 63
6 2 6 281 63
21 0 8 153 63
9 2 8 216 27
12 2 13 249 81
3 1 4 311 63
9 3 7 243 11
22 2 6 353 89
9 4 10 266 45
12 3 5 330 37
23 2 5 367 9
1 1 3 354 79
21 1 11 375 6
27 2 8 291 61
5 1 5 376 11
22 3 10 442 60
4 1 5 387 33
4 2 11 420 81
17 3 1 353 42
5 2 3 433 58
18 3 13 330 17
13 3 13 347 50
0 2 1 395 8
23 3 12 376 66
15 1 2 318 94
27 3 13 397 26
7 1 11 501 92
19 1 9 288 42
29 1 7 254 72
26 1 2 412 62
11 4 8 352 65
6 3 7 344 81
18 4 3 491 70
23 4 6 442 39
24 2 14 167 62
3 2 14 374 56
24 3 5 420 85
20 4 13 423 10
29 2 12 442 47
13 4 10 502 68
19 2 13 433 4
29 3 5 505 35
15 2 1 412 42
7 2 8 593 74
26 2 0 474 84
5 3 2 491 70
17 4 4 395 46
8 2 12 489 70
16 1 8 667 77
1 2 0 558 76
18 5 4 561 19
5 4 0 634 31
3 3 0 665 27
20 5 10 570 2
17 5 6 481 89
11 5 10 572 73
0 3 9 403 88
10 1 2 561 17
29 4 4 580 78
18 6 9 580 69
5 5 1 665 74
3 4 1 739 37
20 6 6 572 75
17 6 8 744 44
11 6 3 645 59
0 4 8 788 14
10 2 14 578 59
29 5 9 658 34
18 7 14 649 70
24 4 11 593 17
6 4 2 578 86
6 5 14 719 10
19 3 7 437 26
14 3 7 463 57
1 3 10 645 59
19 4 0 692 84
14 4 6 647 23
28 0 14 729 54
15 3 6 670 95
19 5 10 776 34
14 5 5 670 5
8 3 7 559 89
15 4 9 765 43
19 6 2 810 3
8 4 5 675 37
24 5 7 648 64
28 1 2 813 82
25 1 12 559 24
3 5 9 808 51
9 5 3 704 21
22 4 8 802 64
9 6 6 765 73
12 4 9 859 32
23 5 8 866 51
17 7 14 788 33
8 5 13 712 56
16 2 1 776 13
1 4 13 768 42
18 8 11 719 30
5 6 4 739 82
20 7 7 712 10
17 8 7 821 15
0 5 12 802 18
10 3 7 836 27
29 6 1 789 67
16 3 3 789 31
27 4 4 821 14
21 2 3 820 77
5 7 12 821 31
3 6 2 895 37
26 3 5 712 91
16 4 13 820 9
22 5 3 897 39
27 5 6 838 69
21 3 6 907 85
9 7 9 891 47
28 2 6 992 68
12 5 0 891 62
22 6 11 936 67
8 6 10 810 21
14 6 0 953 20
13 5 4 835 81
0 6 4 916 22
12 6 12 953 93
22 7 12 1046 78
8 7 9 938 74
13 6 5 916 88
23 6 3 936 30
15 5 3 966 51
7 3 2 932 93
1 5 7 863 28
5 8 7 891 65
2 0 4 938 37
13 7 7 1004 66
0 7 10 938 52
12 7 1 1046 63
11 7 2 1025 93
23 7 1 1109 92
19 7 11 1003 59
15 6 12 1124 42
7 4 5 1025 42
18 9 10 990 97
1 6 4 975 75
5 9 8 956 90
20 8 9 1012 97
2 1 6 1060 63
25 2 6 1123 5
2 2 12 1166 46
1 7 14 1050 60
28 3 10 1087 83
22 8 2 1124 7
4 3 1 1201 23
17 9 11 1062 73
13 8 8 1070 90
0 8 11 1135 75
23 8 7 1201 94
27 6 14 1110 34
7 5 6 1128 28
29 7 13 856 86
26 4 4 1050 53
24 6 8 1160 66
20 9 8 1226 3
8 8 4 1103 63
16 5 4 1166 39
1 8 11 1210 41
10 4 9 1109 81
28 4 1 1224 71
22 9 9 1190 46
8 9 14 1166 39
0 9 3 1210 33
22 10 0 1236 25
11 8 12 1212 75
19 8 14 1205 52
16 6 0 1261 57
27 7 5 1144 61
10 5 6 1190 7
7 6 12 1287 59
3 7 8 1229 31
8 10 0 1318 37
25 3 1 1295 31
1 9 5 1251 14
28 5 5 1295 81
11 9 0 1355 47
0 10 6 1243 23
29 8 2 1131 89
21 4 12 1346 20
9 8 2 1220 31
19 9 12 1366 70
26 5 9 1236 17
16 7 2 1318 25
15 7 5 1376 39
21 5 2 1366 28
5 10 13 1046 63
5 11 14 1257 81
23 9 2 1394 8
26 6 13 1253 72
14 7 1 1326 6
16 8 10 1343 55
27 8 2 1402 12
10 6 10 1398 19
7 7 7 1346 77
14 8 3 1332 31
6 6 12 1436 7
3 8 5 1415 24
8 11 8 1355 83
25 4 4 1326 53
1 10 1 1332 99
28 6 11 1376 6
11 10 9 1402 61
0 11 7 1423 69
24 7 13 1325 2
28 7 7 1492 42
25 5 9 1463 53
3 9 10 1439 73
9 9 1 1431 24
22 11 5 1439 49
9 10 0 1455 59
12 8 6 1266 53
23 10 11 1402 24
1 11 8 1438 58
21 6 10 1512 81
27 9 12 1443 2
5 12 9 1516 80
22 12 14 1488 27
4 4 7 1534 26
17 10 12 1445 47
18 10 8 1496 82
13 9 3 1363 51
0 12 14 1515 42
23 11 14 1557 27
15 8 13 1415 82
27 10 0 1514 27
7 8 13 1497 81
29 9 10 1593 69
26 7 14 1584 13
24 8 1 1455 71
24 9 6 1526 88
20 10 14 1597 18
15 9 8 1578 1
7 9 0 1578 41
8 12 11 1438 78
16 9 11 1516 60
1 12 12 1496 41
10 7 0 1619 52
24 10 4 1614 64
28 8 0 1671 22
12 9 3 1414 99
17 11 9 1596 72
22 13 13 1578 76
8 13 6 1614 66
13 10 2 1414 62
0 13 5 1557 26
12 10 7 1560 62
22 14 7 1654 98
13 11 0 1693 29
0 14 0 1722 54
12 11 11 1622 10
11 11 4 1678 86
23 12 4 1764 88
19 10 8 1579 49
15 10 7 1752 96
7 10 9 1668 11
14 9 9 1679 42
6 7 5 1583 17
18 11 5 1600 36
1 13 9 1721 66
5 13 6 1680 70
20 11 11 1632 53
2 3 11 1685 79
25 6 7 1848 8
2 4 0 1776 38
1 14 2 1787 1
28 9 9 1787 22
3 10 12 1537 7
11 12 14 1764 65
26 8 12 1597 92
4 5 4 1852 12
24 11 9 1809 3
20 12 5 1685 31
29 10 8 1662 46
19 11 6 1750 42
29 11 14 1829 57
15 11 4 1864 36
7 11 1 1679 45
26 9 8 1708 92
5 14 10 1750 82
17 12 13 1668 81
8 14 3 1680 6
16 10 12 1689 87
7 12 10 1832 62
18 12 2 1788 19
20 13 0 1814 84
2 5 7 1856 44
25 7 10 1894 15
2 6 14 1900 18
28 10 13 1809 94
2 7 13 1918 45
25 8 14 1918 11
2 8 5 1963 55
28 11 4 1903 25
3 11 3 1686 72
11 13 7 1900 29
26 10 7 1929 16
4 6 14 1929 32
4 7 13 1963 60
28 12 12 1928 53
11 14 11 1929 21
29 12 11 1950 87
26 11 3 1945 13
16 11 6 1792 55
27 11 10 1909 51
10 8 11 2037 74
25 9 5 2018 53
28 13 8 1981 5
21 7 9 1812 76
9 11 13 2023 91
26 12 1 1958 13
16 12 7 1945 85
21 8 7 2030 33
17 13 2 1807 79
18 13 7 2063 33
13 12 1 1971 87
23 13 10 1960 9
26 13 6 1971 69
14 10 4 1928 86
16 13 9 2030 12
27 12 11 2111 64
10 9 1 2111 9
7 13 3 1958 22
14 11 8 2014 76
6 8 1 2120 22
3 12 7 2096 34
25 10 13 2114 22
28 14 3 1986 70
24 12 12 1981 44
25 11 11 2175 83
3 13 13 2136 32
9 12 4 2114 46
9 13 5 2160 48
12 12 14 1961 85
23 14 0 1969 65
21 9 4 2160 76
27 13 1 2175 14
4 8 2 2023 89
17 14 0 2034 6
18 14 6 2096 50
13 13 14 2058 41
15 12 14 2099 74
27 14 7 2189 82
7 14 14 2173 57
29 13 0 2040 22
26 14 11 2258 44
24 13 0 2062 60
24 14 2 2122 6
20 14 1 2189 17
15 13 10 2173 74
16 14 5 2208 78
10 10 5 2286 50
12 13 4 2236 43
13 14 6 2146 8
12 14 10 2279 25
19 12 4 2279 6
15 14 11 2302 74
14 12 14 2230 98
6 9 3 2142 45
2 9 1 2206 78
25 12 8 2258 50
2 10 9 2284 79
3 14 6 2168 27
4 9 6 2195 78
29 14 3 2187 87
19 13 3 2285 7
2 11 8 2363 27
25 13 3 2308 81
2 12 10 2390 6
2 13 2 2396 21
25 14 2 2417 52
2 14 3 2417 70
4 10 3 2487 20
4 11 9 2507 35
10 11 8 2390 59
21 10 13 2236 27
9 14 14 2328 42
21 11 14 2370 87
10 12 12 2449 41
14 13 10 2396 45
6 10 10 2441 92
19 14 5 2336 6
14 14 2 2469 86
6 11 13 2533 1
21 12 0 2457 13
10 13 13 2534 64
21 13 5 2470 37
6 12 4 2534 37
10 14 4 2598 96
4 12 8 2542 35
4 13 12 2577 34
4 14 10 2611 17
6 13 8 2577 37
6 14 0 2614 43
21 14 1 2507 62
