9 0 0 0 93
21 0 10 0 67
24 0 7 0 34
25 0 7 34 40
14 0 11 0 68
7 0 8 0 8
26 0 13 0 58
8 0 12 0 83
4 0 0 93 6
28 0 9 0 94
5 0 12 83 14
14 1 3 68 3
20 0 11 68 38
20 1 3 106 73
18 0 5 0 49
1 0 1 0 27
23 0 6 0 22
12 0 6 22 67
23 1 0 99 52
8 1 5 83 27
1 1 7 74 58
18 1 10 67 71
12 1 0 151 26
3 0 5 110 68
13 0 3 179 7
16 0 7 132 61
6 0 8 8 67
3 1 8 178 66
14 2 1 71 39
9 1 9 94 54
5 1 1 110 7
11 0 6 89 47
27 0 7 193 82
2 0 9 148 43
21 1 9 191 61
4 1 11 106 49
26 1 7 275 65
2 1 1 191 75
4 2 1 266 11
10 0 13 58 62
24 1 6 136 51
28 1 12 97 14
23 2 7 340 35
13 1 12 186 42
12 2 4 177 3
9 2 5 178 81
29 0 10 138 23
20 2 6 187 86
29 1 11 161 64
19 0 10 161 83
27 1 9 275 61
16 1 5 259 26
28 2 7 375 17
24 2 11 225 27
18 2 7 392 99
25 1 5 285 1
14 3 13 120 51
9 3 14 259 14
8 2 3 186 3
27 2 4 336 68
6 1 12 228 17
1 2 0 177 56
11 1 0 233 38
4 3 5 286 69
9 4 1 277 69
9 5 13 346 66
3 2 6 273 27
0 0 5 355 20
0 1 3 375 56
25 2 10 286 3
25 3 6 300 71
2 2 6 371 8
18 3 11 491 67
27 3 14 404 65
9 6 6 412 20
24 3 5 375 40
23 3 13 412 58
20 3 2 273 65
19 1 7 491 17
6 2 3 431 58
2 3 4 404 71
10 1 6 432 81
16 2 14 469 24
18 4 14 558 77
27 4 13 470 48
19 2 5 508 92
2 4 0 475 50
17 0 13 518 33
21 2 0 525 96
15 0 7 508 29
15 1 13 551 12
23 4 5 600 1
18 5 1 635 20
8 3 8 244 25
28 3 11 558 25
4 4 9 355 50
8 4 4 475 68
3 3 14 635 33
3 4 1 668 47
26 2 2 340 1
0 2 12 431 69
26 3 9 405 81
7 1 4 543 27
29 2 14 668 7
6 3 11 583 20
25 4 11 603 20
19 3 2 600 87
26 4 1 715 34
18 6 12 655 96
13 2 5 601 32
27 5 2 687 88
4 5 13 563 50
14 4 7 537 71
0 3 6 513 15
27 6 12 775 2
1 3 2 775 30
16 3 10 493 60
8 5 11 623 63
11 2 7 608 59
28 4 4 583 57
14 5 9 608 77
19 4 11 687 17
17 1 7 667 82
21 3 3 621 44
15 2 9 685 64
23 5 3 665 62
18 7 0 751 1
28 5 5 640 81
25 5 13 623 52
14 6 8 685 44
28 6 0 752 8
7 2 10 570 68
29 3 13 675 89
15 3 4 749 55
26 5 11 749 48
29 4 5 764 13
14 7 14 729 43
7 3 0 760 39
6 4 6 603 45
13 3 1 749 93
15 4 10 804 77
5 2 10 881 11
18 8 13 764 88
13 4 6 842 97
27 7 3 777 76
21 4 4 804 13
28 7 1 842 81
3 5 0 799 73
21 5 5 817 38
12 3 7 749 83
10 2 4 817 36
24 4 13 852 11
10 3 7 853 86
12 4 2 832 73
2 5 10 892 56
8 6 7 939 33
26 6 0 872 82
29 5 1 923 96
20 4 7 972 83
19 5 14 772 61
13 5 4 939 4
18 9 2 905 21
25 6 9 749 92
23 6 14 833 4
25 7 0 954 73
23 7 1 1019 68
3 6 3 872 87
12 5 12 905 19
9 7 11 797 2
5 3 7 1055 79
21 6 8 855 51
0 4 9 841 6
15 5 2 926 20
18 10 4 943 81
4 6 14 837 12
15 6 0 1027 78
16 4 13 863 76
17 2 10 948 36
1 4 4 1024 30
22 0 10 984 87
22 1 9 1071 75
22 2 0 1146 24
1 5 11 1054 57
10 4 2 946 95
24 5 12 924 96
16 5 6 939 57
11 3 8 906 97
17 3 1 1087 51
8 7 14 972 86
28 8 13 939 59
8 8 2 1058 12
3 7 11 1111 70
26 7 5 954 32
26 8 8 1003 23
7 4 14 1058 24
25 8 12 1027 17
13 6 7 1134 98
11 4 4 1054 62
17 4 5 1138 97
5 4 14 1134 45
4 7 2 1070 73
0 5 1 1138 75
16 6 3 996 67
17 5 11 1235 19
1 6 10 1111 55
22 3 4 1170 67
1 7 14 1179 63
10 5 8 1041 92
24 6 8 1133 81
11 5 13 1116 9
7 5 2 1143 67
20 5 10 1166 25
19 6 3 1063 31
6 5 5 1235 55
11 6 2 1210 21
5 5 9 1179 22
20 6 1 1213 35
16 7 2 1231 28
24 7 4 1237 88
13 7 2 1259 80
7 6 12 1210 32
6 6 2 1339 53
22 4 7 1237 20
10 6 12 1242 46
6 7 7 1392 10
17 6 8 1254 63
21 7 11 1254 90
25 9 2 1392 87
0 6 14 1242 84
27 8 8 1317 37
1 8 5 1290 32
16 8 9 1259 61
8 9 1 1248 22
11 7 1 1270 30
28 9 8 1354 97
19 7 9 1320 1
17 7 0 1317 27
21 8 1 1344 84
15 7 6 1105 39
23 8 9 1321 8
10 7 10 1288 10
12 6 10 1298 12
2 6 5 1322 13
26 9 10 1310 44
7 7 1 1428 42
0 7 4 1326 24
9 8 7 1402 6
24 8 14 1326 90
20 7 13 1248 22
19 8 0 1344 67
16 9 12 1320 60
3 8 12 1380 21
5 6 0 1411 85
11 8 9 1329 8
29 6 12 1401 84
6 8 10 1402 3
22 5 2 1479 96
10 8 5 1335 6
6 9 13 1405 66
17 8 14 1416 35
21 9 7 1428 30
25 10 8 1479 81
14 8 10 1405 6
0 8 2 1575 64
27 9 10 1411 72
1 9 12 1485 43
16 10 4 1380 3
8 10 13 1471 75
11 9 14 1451 23
28 10 3 1451 43
19 9 6 1411 80
17 9 6 1491 28
21 10 6 1519 13
15 8 5 1341 88
23 9 12 1528 39
10 9 11 1344 18
12 7 8 1560 81
2 7 13 1546 14
8 11 6 1546 16
26 10 12 1567 20
29 7 9 1485 91
7 8 6 1562 54
0 9 13 1639 37
9 9 10 1483 88
24 9 9 1576 32
20 8 0 1496 81
19 10 4 1491 8
16 11 8 1641 20
6 10 14 1474 63
3 9 10 1571 22
14 9 4 1499 38
9 10 4 1571 7
5 7 2 1639 67
11 10 12 1587 74
27 10 0 1577 18
2 8 7 1560 99
21 11 14 1537 60
4 8 7 1659 84
26 11 6 1616 80
2 9 11 1659 57
4 9 12 1743 92
10 10 0 1595 41
24 10 0 1636 62
28 11 10 1593 34
23 10 8 1661 48
13 8 11 1716 90
12 8 13 1676 15
9 11 8 1709 73
29 8 3 1576 20
20 9 4 1578 14
29 9 6 1696 3
19 11 12 1835 16
27 11 6 1699 11
16 12 1 1661 47
28 12 2 1706 55
24 11 3 1698 52
5 8 6 1710 64
12 9 11 1806 34
9 12 2 1782 66
5 9 13 1774 75
15 9 3 1750 47
15 10 8 1797 81
4 10 3 1835 1
0 10 10 1676 79
16 13 0 1708 26
17 10 4 1592 26
1 10 8 1878 44
22 6 1 1708 76
22 7 13 1849 61
22 8 6 1910 44
18 11 6 1954 84
25 11 14 1597 35
14 10 6 2038 10
8 12 9 1608 44
27 12 11 1840 33
6 11 1 1784 36
1 11 3 1922 74
11 11 10 1755 48
4 11 8 1922 84
3 10 7 1743 30
0 11 0 1755 95
0 12 8 2006 27
25 12 1 1820 24
25 13 3 1996 23
18 12 3 2038 49
27 13 5 1873 24
23 11 2 1848 76
20 10 8 2033 19
25 14 4 2019 93
14 11 2 2048 81
7 9 9 1652 18
26 12 3 2087 85
8 13 10 1803 80
28 13 6 2048 36
14 12 12 2129 42
20 11 5 2052 42
1 12 9 1996 46
23 12 4 2112 51
12 10 14 1840 88
29 10 8 2052 45
6 12 4 2163 93
22 9 14 1954 51
10 11 1 1844 70
6 13 0 2256 40
17 11 3 2172 13
21 12 12 2171 20
3 11 13 1910 10
14 13 0 2296 28
9 13 3 2185 66
5 10 8 2097 22
11 12 5 2094 14
2 10 14 2005 86
21 13 13 2191 14
4 12 4 2256 88
26 13 14 2172 56
2 11 2 2129 28
4 13 10 2344 52
10 12 3 2251 29
24 12 1 1914 91
23 13 11 2163 25
13 9 9 2042 58
12 11 9 2100 54
9 14 12 2251 81
29 11 2 2157 50
20 12 14 2228 21
29 12 0 2324 1
19 12 13 2205 50
16 14 11 2188 90
24 13 2 2207 54
14 14 5 2324 65
8 14 0 2325 48
6 14 9 2296 85
1 13 6 2084 11
11 13 11 2278 68
3 12 4 2344 11
0 13 11 2346 60
0 14 7 2406 35
7 10 3 2280 58
29 13 4 2355 41
15 11 1 2005 41
26 14 4 2396 90
29 14 7 2441 57
27 14 1 2046 65
2 12 3 2338 37
21 14 2 2261 82
4 14 6 2396 46
2 13 8 2375 83
10 13 9 2381 22
24 14 10 2396 96
28 14 14 2249 2
23 14 10 2492 37
13 10 13 2255 40
12 12 3 2375 35
20 13 9 2403 30
19 13 8 2458 9
5 11 3 2410 35
12 13 5 2410 58
5 12 11 2445 65
15 12 14 2251 18
15 13 11 2510 7
17 12 12 2332 66
1 14 13 2295 41
22 10 12 2398 90
22 11 8 2488 40
22 12 11 2528 4
18 13 9 2433 92
11 14 3 2445 55
3 13 2 2355 10
18 14 8 2528 7
3 14 9 2525 17
2 14 12 2488 70
20 14 12 2558 83
19 14 1 2467 69
10 14 14 2403 15
17 13 2 2398 11
15 14 12 2641 40
7 11 13 2338 75
13 11 14 2418 15
17 14 9 2542 26
5 13 5 2510 30
5 14 4 2540 68
13 12 0 2433 34
12 14 1 2536 69
13 13 8 2535 58
7 12 7 2498 37
13 14 10 2593 3
7 13 5 2540 63
7 14 11 2603 16
22 13 3 2532 16
22 14 5 2603 51
