7 0 14 0 51
2 0 9 0 60
14 0 10 0 59
14 1 6 59 49
11 0 5 0 62
25 0 0 0 83
27 0 12 0 75
28 0 10 59 14
21 0 10 73 73
24 0 5 62 46
27 1 2 75 82
4 0 5 108 28
19 0 0 83 1
19 1 1 84 22
18 0 7 0 77
23 0 12 75 2
14 2 11 108 29
22 0 0 84 79
5 0 4 0 40
21 1 0 163 2
21 2 1 165 76
23 1 5 136 3
1 0 11 137 71
11 1 13 62 98
15 0 10 146 81
27 2 0 165 75
10 0 4 40 47
24 1 8 108 23
23 2 1 241 33
17 0 14 51 61
17 1 13 160 20
28 1 3 73 33
4 1 10 227 26
9 0 6 108 75
12 0 12 77 53
15 1 13 227 24
12 1 6 183 6
28 2 2 157 16
15 2 1 274 55
24 2 3 131 48
20 0 12 130 44
18 1 0 240 3
14 3 5 139 69
12 2 2 189 65
10 1 6 189 8
20 1 11 208 94
6 0 2 254 90
24 3 4 179 69
25 1 14 112 86
29 0 5 208 33
4 2 12 253 71
26 0 8 131 28
5 1 11 302 36
26 1 4 248 59
12 3 0 254 68
5 2 2 344 5
6 1 3 344 15
29 1 10 253 89
13 0 3 359 73
8 0 13 251 11
20 2 13 302 33
4 3 8 324 81
28 3 13 335 14
17 2 2 349 21
26 2 14 307 62
0 0 5 241 76
18 2 3 432 11
18 3 8 443 23
2 1 2 370 74
10 2 7 197 99
0 1 11 338 4
17 3 1 370 22
4 4 7 405 36
2 2 0 444 35
13 1 12 432 65
1 1 8 466 85
16 0 2 444 20
28 4 8 551 24
2 3 13 479 73
6 2 0 479 89
20 3 10 342 28
0 2 1 392 98
5 3 14 369 78
16 1 6 464 25
19 2 11 342 99
11 2 9 160 68
11 3 2 464 14
1 2 4 551 3
2 4 10 552 49
20 4 14 447 23
19 3 14 470 34
29 2 11 441 89
0 3 9 490 1
7 1 5 317 75
0 4 6 491 51
25 2 3 443 6
29 3 4 554 49
19 4 5 504 48
29 4 0 603 58
8 1 2 478 96
4 5 2 574 96
8 2 10 601 92
27 3 3 449 94
8 3 0 693 94
1 3 9 554 45
3 0 12 497 95
9 1 1 490 78
12 4 10 693 53
25 3 12 592 61
24 4 13 552 71
6 3 6 568 87
16 2 5 552 70
26 3 7 441 97
7 2 6 655 2
6 4 14 655 52
22 1 11 530 56
23 3 7 538 74
15 3 4 603 95
10 3 13 623 85
22 2 8 586 22
1 4 1 599 13
4 6 14 707 95
6 5 11 707 59
18 4 2 670 56
14 4 13 708 79
1 5 2 726 57
25 4 6 657 39
13 2 4 698 54
13 3 10 752 95
27 4 5 622 67
28 5 6 696 1
21 3 4 752 26
24 5 9 623 9
27 5 13 787 15
4 7 9 802 45
19 5 2 783 15
12 5 3 746 66
25 5 10 847 72
24 6 12 653 94
16 3 13 802 6
26 4 2 798 52
7 3 8 657 86
22 3 5 689 39
23 4 13 808 69
15 4 11 766 2
10 4 11 768 11
22 4 6 728 27
4 8 13 877 10
12 6 11 812 15
18 5 4 778 30
14 5 3 812 57
21 4 14 802 50
9 2 14 852 27
2 5 6 755 1
20 5 4 808 31
19 6 9 847 9
0 5 4 839 92
17 4 4 931 22
26 5 13 887 58
18 6 10 919 77
10 5 8 779 16
17 5 9 953 69
4 9 4 953 55
13 4 8 847 12
28 6 11 827 20
6 6 7 766 22
5 4 12 747 63
19 7 13 945 67
11 4 0 787 57
7 4 9 1022 19
25 6 8 919 1
4 10 11 1008 87
27 6 14 879 23
3 1 1 612 73
25 7 7 920 8
29 5 2 850 32
19 8 8 1012 85
29 6 3 882 95
8 4 6 787 78
8 5 9 1041 63
27 7 1 902 57
8 6 8 1104 44
1 6 12 810 26
3 2 13 1012 23
9 3 10 996 27
12 7 4 1008 83
25 8 9 1104 17
24 7 10 1023 44
6 7 5 788 42
16 4 4 1091 3
4 11 0 1095 65
16 5 10 1094 5
7 5 10 1099 88
22 5 9 1121 38
4 12 6 1160 54
3 3 5 1035 77
10 6 10 1187 24
12 8 14 1091 80
22 6 14 1171 14
5 5 5 1112 96
9 4 7 1023 82
9 5 2 1105 91
15 5 5 1208 94
3 4 14 1185 47
3 5 0 1232 24
19 9 4 1097 41
6 8 4 1138 46
13 5 7 1105 69
8 7 7 1174 8
16 6 14 1232 73
26 6 11 1095 49
27 8 11 1144 4
18 7 1 996 64
14 6 1 1060 27
5 6 10 1211 25
21 5 13 1035 93
21 6 7 1182 93
1 7 5 1302 63
11 5 12 844 2
15 6 6 1302 38
2 6 11 1148 92
20 6 8 1148 10
0 6 13 1128 75
7 6 1 1187 20
0 7 3 1203 47
1 8 10 1365 38
9 6 4 1196 88
12 9 5 1365 73
26 7 12 1144 83
7 7 2 1207 88
5 7 8 1236 86
4 13 1 1214 26
28 7 9 1159 96
20 7 1 1240 15
14 7 12 1227 62
6 9 12 1289 60
26 8 0 1256 11
7 8 4 1295 24
6 10 13 1349 54
11 6 14 1305 52
4 14 3 1250 60
9 7 11 1284 76
20 8 9 1255 50
18 8 13 1403 52
14 8 0 1289 57
6 11 8 1403 87
29 7 9 1305 64
6 12 9 1490 22
29 8 13 1455 11
25 9 13 1466 60
27 9 4 1319 51
15 7 7 1340 43
25 10 2 1526 41
27 10 8 1490 23
23 5 4 1370 58
9 8 0 1360 37
12 10 7 1438 86
13 6 5 1438 4
2 7 3 1310 5
15 8 14 1383 15
17 6 11 1360 98
20 9 3 1315 68
21 7 9 1512 35
26 9 5 1442 49
6 13 1 1512 97
23 6 8 1513 99
1 9 13 1526 91
0 8 7 1524 35
16 7 7 1559 25
28 8 0 1397 75
24 8 1 1609 1
18 9 5 1491 70
23 7 11 1612 79
14 9 14 1398 22
11 7 7 1584 36
17 7 0 1472 12
15 9 3 1398 52
10 7 5 1561 10
22 7 4 1428 55
1 10 6 1617 73
12 11 9 1547 57
0 9 10 1559 70
16 8 0 1584 58
7 9 7 1620 42
22 8 2 1567 64
25 11 1 1610 16
13 7 1 1626 7
27 11 7 1662 40
28 9 1 1633 36
21 8 2 1631 64
24 9 7 1702 26
19 10 6 1690 13
18 10 6 1703 3
23 8 0 1691 84
18 11 12 1706 97
8 8 4 1483 68
27 12 9 1702 63
8 9 14 1551 77
3 6 8 1612 29
9 9 13 1617 43
12 12 13 1660 23
3 7 11 1691 88
24 10 0 1775 93
16 9 8 1642 36
7 10 11 1779 90
24 11 11 1869 54
22 9 13 1683 99
3 8 7 1779 69
10 8 3 1571 10
12 13 8 1683 88
22 10 10 1782 28
5 8 1 1669 85
25 12 5 1626 21
9 10 9 1765 52
9 11 8 1817 71
15 10 8 1888 54
3 9 3 1848 49
3 10 4 1897 28
17 8 3 1897 30
19 11 10 1810 48
6 14 10 1858 1
29 9 8 1942 13
13 8 6 1706 12
8 10 5 1647 52
24 12 2 1923 24
16 10 3 1927 91
26 10 6 1718 24
27 13 6 1765 97
19 12 12 1858 7
18 12 14 1803 93
23 9 10 1859 92
14 10 8 1955 29
22 11 7 1848 97
5 9 6 1862 56
21 9 3 2018 42
21 10 11 2060 17
23 10 6 1951 98
1 11 7 1945 59
11 8 1 1754 58
15 11 2 1947 66
27 14 10 1951 20
10 9 0 1868 12
24 13 6 2049 77
23 11 14 2049 41
20 10 7 2004 7
19 13 3 2060 66
29 10 12 1955 43
0 10 12 1998 21
7 11 3 2126 20
0 11 14 2090 20
25 13 4 1925 21
29 11 7 2011 98
29 12 6 2126 32
8 11 1 1812 74
8 12 3 2146 43
1 12 14 2110 74
3 11 6 2158 66
9 12 3 2189 45
12 14 1 1886 37
23 12 9 2090 37
16 11 12 2019 22
22 12 12 2041 7
5 10 9 2127 25
21 11 12 2077 26
1 13 0 2184 37
11 9 10 1971 54
20 11 5 2011 50
0 12 2 2110 79
7 12 13 2146 29
11 10 3 2234 99
15 12 0 2221 64
10 10 9 2152 37
17 9 12 2103 98
14 11 2 2189 42
5 11 0 2285 30
21 12 8 2103 60
9 13 5 2234 99
13 9 11 2077 82
28 10 4 1946 92
14 12 7 2231 59
7 13 12 2201 20
26 11 3 2333 56
18 13 11 2159 54
10 11 2 2231 39
21 13 5 2333 73
19 14 7 2290 55
13 10 9 2189 5
11 11 6 2333 57
15 13 12 2285 24
10 12 14 2270 38
17 10 8 2201 28
28 11 7 2345 74
18 14 9 2213 15
13 11 14 2308 22
15 14 9 2309 29
10 13 12 2309 76
17 11 7 2419 8
5 12 13 2315 98
2 8 8 2229 41
20 12 0 2315 79
5 13 3 2413 78
17 12 6 2427 7
2 9 14 2330 2
26 12 9 2389 43
22 13 1 2048 92
7 14 0 2394 50
13 12 13 2413 15
3 12 2 2270 4
3 13 10 2274 41
14 13 9 2432 20
29 13 14 2332 56
17 13 5 2434 51
29 14 1 2388 62
13 13 2 2428 2
8 13 11 2213 10
16 12 11 2223 61
26 13 10 2432 34
23 13 2 2430 12
14 14 4 2452 86
22 14 3 2491 71
21 14 6 2434 57
23 14 3 2562 12
1 14 3 2574 65
11 12 11 2390 52
10 14 1 2450 91
2 10 12 2385 95
20 13 6 2491 76
0 13 8 2270 81
26 14 1 2541 23
2 11 5 2485 28
13 14 0 2444 38
28 12 5 2513 13
11 13 8 2442 90
25 14 11 2442 6
2 12 7 2513 37
0 14 0 2482 63
8 14 12 2480 87
3 14 9 2452 3
5 14 7 2550 41
9 14 12 2567 70
2 13 4 2550 78
20 14 2 2567 89
17 14 10 2485 66
2 14 1 2628 86
28 13 14 2526 79
11 14 4 2628 58
24 14 14 2605 44
16 13 9 2455 38
28 14 12 2637 48
16 14 1 2714 33
