1 0 13 0 42
9 0 0 0 27
10 0 1 0 72
11 0 6 0 31
4 0 8 0 27
7 0 12 0 41
10 1 4 72 54
6 0 2 0 20
29 0 16 0 31
11 1 5 31 86
28 0 18 0 74
5 0 1 72 9
15 0 4 126 33
18 0 9 0 64
4 1 6 31 10
17 0 19 0 95
26 0 14 0 75
29 1 3 31 77
19 0 17 0 56
1 1 2 42 60
23 0 14 75 55
16 0 17 56 63
15 1 9 159 14
2 0 8 27 93
8 0 10 0 46
3 0 13 42 31
22 0 10 46 5
7 1 10 51 59
8 1 14 130 36
24 0 11 0 85
28 1 11 85 98
0 0 5 117 59
23 1 0 130 19
8 2 3 166 60
21 0 0 149 61
1 2 15 102 52
21 1 7 210 24
15 2 18 173 19
1 3 12 154 14
28 2 9 183 11
1 4 4 168 83
15 3 19 192 84
5 1 13 81 16
12 0 13 97 35
1 5 9 251 95
16 1 10 119 72
11 2 9 346 46
28 3 14 194 96
17 1 13 132 4
5 2 10 191 75
23 2 5 176 61
8 3 0 226 59
0 1 13 176 72
5 3 0 285 21
27 0 0 306 33
23 3 11 237 61
14 0 4 251 18
16 2 13 248 80
24 1 6 85 98
3 1 8 120 95
27 1 18 339 75
17 2 9 392 95
15 4 3 276 69
19 1 8 215 12
8 4 7 285 53
0 2 3 345 92
24 2 18 414 68
9 1 2 102 31
24 3 14 482 57
18 1 11 298 79
3 2 0 339 36
11 3 10 392 3
4 2 2 133 93
16 3 19 328 2
27 2 8 414 97
5 4 2 306 49
19 2 13 328 74
20 0 17 119 73
19 3 7 402 42
20 1 2 355 38
15 5 17 345 59
20 2 7 444 25
25 0 18 482 44
13 0 10 395 59
3 3 11 377 61
22 1 18 526 17
22 2 4 543 40
29 2 9 487 92
10 2 0 375 51
2 1 5 237 12
3 4 3 438 92
22 3 5 583 88
16 4 0 426 94
11 4 0 520 63
10 3 10 454 87
3 5 14 539 24
21 2 16 234 24
17 3 3 530 6
17 4 6 536 67
16 5 12 520 11
9 2 3 536 45
4 3 13 402 26
21 3 12 531 22
17 5 17 603 30
9 3 9 581 57
4 4 16 428 64
29 3 6 603 27
24 4 16 539 63
13 1 3 581 36
4 5 11 492 70
29 4 2 630 71
6 1 3 617 76
11 5 2 701 58
4 6 15 562 16
5 5 12 553 97
4 7 12 650 48
11 6 3 759 81
28 4 4 583 39
2 2 2 759 34
27 3 9 638 31
22 4 12 698 30
27 4 12 728 84
14 1 14 563 35
24 5 0 602 58
14 2 8 598 61
11 7 12 840 7
1 6 3 840 36
9 4 8 659 79
6 2 16 693 3
29 5 18 701 82
28 5 0 660 31
15 6 15 578 2
26 1 2 793 73
5 6 19 650 5
15 7 16 696 83
18 2 17 633 87
17 6 7 633 88
26 2 19 866 13
29 6 11 783 36
19 4 4 622 98
1 7 7 876 28
23 4 9 669 97
16 6 14 598 25
8 5 17 720 58
15 8 5 779 12
10 4 15 580 52
6 3 17 778 45
4 8 9 766 46
11 8 11 847 54
2 3 18 793 32
20 3 16 779 92
22 5 6 728 3
13 2 4 720 72
18 3 13 720 91
18 4 3 876 2
29 7 1 819 33
27 5 17 823 49
27 6 16 872 51
2 4 17 872 59
1 8 5 904 4
19 5 0 720 75
19 6 6 795 18
14 3 15 659 23
29 8 4 852 48
22 6 9 812 1
25 1 13 811 32
28 6 16 923 54
0 3 15 682 35
26 3 10 879 4
26 4 11 901 77
22 7 1 852 96
25 2 10 883 38
14 4 11 978 46
10 5 11 1024 4
5 7 5 908 20
12 1 19 879 5
4 9 4 900 37
16 7 18 825 10
8 6 19 884 8
12 2 11 1028 43
12 3 5 1071 84
6 4 10 921 53
29 9 0 900 91
11 9 7 904 39
5 8 17 931 26
17 7 16 977 26
25 3 12 921 93
22 8 11 1071 9
19 7 9 813 98
12 4 2 1155 77
3 6 7 943 70
4 10 19 937 89
21 4 3 878 85
16 8 2 1232 90
27 7 19 1026 30
27 8 15 1056 62
6 5 15 1118 6
7 2 17 957 37
3 7 4 1013 15
0 4 19 1056 17
14 5 9 1024 12
7 3 4 1028 89
0 5 9 1073 48
14 6 10 1036 38
8 7 2 1322 33
5 9 16 1003 50
12 5 15 1232 20
11 10 13 943 46
5 10 18 1053 26
19 8 16 1053 20
20 4 6 871 38
20 5 12 1014 91
20 6 14 1105 95
23 5 19 1073 76
1 9 0 991 31
10 6 16 1073 35
6 6 13 1124 83
28 7 3 977 49
15 9 8 791 21
6 7 12 1207 77
28 8 8 1026 51
15 10 11 1080 73
18 5 1 948 61
26 5 16 1108 5
26 6 9 1121 57
22 9 13 1207 94
7 4 3 1117 87
28 9 6 1077 40
0 6 10 1121 57
23 6 10 1178 38
21 5 6 1117 56
1 10 8 1077 14
0 7 6 1178 18
14 7 1 1074 59
13 3 9 1178 46
25 4 1 1133 40
21 6 19 1173 98
9 5 12 1284 14
14 8 17 1133 50
2 5 14 1200 73
2 6 0 1273 46
12 6 14 1273 84
3 8 18 1079 76
4 11 17 1183 83
21 7 2 1355 5
27 9 11 1153 67
18 6 10 1216 31
12 7 4 1357 70
11 11 8 1091 92
5 11 4 1427 20
19 9 18 1155 72
20 7 9 1224 2
20 8 3 1226 79
20 9 18 1305 41
23 7 15 1252 69
1 11 14 1357 23
10 7 9 1226 62
6 8 9 1288 21
28 10 13 1301 21
15 11 14 1380 83
6 9 19 1309 52
28 11 15 1322 19
15 12 0 1463 26
18 7 16 1247 85
26 7 7 1178 98
26 8 15 1341 60
22 10 8 1301 69
7 5 11 1220 32
28 12 7 1341 44
0 8 12 1298 55
23 8 2 1360 24
21 8 10 1360 29
1 12 6 1380 71
0 9 4 1447 51
14 9 16 1332 75
13 4 17 1266 48
25 5 9 1309 56
21 9 9 1389 73
9 6 16 1407 82
14 10 5 1407 60
2 7 4 1498 25
2 8 11 1523 82
12 8 3 1427 79
3 9 6 1451 50
4 12 5 1467 71
21 10 18 1462 27
27 10 2 1384 84
18 8 0 1489 53
7 6 2 1468 98
18 9 5 1542 77
4 13 3 1538 72
5 12 15 1447 8
12 9 6 1506 52
16 9 5 1619 73
20 10 0 1542 3
23 9 3 1610 62
1 13 19 1451 95
4 14 7 1610 45
6 10 8 1370 32
5 13 8 1455 96
12 10 10 1558 92
11 12 19 1546 96
5 14 7 1655 50
10 8 19 1642 15
22 11 7 1705 72
14 11 18 1489 57
13 5 8 1551 72
25 6 0 1545 80
9 7 13 1489 96
12 11 1 1650 34
3 10 19 1657 18
21 11 8 1623 99
27 11 13 1585 45
18 10 7 1777 25
7 7 19 1675 24
21 12 13 1722 4
12 12 12 1684 39
16 10 11 1692 20
6 11 0 1625 27
12 13 18 1723 30
11 13 14 1642 57
10 9 13 1726 45
22 12 17 1777 90
17 8 5 1692 57
13 6 0 1652 76
21 13 5 1749 99
27 12 3 1672 48
8 8 11 1712 70
19 10 11 1782 34
10 10 14 1771 84
17 9 14 1855 61
9 8 4 1585 4
8 9 16 1782 93
6 12 18 1753 93
29 10 5 1848 49
11 14 16 1875 40
17 10 15 1916 9
13 7 19 1728 48
9 9 10 1650 17
29 11 7 1897 39
10 11 8 1855 65
22 13 0 1867 14
7 8 8 1920 30
0 10 2 1566 8
7 9 9 1950 84
17 11 18 1925 35
26 9 1 1684 99
29 12 12 1936 91
19 11 5 1897 74
1 14 1 1783 69
23 10 4 1672 24
16 11 16 1915 92
8 10 6 1875 38
15 13 2 1574 94
10 12 6 1920 85
6 13 11 1846 81
4 15 1 1852 73
11 15 4 1915 49
2 9 3 1720 90
20 11 4 1964 99
22 14 2 1881 41
13 8 2 1922 69
18 11 6 2005 94
18 12 4 2099 43
29 13 15 2027 47
27 13 10 1720 62
27 14 5 1971 64
2 10 16 2007 70
1 15 10 1852 17
19 12 10 1971 10
19 13 12 2027 98
14 12 6 2099 63
29 14 8 2074 74
23 11 18 1960 94
22 15 14 1922 50
25 7 7 1936 90
28 13 2 1991 76
0 11 14 1972 68
26 10 5 2035 12
22 16 19 1972 69
25 8 2 2067 74
14 13 13 2162 89
10 13 17 2005 49
5 15 6 2162 84
12 14 9 2034 65
4 16 10 1981 97
16 12 7 2026 11
8 11 4 2142 5
12 15 7 2099 11
12 16 16 2110 88
6 14 14 2040 78
11 16 17 2054 57
5 16 14 2246 7
17 12 0 1960 23
8 12 18 2147 75
15 14 1 1925 65
13 9 11 1991 62
24 6 17 2111 74
17 13 2 2141 47
20 12 5 2063 83
13 10 12 2125 30
0 12 8 2148 90
24 7 10 2185 52
26 11 13 2251 14
5 17 11 2253 52
15 15 12 2155 98
18 13 2 2188 13
26 12 4 2265 25
2 11 7 2110 27
2 12 6 2246 82
12 17 17 2198 32
3 11 5 2146 30
4 17 18 2222 12
20 13 8 2238 18
27 15 7 2137 87
18 14 18 2234 40
7 10 13 2265 49
5 18 3 2305 73
16 13 4 2290 85
6 15 1 2118 6
11 17 1 2124 86
11 18 18 2274 20
23 12 17 2230 3
1 16 18 2294 13
14 14 19 2251 71
23 13 13 2314 5
22 17 15 2074 38
25 9 5 2176 82
28 14 10 2237 64
24 8 9 2237 59
3 12 2 2201 93
27 16 6 2328 14
0 13 7 2238 39
24 9 2 2296 47
9 10 6 2342 46
24 10 7 2343 73
11 19 15 2294 91
27 17 4 2375 76
20 14 1 2256 12
25 10 16 2258 59
10 14 18 2307 98
10 15 12 2405 5
21 14 11 2305 63
9 11 19 2388 3
21 15 4 2451 25
9 12 15 2391 7
6 16 5 2258 93
28 15 12 2410 43
9 13 1 2398 42
6 17 7 2416 60
28 16 19 2453 9
14 15 12 2453 52
12 18 8 2256 80
3 13 9 2296 62
4 18 14 2253 57
21 16 15 2476 61
7 11 14 2314 84
5 19 9 2378 43
14 16 7 2505 83
7 12 7 2588 44
8 13 1 2440 23
29 15 14 2398 17
19 14 2 2343 12
15 16 6 2388 83
13 11 1 2463 48
24 11 4 2476 79
17 14 1 2511 46
8 14 13 2463 98
20 15 19 2462 71
13 12 18 2511 7
0 14 16 2317 79
24 12 19 2555 48
24 13 5 2603 38
26 13 8 2336 86
18 15 15 2537 59
26 14 18 2518 13
19 15 19 2603 95
1 17 17 2307 23
23 14 12 2505 84
16 14 8 2422 63
6 18 4 2555 12
4 19 0 2310 62
2 13 1 2557 85
20 16 10 2533 4
22 18 16 2396 12
13 13 15 2596 89
18 16 14 2596 3
18 17 19 2698 80
27 18 1 2642 42
2 14 12 2642 40
19 16 15 2698 33
14 17 3 2588 86
23 15 7 2632 43
25 11 6 2471 91
0 15 11 2396 40
26 15 0 2531 93
25 12 17 2562 40
23 16 6 2675 73
27 19 14 2684 71
24 14 8 2641 88
9 14 5 2641 24
29 16 13 2561 62
26 16 3 2674 41
20 17 11 2537 66
25 13 8 2729 26
13 14 5 2685 37
22 19 3 2715 1
10 16 2 2410 81
2 15 15 2731 35
10 17 7 2675 8
21 17 1 2684 51
17 15 12 2682 96
9 15 17 2665 86
21 18 17 2751 84
9 16 7 2751 67
13 15 16 2722 49
6 19 6 2748 35
28 17 17 2835 30
2 16 10 2766 61
1 18 16 2771 78
9 17 14 2818 79
28 18 5 2865 66
26 17 12 2778 1
26 18 6 2783 53
24 15 1 2735 85
24 16 12 2820 4
7 13 18 2632 16
3 14 10 2827 83
0 16 0 2624 66
14 18 2 2674 81
7 14 15 2766 43
0 17 17 2865 55
14 19 0 2755 98
8 15 5 2931 90
12 19 0 2853 2
19 17 14 2897 69
25 14 14 2966 74
21 19 14 3040 30
25 15 3 3040 7
3 15 15 2910 16
16 15 1 2820 97
23 17 1 2917 76
16 16 15 2926 38
20 18 15 2964 20
20 19 13 2984 53
15 17 10 2910 45
25 16 4 3047 49
13 16 6 2836 30
3 16 17 2926 75
10 18 3 3047 72
2 17 19 2827 92
3 17 1 3001 29
10 19 5 3119 33
3 18 12 3030 35
17 16 8 2778 19
17 17 11 2797 54
9 18 18 2897 43
17 18 10 2955 75
9 19 11 2940 17
24 17 15 2984 44
13 17 14 3070 52
28 19 1 3030 17
2 18 13 3037 98
24 18 13 3135 37
26 19 17 3001 54
18 18 8 2797 7
3 19 16 3065 31
18 19 12 3065 98
7 15 6 2866 65
16 17 6 2964 13
17 19 4 3096 11
13 18 13 3172 1
2 19 9 3135 53
19 18 3 3119 93
8 16 12 3163 18
29 17 19 2919 28
13 19 7 3173 56
29 18 10 3030 91
29 19 17 3121 58
7 16 16 3096 44
0 18 18 2940 62
7 17 1 3140 83
8 17 15 3181 62
19 19 1 3223 81
15 18 13 3173 40
24 19 3 3212 75
8 18 8 3243 4
0 19 1 3304 66
1 19 11 2957 51
23 18 16 3140 47
16 18 9 3188 42
23 19 8 3247 91
16 19 3 3287 59
15 19 7 3229 89
8 19 9 3247 56
7 18 5 3223 71
25 17 11 3096 88
25 18 19 3184 60
25 19 15 3244 35
7 19 0 3294 71
