5 0 4 0 44
18 0 15 0 92
26 0 10 0 55
8 0 17 0 78
3 0 7 0 16
12 0 2 0 67
28 0 11 0 21
1 0 6 0 57
26 1 0 55 41
9 0 11 21 14
12 1 0 96 18
9 1 1 35 21
14 0 1 56 39
3 1 1 95 91
16 0 17 78 47
29 0 16 0 45
23 0 9 0 62
25 0 13 0 99
2 0 17 125 71
29 1 11 45 22
23 1 1 186 34
21 0 16 45 67
8 1 0 114 91
13 0 10 55 99
13 1 12 154 72
20 0 8 0 99
15 0 2 67 81
18 1 19 92 4
6 0 17 196 5
18 2 11 96 31
11 0 5 0 33
9 2 9 62 74
6 1 4 201 55
18 3 0 205 76
11 1 18 33 9
9 3 16 136 30
26 2 1 220 4
7 0 10 154 92
27 0 16 166 97
12 2 5 114 66
17 0 13 99 28
24 0 12 226 12
1 1 1 224 64
0 0 4 256 11
10 0 19 96 40
13 2 4 267 22
22 0 7 16 42
19 0 17 201 17
7 1 1 288 39
11 2 6 57 84
27 1 19 263 32
29 2 14 67 89
25 1 8 99 50
12 3 18 180 37
11 3 9 141 70
12 4 19 295 65
1 2 2 288 15
21 1 13 127 22
24 1 3 238 93
17 1 2 303 70
27 2 13 295 41
10 1 18 217 34
29 3 8 156 42
8 2 9 211 26
21 2 0 281 59
4 0 10 246 3
25 2 4 289 17
20 1 1 327 68
0 1 10 267 45
24 2 14 331 74
4 1 1 395 51
25 3 6 306 9
16 1 8 198 51
17 2 6 373 42
4 2 7 446 43
29 4 19 360 43
15 1 14 405 18
29 5 5 403 99
0 2 12 312 34
2 1 15 196 1
27 3 3 336 33
24 3 10 405 20
6 2 13 336 2
23 2 4 306 98
5 1 8 249 97
26 3 13 338 75
18 4 4 404 91
25 4 3 369 72
14 1 16 263 88
3 2 2 373 22
7 2 0 340 24
3 3 17 395 28
24 4 0 425 33
28 1 4 495 51
19 1 8 346 99
21 3 1 446 37
15 2 9 423 77
27 4 15 369 23
15 3 16 500 33
27 5 1 483 39
3 4 16 533 89
13 3 8 445 79
18 5 10 495 66
7 3 17 423 71
19 2 4 546 47
7 4 18 494 12
17 3 14 423 96
17 4 18 519 14
15 4 3 533 17
13 4 13 524 60
26 4 12 413 86
12 5 9 500 92
11 4 17 494 56
22 1 6 415 90
20 2 11 395 56
14 2 19 403 82
28 2 8 546 99
28 3 13 645 79
24 5 4 593 89
24 6 11 682 41
14 3 0 485 41
28 4 5 724 21
28 5 3 745 48
22 2 4 682 28
10 2 14 519 46
16 2 19 485 60
7 5 7 506 37
21 4 10 561 6
25 5 7 543 91
8 3 7 634 81
8 4 4 715 43
20 3 19 545 70
19 3 10 593 82
14 4 17 550 99
11 5 12 550 60
19 4 12 675 14
21 5 15 567 64
3 5 8 645 99
13 5 17 649 28
18 6 7 715 59
7 6 16 622 64
19 5 0 689 2
15 5 0 691 9
27 6 8 744 74
15 6 4 758 5
27 7 14 818 49
3 6 9 744 69
13 6 2 677 59
18 7 1 774 97
7 7 6 686 17
19 6 11 723 82
7 8 15 703 95
19 7 9 813 69
20 4 16 686 72
14 5 15 798 45
28 6 18 793 44
10 3 10 675 97
16 3 7 774 94
21 6 14 867 17
25 6 19 634 37
20 5 5 758 77
9 4 12 689 62
5 2 3 793 7
9 5 3 800 70
14 6 2 843 11
11 6 3 870 16
9 6 6 870 87
15 7 12 763 76
5 3 9 882 54
10 4 13 772 67
6 3 19 671 6
4 3 3 886 21
27 8 12 867 69
22 3 17 710 19
15 8 13 839 75
2 2 8 818 90
29 6 17 729 91
17 5 7 868 81
4 4 17 907 66
21 7 8 908 50
26 5 11 805 59
12 6 7 949 30
24 7 5 835 96
6 4 15 843 65
4 5 0 973 71
0 3 5 931 61
3 7 4 813 22
24 8 15 931 4
23 3 11 864 65
11 7 14 886 84
21 8 17 973 45
18 8 8 958 15
26 6 5 992 44
3 8 15 935 85
2 3 16 908 81
0 4 3 992 8
3 9 14 1020 25
1 3 13 914 19
13 7 19 736 95
2 4 1 989 84
23 4 17 1018 12
25 7 2 854 39
10 5 5 1036 59
17 6 8 973 57
13 8 15 1020 84
2 5 10 1073 19
18 9 6 973 27
6 5 3 1000 42
0 5 8 1030 97
13 9 16 1104 49
19 8 7 979 6
7 9 12 936 52
1 4 11 933 14
10 6 3 1095 65
8 5 2 893 43
1 5 3 1160 54
14 7 9 936 48
3 10 6 1045 60
16 4 4 868 15
23 5 16 1153 66
25 8 5 1095 72
2 6 13 1092 75
21 9 18 1018 30
4 6 2 1044 17
0 6 19 1127 59
5 4 12 988 12
5 5 2 1061 68
6 6 2 1129 19
4 7 18 1061 98
27 9 2 1148 28
22 4 15 1104 7
5 6 6 1129 26
21 10 19 1186 7
20 6 17 1030 51
0 7 15 1186 72
0 8 6 1258 82
24 9 9 984 99
20 7 7 1081 64
15 9 19 1193 65
18 10 9 1083 15
6 7 1 1148 64
26 7 8 1127 73
24 10 2 1176 47
28 7 1 1212 67
17 7 0 1044 16
12 7 10 1092 57
22 5 14 1111 97
20 8 2 1223 66
21 11 2 1289 78
20 9 15 1289 57
12 8 11 1149 1
17 8 16 1219 45
29 7 12 1000 34
29 8 3 1214 43
28 8 17 1279 48
23 6 12 1219 32
17 9 1 1279 44
12 9 4 1150 16
11 8 15 1346 13
16 5 18 1159 13
16 6 12 1251 8
1 6 12 1259 71
23 7 14 1251 60
10 7 11 1160 47
22 6 19 1258 82
5 7 18 1172 42
11 9 0 1359 47
16 7 13 1259 16
15 10 17 1327 11
16 8 3 1275 61
16 9 11 1336 72
1 7 14 1330 29
23 8 6 1340 12
10 8 8 1207 20
22 7 8 1340 41
5 8 5 1214 19
5 9 19 1340 92
26 8 19 1432 66
14 8 3 1336 2
3 11 18 1214 33
3 12 13 1275 17
28 9 14 1359 96
15 11 15 1359 69
21 12 4 1367 72
25 9 9 1167 31
20 10 12 1346 74
9 7 13 1292 29
14 9 6 1352 8
11 10 19 1498 65
9 8 10 1321 86
26 9 2 1498 70
1 8 10 1407 17
16 10 6 1408 69
11 11 4 1563 76
1 9 19 1563 43
13 10 3 1338 86
2 7 14 1455 83
18 11 18 1247 62
10 9 7 1227 22
17 10 3 1424 40
22 8 10 1424 69
8 6 5 1233 93
27 10 5 1326 55
29 9 15 1428 68
25 10 18 1309 72
12 10 8 1381 89
12 11 15 1496 36
21 13 12 1439 36
24 11 6 1477 23
17 11 10 1493 11
29 10 13 1496 76
8 7 18 1381 35
21 14 7 1475 23
4 8 12 1475 73
20 11 0 1420 9
0 9 0 1429 57
24 12 8 1500 12
4 9 16 1548 76
16 11 9 1477 17
29 11 18 1572 55
15 12 8 1512 17
29 12 9 1627 1
0 10 11 1486 87
2 8 6 1538 25
3 13 3 1464 6
24 13 13 1572 91
28 10 12 1548 19
19 9 16 1624 89
21 15 6 1563 94
15 13 18 1627 66
27 11 17 1381 60
15 14 11 1693 36
27 12 0 1486 61
3 14 0 1547 94
13 11 0 1641 37
18 12 14 1538 82
7 10 2 1568 9
19 10 18 1713 66
7 11 11 1729 3
17 12 19 1606 70
17 13 4 1676 97
15 15 7 1729 23
13 12 6 1678 10
26 10 3 1568 79
12 12 17 1532 30
11 12 2 1639 51
22 9 0 1678 47
20 12 9 1628 72
14 10 10 1504 88
28 11 9 1700 39
28 12 6 1739 56
24 14 18 1779 25
24 15 17 1804 83
14 11 18 1804 95
28 13 19 1795 76
28 14 10 1871 16
22 10 3 1725 76
10 10 16 1713 15
16 12 1 1494 44
7 12 4 1773 87
21 16 9 1739 25
6 8 7 1752 51
23 9 2 1690 85
5 10 1 1538 57
26 11 7 1803 85
18 13 13 1663 94
14 12 7 1899 64
3 15 11 1732 56
7 13 8 1860 46
3 16 19 1871 8
19 11 19 1879 39
15 16 6 1795 75
13 13 5 1688 68
18 14 3 1801 55
13 14 1 1756 70
22 11 12 1801 88
14 13 14 1963 7
16 13 5 1756 84
8 8 11 1788 36
2 9 12 1889 69
8 9 12 1958 74
9 9 14 1970 88
9 10 8 2058 24
26 12 4 1888 51
1 10 7 1963 81
25 11 11 1824 97
16 14 10 1887 97
25 12 10 1984 40
29 13 6 1870 73
12 13 1 1826 49
11 13 1 1875 34
10 11 0 1728 66
22 12 16 1889 11
26 13 6 1943 5
12 14 14 2058 7
24 16 1 1909 34
29 14 1 1943 56
27 13 9 1764 84
24 17 16 1943 83
25 13 16 2026 43
14 14 13 1970 62
28 15 2 1887 40
23 10 15 1775 73
21 17 11 1921 74
8 10 14 2065 18
15 17 1 1999 64
18 15 12 2032 52
6 9 16 2069 4
11 14 10 2024 53
9 11 19 2082 54
24 18 7 2044 70
19 12 1 2063 9
21 18 3 1995 6
27 14 11 1995 2
20 13 3 2001 94
6 10 8 2082 13
26 14 17 1948 35
17 14 12 2084 20
23 11 5 1848 55
11 15 8 2095 63
2 10 0 1958 1
0 11 13 2032 61
1 11 18 2044 87
4 10 6 1948 93
16 15 15 1984 93
25 14 0 2069 96
6 11 10 2095 46
9 12 4 2136 11
6 12 12 2141 52
9 13 18 2147 15
27 15 10 2141 84
12 15 6 2065 73
17 15 11 2104 80
1 12 16 2131 65
0 12 1 2093 90
10 12 6 2138 20
22 13 5 1903 68
19 13 13 2093 90
29 15 0 2165 89
1 13 17 2196 62
6 13 6 2193 38
0 13 16 2196 4
1 14 15 2258 80
10 13 4 2158 40
8 11 13 2183 30
14 15 8 2158 19
6 14 11 2231 15
23 12 10 2225 97
5 11 11 2246 71
18 16 2 2084 77
3 17 12 2193 77
3 18 5 2270 54
16 16 0 2254 91
8 12 19 2213 15
2 11 9 1959 80
8 13 3 2228 64
9 14 0 2345 21
9 15 5 2366 29
1 15 5 2395 75
25 15 1 2183 51
16 17 14 2345 60
4 11 13 2213 88
10 14 2 2198 72
4 12 11 2317 61
29 16 7 2254 13
4 13 8 2378 79
13 15 11 2378 20
18 17 5 2470 39
7 14 14 2405 71
18 18 16 2509 38
6 15 9 2246 87
0 14 17 2258 17
13 16 18 2398 71
19 14 3 2292 91
7 15 5 2509 29
1 16 0 2470 19
10 15 12 2270 73
8 14 8 2457 90
1 17 4 2489 48
14 16 12 2343 61
16 18 2 2405 99
23 13 0 2489 24
25 16 14 2476 29
2 12 5 2538 35
4 14 15 2457 9
0 15 18 2469 69
5 12 17 2317 67
5 13 0 2513 2
6 16 14 2505 74
4 15 19 2466 18
27 16 18 2538 17
22 14 13 2301 70
5 14 13 2515 49
20 14 13 2564 63
0 16 2 2538 95
0 17 14 2633 15
24 19 19 2484 27
20 15 6 2627 21
15 18 5 2573 14
18 19 17 2547 53
6 17 18 2579 64
26 15 9 2333 17
28 16 0 2515 69
17 16 5 2587 24
12 16 12 2404 20
22 15 9 2371 31
20 16 4 2648 39
12 17 13 2627 26
17 17 15 2611 27
29 17 10 2322 99
29 18 4 2687 82
28 17 7 2584 93
23 14 8 2547 9
17 18 17 2638 55
11 16 16 2547 14
16 19 16 2561 57
1 18 9 2537 33
23 15 13 2653 26
10 16 9 2570 50
22 16 18 2643 8
5 15 16 2618 40
5 16 14 2658 51
26 16 15 2638 30
14 17 11 2404 60
28 18 15 2677 15
25 17 12 2505 21
9 16 17 2693 57
25 18 17 2750 18
20 17 10 2687 23
15 19 10 2710 42
6 18 5 2643 80
11 17 11 2561 84
9 17 15 2750 75
6 19 0 2723 91
11 18 13 2679 78
9 18 2 2825 57
26 17 16 2668 35
7 16 19 2538 22
27 17 4 2769 73
12 18 16 2703 29
17 19 9 2693 13
1 19 8 2570 68
0 18 7 2677 97
10 17 15 2825 4
13 17 14 2709 23
22 17 2 2882 81
19 15 6 2648 63
7 17 13 2757 62
11 19 7 2774 92
27 18 6 2842 26
29 19 2 2963 72
25 19 15 2829 50
12 19 3 2732 42
21 19 5 2723 97
27 19 7 2868 91
10 18 17 2829 88
8 15 10 2752 75
4 16 9 2706 31
20 18 14 2732 80
0 19 9 2774 93
4 17 14 2812 80
4 18 5 2892 4
2 13 18 2651 76
23 16 18 2727 92
5 17 7 2959 27
26 18 14 2892 34
14 18 4 2842 45
3 19 10 2827 82
7 18 3 2819 43
28 19 16 2732 52
19 16 2 3035 13
13 18 7 2986 71
7 19 9 2867 51
19 17 14 3048 34
13 19 9 3057 51
26 19 18 2926 91
22 18 1 2963 3
20 19 18 3017 8
14 19 5 2896 32
22 19 11 2966 84
10 19 1 2966 44
8 16 1 3010 37
8 17 15 3047 35
19 18 15 3082 36
19 19 5 3118 81
9 19 7 3057 43
5 18 15 3118 35
5 19 10 3153 22
4 19 4 2896 32
2 14 2 3048 37
23 17 3 2862 3
2 15 4 3085 23
2 16 3 3108 13
23 18 7 3100 41
2 17 19 3121 4
8 18 6 3082 39
23 19 19 3141 83
2 18 11 3125 81
8 19 16 3121 87
2 19 7 3206 20
