5 0 9 0 5
2 0 18 0 59
9 0 1 0 42
28 0 3 0 82
4 0 5 0 82
29 0 7 0 37
17 0 3 82 39
14 0 3 121 58
18 0 0 0 88
4 1 10 82 71
7 0 8 0 78
3 0 15 0 20
13 0 17 0 68
11 0 1 42 6
24 0 6 0 90
15 0 9 5 5
24 1 14 90 55
2 1 14 145 22
7 1 14 167 63
23 0 19 0 28
27 0 18 59 92
6 0 2 0 43
20 0 8 78 68
12 0 0 88 56
28 1 15 82 31
23 1 13 28 20
19 0 6 90 93
26 0 4 0 53
19 1 19 183 56
2 2 1 167 10
17 1 15 121 65
29 1 18 151 17
23 2 2 48 44
6 1 6 183 4
17 2 0 186 21
26 1 0 207 6
26 2 5 213 79
11 1 14 230 41
1 0 8 146 91
24 2 15 186 41
13 1 11 68 36
18 1 6 187 93
1 1 7 237 80
6 2 7 317 32
25 0 8 237 41
5 1 16 5 29
26 3 8 292 84
20 1 18 168 11
25 1 6 280 4
15 1 0 213 93
6 3 14 349 4
11 2 4 271 5
29 2 16 168 3
7 2 13 230 26
16 0 17 68 75
10 0 9 10 77
25 2 4 284 34
28 2 11 113 12
26 4 9 376 3
7 3 16 256 48
26 5 18 379 41
7 4 10 304 9
23 3 17 143 81
6 4 4 353 96
12 1 9 379 75
6 5 12 449 34
24 3 7 349 20
29 3 10 313 57
9 1 19 239 71
7 5 7 369 26
28 3 9 454 78
1 2 12 483 38
13 2 5 292 34
9 2 0 310 68
0 0 3 179 86
3 1 1 177 39
7 6 2 395 55
10 1 0 378 17
5 2 1 216 73
22 0 14 353 68
9 3 7 395 77
14 1 19 310 48
21 0 15 227 10
8 0 3 265 55
20 2 7 472 99
10 2 1 395 79
8 1 0 395 87
13 3 3 326 11
26 6 14 421 28
2 3 11 177 1
2 4 0 482 75
14 2 4 449 97
10 3 13 474 1
14 3 10 546 67
29 4 4 546 71
28 4 16 532 83
2 5 6 557 1
13 4 14 449 63
2 6 12 558 35
13 5 7 571 31
11 3 11 276 87
9 4 2 472 19
19 2 3 337 28
6 6 15 483 21
5 3 5 326 69
23 4 9 532 62
8 2 14 512 10
21 1 0 557 24
25 3 7 602 68
8 3 4 617 5
22 1 17 421 57
16 1 12 593 63
18 2 17 478 11
21 2 8 581 55
0 1 17 489 5
21 3 9 636 71
15 2 6 558 79
3 2 4 622 2
5 4 6 637 51
0 2 14 522 21
14 4 2 613 3
3 3 11 624 32
1 3 14 543 79
4 2 15 504 55
15 3 14 637 40
17 3 2 616 34
16 2 18 656 16
26 7 15 559 61
1 4 1 622 66
10 4 3 475 72
7 7 19 450 93
18 3 4 624 90
28 5 5 615 33
19 3 13 475 57
2 7 4 714 15
7 8 0 581 15
23 5 1 688 66
27 1 7 670 94
6 7 16 615 2
5 5 11 688 70
0 3 10 613 67
14 5 1 754 85
3 4 3 656 44
1 5 4 729 6
4 3 13 559 28
15 4 3 700 4
17 4 4 735 66
16 3 6 688 15
26 8 10 680 43
1 6 17 735 21
10 5 16 617 88
7 9 6 703 85
18 4 1 839 27
28 6 12 656 39
19 4 18 672 21
26 9 12 723 36
1 7 19 756 89
11 4 2 650 46
26 10 13 759 68
25 4 15 670 58
7 10 5 788 39
23 6 4 801 44
9 5 6 788 12
23 7 0 845 52
14 6 11 839 36
0 4 5 827 87
29 5 3 704 82
3 5 2 700 85
10 6 14 705 42
5 6 13 827 24
22 2 19 845 15
9 6 10 800 59
14 7 15 875 24
10 7 2 785 83
8 4 15 899 48
13 6 1 866 30
14 8 0 899 2
2 8 15 947 39
14 9 5 914 37
29 6 11 875 9
28 7 19 860 78
13 7 15 986 59
11 5 7 764 75
16 4 14 747 42
12 2 10 859 53
9 7 4 859 74
16 5 16 789 34
16 6 13 851 27
12 3 4 933 34
19 5 4 967 59
6 8 13 878 33
5 7 14 851 89
21 4 13 911 99
25 5 10 912 71
8 5 6 947 78
22 3 5 951 36
18 5 2 868 63
3 6 17 785 30
5 8 2 940 21
0 5 12 914 90
3 7 10 983 68
1 8 9 845 50
12 4 2 967 73
4 4 16 823 73
22 4 16 987 27
15 5 11 884 82
22 5 6 1025 26
24 4 4 1026 51
15 6 8 966 73
17 5 6 1051 27
20 3 14 940 3
4 5 19 938 12
27 2 3 786 54
27 3 9 895 17
16 7 2 1040 3
5 9 0 961 89
11 6 3 840 49
20 4 0 1050 78
18 6 18 931 20
28 8 13 1010 33
29 7 0 1128 29
26 11 7 839 8
1 9 15 1045 93
10 8 5 987 84
7 11 12 1004 87
18 7 12 1091 51
28 9 0 1157 11
26 12 11 966 35
1 10 0 1168 52
11 7 12 1142 6
11 8 16 1148 1
26 13 3 1001 73
25 6 18 983 57
23 8 3 1074 40
9 8 17 933 71
23 9 11 1114 89
9 9 5 1071 22
0 6 18 1040 21
29 8 17 1157 17
3 8 14 1051 67
10 9 12 1148 8
22 6 4 1077 66
14 10 14 1118 72
10 10 7 1156 40
8 6 8 1039 87
13 8 10 1051 85
13 9 12 1156 60
12 5 3 1114 83
12 6 7 1197 72
6 9 5 1093 77
5 10 4 1143 83
21 5 5 1170 85
25 7 3 1197 81
8 7 5 1255 8
22 7 10 1143 38
18 8 11 1203 36
3 9 13 1118 57
5 11 17 1226 14
27 4 14 1190 11
17 6 9 1078 81
11 9 9 1159 50
0 7 8 1126 87
4 6 18 1061 18
17 7 10 1181 33
19 6 7 1269 48
11 10 13 1209 88
22 8 15 1181 97
19 7 1 1317 6
27 5 6 1201 41
27 6 0 1242 55
4 7 2 1079 41
24 5 16 1149 44
20 5 11 1239 1
4 8 4 1226 78
15 7 10 1214 71
17 8 14 1214 29
24 6 11 1240 67
19 8 9 1323 16
27 7 15 1297 15
27 8 8 1312 87
4 9 7 1317 71
24 7 0 1307 6
20 6 4 1304 39
1 11 3 1278 33
15 8 2 1285 61
17 9 16 1243 95
16 8 9 1339 83
10 11 8 1399 91
13 10 13 1297 78
1 12 2 1346 82
12 7 12 1269 15
24 8 1 1323 82
11 11 17 1297 65
20 7 9 1422 65
0 8 15 1312 82
7 12 4 1343 66
8 8 17 1362 70
8 9 9 1487 69
28 10 17 1432 91
19 9 16 1339 90
6 10 1 1405 62
23 10 10 1285 92
24 9 10 1405 5
24 10 17 1523 10
15 9 13 1375 65
17 10 11 1338 1
21 6 3 1311 58
25 8 13 1440 62
22 9 18 1278 55
18 9 16 1429 76
3 10 16 1505 14
5 12 15 1394 61
0 9 4 1409 68
27 9 19 1399 81
15 10 15 1455 74
23 11 8 1490 27
20 8 13 1502 19
28 11 2 1523 54
0 10 1 1477 25
3 11 7 1519 75
7 13 11 1409 54
22 10 12 1333 73
21 7 16 1519 18
8 10 13 1556 57
20 9 5 1521 16
8 11 16 1613 85
29 9 14 1243 99
28 12 8 1577 26
11 12 18 1362 10
6 11 10 1467 39
23 12 18 1517 6
25 9 19 1502 84
18 10 10 1506 26
0 11 7 1594 10
15 11 19 1586 2
18 11 15 1532 10
28 13 1 1603 90
23 13 14 1523 75
6 12 0 1506 89
23 14 16 1698 6
12 8 11 1463 28
26 14 16 1704 81
5 13 19 1588 12
13 11 16 1785 82
2 9 5 1537 28
16 9 19 1600 7
16 10 7 1607 12
29 10 2 1577 96
11 13 0 1595 88
17 11 5 1565 64
19 10 8 1603 6
10 12 19 1607 66
13 12 2 1867 6
2 10 13 1613 29
19 11 17 1609 49
6 13 17 1658 90
5 14 10 1600 97
21 8 10 1697 11
25 10 14 1598 57
8 12 1 1698 58
22 11 13 1642 23
18 12 3 1542 71
3 12 18 1594 71
5 15 18 1697 57
0 12 9 1604 58
3 13 0 1683 41
1 13 6 1428 51
12 9 17 1748 52
4 10 8 1609 26
22 12 8 1665 68
15 12 4 1588 57
22 13 2 1873 19
24 11 19 1673 63
15 13 18 1754 78
17 12 17 1800 82
20 10 3 1613 11
4 11 17 1882 97
27 10 11 1491 62
27 11 12 1553 78
16 11 3 1624 63
5 16 8 1754 61
11 14 10 1708 46
20 11 12 1631 26
18 13 13 1665 74
28 14 6 1693 71
29 11 5 1673 97
26 15 2 1892 93
1 14 11 1553 90
10 13 4 1673 85
7 14 1 1756 68
18 14 8 1815 35
28 15 14 1764 12
26 16 6 1985 1
1 15 16 1867 55
11 15 15 1754 33
11 16 5 1787 47
26 17 1 1986 94
25 11 5 1834 23
23 15 12 1704 96
9 10 12 1800 7
23 16 15 1800 50
9 11 13 1807 53
0 13 6 1986 65
29 12 9 1770 10
3 14 12 1807 36
12 10 14 1800 49
12 11 15 1850 15
29 13 6 2051 26
3 15 5 1857 33
10 14 18 1832 43
22 14 7 1892 89
14 11 17 1979 2
10 15 10 1875 51
8 13 2 1985 74
13 13 18 1875 88
13 14 19 1963 43
12 12 13 1865 81
12 13 6 2077 88
6 14 9 1780 90
5 17 3 1815 61
21 9 17 1981 90
25 12 0 1857 31
8 14 12 2059 92
22 15 9 1981 46
18 15 14 1850 48
3 16 8 1890 72
5 18 7 1981 19
27 12 13 1946 28
17 13 13 1974 61
11 17 8 1962 72
27 13 5 1974 8
0 14 16 2051 20
4 12 11 1979 23
17 14 18 2035 74
19 12 10 1926 32
11 18 6 2165 48
22 16 1 2080 34
19 13 14 1958 82
27 14 10 1982 77
27 15 4 2059 82
4 13 9 2027 65
21 10 1 2114 7
25 13 2 2059 59
28 16 18 2109 28
2 11 17 2071 8
0 15 0 2071 34
14 12 8 2034 25
3 17 9 2092 32
23 17 7 2000 73
20 12 17 2079 10
28 17 4 2141 57
20 13 16 2089 54
18 16 19 2006 12
29 14 19 2077 36
1 16 10 2059 99
5 19 12 2151 3
10 16 11 2002 94
19 14 2 2118 3
2 12 9 2124 65
7 15 3 1876 30
23 18 5 2073 60
6 15 18 2137 42
0 16 13 2105 12
14 13 13 2117 74
3 18 6 2213 92
1 17 5 2158 75
4 14 14 2092 54
15 14 17 2089 12
17 15 19 2113 51
16 12 8 2059 94
26 18 19 2164 96
1 18 18 2233 22
10 17 6 2305 23
7 16 18 2255 7
18 17 7 2073 36
28 18 7 2198 99
19 15 15 2121 4
26 19 17 2260 73
1 19 13 2255 58
25 14 11 2118 18
7 17 17 2333 52
23 19 6 2328 31
9 12 14 2146 99
14 14 12 2191 46
0 17 2 2121 35
8 15 10 2158 77
13 15 0 2105 66
13 16 9 2189 93
12 14 8 2165 11
12 15 19 2260 52
6 16 3 2179 16
21 11 7 2297 88
25 15 16 2143 74
8 16 18 2262 54
22 17 0 2171 39
18 18 9 2282 24
3 19 19 2312 17
27 16 1 2141 1
17 16 8 2176 48
11 19 19 2329 12
27 17 16 2217 68
0 18 11 2156 63
4 15 6 2359 88
17 17 1 2224 99
19 16 11 2219 31
22 18 11 2250 23
25 16 17 2385 60
7 18 9 2385 2
9 13 15 2245 71
14 15 6 2447 43
0 19 19 2341 41
29 15 15 2316 32
10 18 15 2348 84
22 19 3 2273 60
9 14 18 2316 88
8 17 19 2382 43
13 17 8 2282 82
2 13 16 2285 45
29 16 13 2348 14
28 19 10 2297 49
13 18 4 2364 39
16 13 11 2273 20
12 16 18 2404 48
9 15 16 2404 91
16 14 0 2293 35
12 17 1 2452 88
19 17 12 2250 25
6 17 19 2425 73
21 12 14 2385 75
25 17 12 2445 38
8 18 7 2425 28
18 19 5 2306 10
12 18 16 2540 18
4 16 3 2447 94
15 15 12 2483 1
24 12 13 2362 80
15 16 1 2540 83
17 18 12 2484 23
20 14 2 2156 2
4 17 0 2541 28
27 18 2 2285 84
27 19 17 2445 58
20 15 15 2432 69
29 17 12 2507 35
25 18 9 2483 70
29 18 8 2542 34
10 19 17 2503 15
9 16 3 2541 22
14 16 7 2490 62
8 19 11 2453 6
13 19 6 2490 16
14 17 9 2553 27
2 14 8 2576 5
14 18 18 2580 77
29 19 1 2623 8
16 15 4 2403 75
12 19 5 2558 46
9 17 8 2581 46
16 16 1 2631 52
16 17 5 2683 25
19 18 5 2708 8
6 18 8 2627 75
21 13 4 2478 97
25 19 1 2683 49
4 18 12 2569 22
15 17 5 2716 10
24 13 18 2657 39
15 18 7 2726 85
17 19 7 2811 57
20 16 19 2501 91
4 19 1 2732 95
16 18 15 2708 98
20 17 6 2592 39
7 19 15 2806 31
9 18 9 2627 80
9 19 11 2707 55
14 19 16 2657 82
6 19 11 2762 57
21 14 18 2696 75
19 19 0 2716 28
24 14 3 2696 22
20 18 10 2631 1
15 19 16 2811 48
16 19 10 2806 83
24 15 12 2718 48
20 19 1 2827 91
24 16 8 2766 24
24 17 5 2790 66
21 15 2 2771 11
2 15 2 2782 90
21 16 12 2782 8
2 16 19 2872 18
2 17 3 2890 11
21 17 6 2790 6
2 18 7 2901 39
21 18 19 2890 45
2 19 10 2940 70
21 19 11 2935 78
24 18 2 2872 46
24 19 9 2918 91
