5 0 6 0 55
18 0 8 0 52
10 0 17 0 31
25 0 2 0 4
25 1 16 4 13
3 0 13 0 91
11 0 13 91 4
7 0 9 0 63
10 1 15 31 75
3 1 1 91 95
1 0 17 31 75
0 0 5 0 51
21 0 14 0 54
26 0 13 95 56
7 1 10 63 80
9 0 17 106 79
11 1 14 95 50
14 0 10 143 23
21 1 16 54 1
5 1 17 185 70
23 0 7 0 89
24 0 19 0 39
8 0 4 0 68
3 2 19 186 51
9 1 1 186 34
17 0 5 51 66
21 2 17 255 71
2 0 15 106 80
23 1 11 89 44
11 2 2 145 20
13 0 15 186 87
29 0 0 0 38
2 1 9 186 13
22 0 1 220 91
23 2 3 133 61
4 0 13 151 40
13 1 5 273 29
26 1 11 151 91
29 1 18 38 77
16 0 13 191 57
8 1 6 68 99
9 2 12 220 36
29 2 19 237 8
8 2 19 245 37
4 1 3 194 9
28 0 15 273 31
0 1 0 51 93
20 0 17 326 63
6 0 0 144 44
4 2 2 203 80
14 1 6 167 74
13 2 18 302 36
12 0 3 203 41
19 0 10 166 81
28 1 19 304 30
21 3 5 326 76
17 1 15 304 74
15 0 3 244 75
27 0 10 247 56
8 3 5 402 33
12 1 5 435 81
18 1 14 145 1
19 1 0 247 95
6 1 10 303 47
0 2 6 241 49
13 3 17 389 2
7 2 8 143 72
2 2 18 338 36
7 3 13 248 83
26 2 16 242 37
7 4 16 331 25
18 2 6 290 82
19 2 14 342 46
7 5 18 374 55
22 1 14 388 67
13 4 6 391 18
18 3 3 372 57
20 1 14 455 56
8 4 2 435 72
21 4 4 402 23
11 3 5 516 74
9 3 5 590 83
7 6 15 429 68
2 3 19 374 51
10 2 11 242 11
9 4 2 673 48
12 2 13 516 93
17 2 1 378 43
2 4 1 425 63
15 1 9 319 75
8 5 9 507 98
17 3 2 721 55
24 1 6 409 42
15 2 16 394 76
15 3 6 470 83
4 3 19 425 82
24 2 9 605 19
21 5 8 425 90
26 3 14 511 36
23 3 9 624 63
24 3 16 624 81
6 2 15 497 90
6 3 11 587 35
27 1 2 776 32
24 4 17 705 46
3 3 2 808 75
20 2 1 511 24
13 5 16 705 2
15 4 7 553 22
8 6 16 707 92
17 4 19 776 86
12 3 0 609 78
24 5 8 751 87
5 2 14 547 95
1 1 11 622 22
15 5 11 644 98
15 6 14 742 85
7 7 3 497 42
25 2 17 751 44
18 4 11 742 18
4 4 1 535 67
16 1 18 429 66
24 6 14 838 7
7 8 6 553 70
1 2 16 799 11
19 3 2 883 6
21 6 10 515 19
18 5 4 760 94
26 4 6 623 86
6 4 17 795 79
14 2 19 862 95
13 6 13 707 11
12 4 14 845 53
28 2 11 760 88
21 7 12 534 97
15 7 8 838 75
27 2 6 808 48
6 5 14 898 57
0 3 16 810 1
2 5 16 811 58
26 5 15 709 2
22 2 2 889 12
21 8 3 631 84
11 4 0 687 37
9 5 3 721 23
2 6 17 874 30
10 3 0 724 92
9 6 8 913 2
2 7 8 915 75
24 7 11 848 58
24 8 7 906 27
26 6 1 711 39
23 4 8 990 95
16 2 5 673 46
0 4 2 901 52
6 6 5 955 58
3 4 10 883 89
0 5 15 953 26
27 3 0 856 6
20 3 4 854 43
2 8 0 990 72
0 6 19 979 74
17 5 18 862 69
13 7 12 718 47
9 7 7 933 5
2 9 14 1062 92
10 4 7 938 46
9 8 6 938 16
26 7 17 904 19
23 5 4 1085 70
16 3 6 954 84
20 4 7 984 30
18 6 12 854 44
6 7 6 1038 98
6 8 8 1136 62
3 5 6 1136 56
26 8 0 1062 90
27 4 19 1053 9
18 7 15 979 81
17 6 12 931 11
13 8 3 765 94
7 9 5 1013 64
24 9 10 972 97
28 3 17 923 45
29 3 6 1192 48
19 4 16 889 5
1 3 13 810 49
19 5 19 1062 18
12 5 12 942 66
24 10 18 1069 53
5 3 19 1080 60
1 4 1 859 31
15 8 18 1122 11
15 9 12 1133 64
25 3 6 1240 27
18 8 1 1060 25
4 5 0 1152 33
16 4 8 1198 16
24 11 2 1122 21
1 5 7 1014 32
19 6 17 1080 79
27 5 14 1154 57
28 4 18 1133 37
18 9 0 1185 75
16 5 0 1260 19
8 7 18 1170 28
22 3 8 1214 75
22 4 13 1289 42
4 6 15 1185 84
14 3 15 1269 64
1 6 4 1155 5
21 9 19 1140 27
23 6 18 1198 49
24 12 3 1143 69
6 9 3 1212 8
5 4 7 1140 9
5 5 12 1197 82
29 4 11 1240 46
3 6 8 1289 74
28 5 13 1331 38
21 10 2 1167 70
11 5 11 1286 95
2 10 13 1369 13
10 5 6 1267 84
26 9 12 1279 43
23 7 5 1247 99
16 6 4 1279 1
20 5 16 1014 22
18 10 17 1260 29
0 7 10 1069 59
6 10 9 1220 31
6 11 16 1251 94
3 7 3 1363 60
0 8 12 1322 44
16 7 10 1280 29
22 5 6 1351 38
4 7 6 1389 39
14 4 4 1333 21
1 7 14 1211 51
21 11 9 1251 38
23 8 14 1346 44
24 13 0 1279 97
5 6 3 1423 52
5 7 18 1475 30
29 5 4 1354 89
3 8 0 1423 86
28 6 4 1443 3
29 6 5 1443 96
14 5 17 1354 46
12 6 11 1381 40
24 14 1 1376 64
5 8 5 1539 6
1 8 10 1309 14
15 10 5 1545 21
15 11 17 1566 94
7 10 1 1440 24
25 4 3 1475 23
19 7 6 1428 43
14 6 8 1400 86
13 9 2 1237 92
0 9 13 1382 8
22 6 12 1389 63
11 6 16 1381 65
10 6 5 1566 39
3 9 16 1509 70
20 6 0 1509 31
17 7 13 1390 12
13 10 9 1329 58
14 7 1 1486 8
29 7 13 1539 50
23 9 0 1540 68
16 8 7 1309 65
3 10 9 1579 97
20 7 18 1540 64
10 7 9 1676 17
23 10 10 1608 86
16 9 12 1452 42
20 8 19 1604 56
27 6 7 1374 21
28 7 6 1471 97
29 8 2 1589 21
19 8 3 1498 28
1 9 8 1486 43
12 7 16 1579 8
5 9 11 1545 27
1 10 2 1610 43
25 5 4 1498 25
4 8 18 1604 48
13 11 0 1608 93
15 12 19 1660 46
25 6 11 1572 44
4 9 14 1652 89
5 10 8 1572 57
13 12 1 1701 47
25 7 5 1616 39
17 8 16 1587 61
11 7 17 1660 83
19 9 8 1629 27
0 10 4 1523 81
25 8 18 1655 38
7 11 11 1616 7
25 9 14 1741 31
20 9 13 1660 62
6 12 12 1494 49
23 11 13 1722 86
3 11 5 1676 11
14 8 12 1543 58
9 9 9 1693 76
10 8 4 1693 83
2 11 2 1653 13
26 10 5 1687 72
27 7 12 1601 56
10 9 12 1776 87
10 10 10 1863 86
12 8 2 1666 63
12 9 19 1729 66
17 9 17 1743 56
8 8 7 1395 14
4 10 5 1759 95
23 12 1 1808 11
28 8 8 1656 40
27 8 18 1693 37
0 11 3 1604 95
22 7 3 1699 92
5 11 0 1701 89
25 10 15 1772 38
20 10 15 1810 25
6 13 2 1729 90
21 12 18 1730 62
3 12 14 1772 61
14 9 18 1792 64
9 10 19 1795 10
10 11 2 1949 93
9 11 15 1835 95
2 12 7 1666 92
26 11 3 1791 87
6 14 1 1819 11
27 9 16 1730 75
5 12 1 1830 63
13 13 14 1833 90
1 11 19 1805 24
25 11 19 1829 95
9 12 14 1930 12
2 13 3 1878 12
26 12 2 2042 37
16 10 1 1893 87
20 11 8 1835 85
18 11 7 1758 74
6 15 19 1924 63
6 16 18 1987 22
3 13 17 1833 68
26 13 4 2079 39
27 10 5 1854 40
18 12 5 1894 10
17 10 14 1942 56
13 14 8 1923 28
7 12 14 1998 45
28 9 12 1863 29
29 9 12 1892 38
19 10 12 1930 84
1 12 3 1890 83
19 11 11 2014 83
12 10 8 1951 2
5 13 15 1930 29
1 13 12 2014 67
15 13 10 1949 63
15 14 2 2079 78
25 12 0 1924 13
18 13 10 2012 24
4 11 16 1854 60
16 11 15 1980 38
1 14 6 2081 2
19 12 7 2097 99
27 11 9 1894 93
28 10 3 1973 24
18 14 19 2036 63
16 12 3 2018 88
8 9 8 1953 16
22 8 5 1904 41
22 9 18 2009 14
4 12 17 1914 4
14 10 0 1937 99
1 15 5 2083 45
21 13 13 1808 94
23 13 2 2157 13
6 17 13 2009 44
5 14 16 1959 55
5 15 10 2036 37
29 10 17 1930 57
3 14 15 2018 43
28 11 14 2043 30
21 14 15 2061 47
11 8 15 2108 98
2 14 12 2081 76
10 12 14 2073 68
26 14 7 2196 90
23 14 15 2206 17
16 13 16 2106 83
20 12 2 2170 13
18 15 2 2183 42
0 12 9 1987 68
3 15 11 2097 5
0 13 17 2055 57
16 14 19 2189 86
22 10 17 2112 28
4 13 9 2055 99
14 11 9 2154 29
1 16 0 2128 75
21 15 0 2203 22
23 15 17 2223 85
5 16 13 2073 66
5 17 4 2139 16
29 11 3 2106 26
3 16 12 2157 17
28 12 1 2073 29
29 12 1 2132 97
14 12 3 2183 47
12 11 9 2183 36
5 18 2 2225 87
1 17 15 2223 35
15 15 1 2229 35
23 16 19 2308 62
16 15 2 2312 21
0 14 18 2112 57
6 18 7 2286 96
3 17 4 2174 18
0 15 1 2264 40
27 12 15 2258 97
20 13 11 2183 76
2 15 11 2259 29
0 16 7 2382 17
17 11 9 2219 77
13 15 10 2073 54
9 13 10 2127 94
2 16 5 2288 64
10 13 16 2189 67
9 14 4 2221 46
26 15 8 2286 33
23 17 6 2370 80
7 13 0 2225 12
26 16 10 2319 73
7 14 7 2399 17
18 16 18 2225 62
19 13 13 2196 60
7 15 17 2416 8
22 11 11 2288 84
13 16 11 2372 28
18 17 13 2287 98
20 14 10 2392 63
8 10 12 2174 99
21 16 7 2416 52
11 9 9 2296 25
9 15 18 2287 53
7 16 2 2424 41
10 14 19 2370 83
12 12 15 2355 24
17 12 0 2296 80
15 16 0 2376 9
8 11 1 2304 9
20 15 6 2455 51
18 18 16 2385 67
0 17 8 2399 92
6 19 4 2382 86
3 18 18 2340 14
0 18 14 2491 88
16 16 11 2400 38
22 12 10 2455 39
4 14 11 2438 92
14 13 5 2352 64
1 18 9 2321 50
23 18 12 2450 37
24 15 12 2487 47
5 19 9 2371 63
29 13 16 2452 70
3 19 7 2468 93
28 13 10 2494 45
29 14 8 2522 23
14 14 13 2416 6
11 10 18 2354 64
10 15 3 2453 4
12 13 4 2468 61
20 16 3 2506 87
13 17 19 2453 84
1 19 18 2418 95
25 13 9 2434 19
17 13 11 2530 16
11 11 6 2506 90
19 14 15 2379 86
15 17 15 2465 16
8 12 15 2481 93
17 14 10 2546 13
7 17 12 2534 88
25 14 7 2561 29
24 16 4 2534 11
23 19 16 2522 2
16 17 17 2438 61
20 17 12 2622 21
10 16 13 2457 96
16 18 9 2499 29
20 18 9 2643 65
27 13 3 2593 5
28 14 16 2539 51
13 18 4 2545 68
0 19 11 2579 6
22 13 0 2494 49
11 12 19 2596 51
19 15 9 2708 21
15 18 13 2553 39
8 13 13 2592 25
17 15 3 2598 14
7 18 4 2622 7
25 15 12 2643 37
16 19 14 2579 74
20 19 5 2708 1
10 17 8 2553 3
27 14 11 2598 67
28 15 2 2590 58
29 15 10 2559 18
12 14 7 2590 75
25 16 13 2680 44
4 15 10 2577 52
13 19 7 2665 4
25 17 10 2724 77
4 16 12 2680 79
25 18 1 2801 24
17 16 8 2612 14
11 13 7 2669 61
29 16 9 2729 33
25 19 8 2825 39
18 19 9 2762 72
4 17 7 2759 9
19 16 1 2825 13
27 15 13 2724 24
28 16 5 2709 82
26 17 9 2834 88
27 16 1 2838 20
17 17 4 2629 96
7 19 19 2647 83
28 17 0 2791 51
29 17 7 2768 34
19 17 5 2838 28
19 18 4 2866 91
12 15 17 2665 27
15 19 4 2957 28
4 18 4 2985 89
19 19 18 2957 20
27 17 17 2858 15
28 18 7 2842 85
8 14 17 2873 8
12 16 6 2692 71
17 18 6 2763 88
8 15 10 2881 64
4 19 8 3074 54
28 19 9 2927 37
27 18 4 3074 16
22 14 7 2927 23
21 17 1 2858 21
17 19 7 2950 20
12 17 18 2977 23
24 17 5 2866 43
24 18 15 2909 67
22 15 19 2950 58
22 16 15 3008 9
21 18 6 2879 11
29 18 14 2802 35
21 19 11 2890 97
11 14 12 2759 97
2 17 6 2890 58
10 18 1 2879 7
26 18 18 3000 34
22 17 4 3090 19
29 19 15 3017 69
11 15 3 2856 70
26 19 19 3034 66
8 16 0 2945 4
11 16 4 3109 14
8 17 14 2949 74
9 16 11 2987 35
2 18 10 2948 26
9 17 16 3022 73
12 18 10 3000 18
2 19 4 3123 21
8 18 3 3023 35
24 19 13 2976 11
8 19 11 3058 37
12 19 1 3018 60
11 17 1 3123 13
11 18 10 3136 99
27 19 8 3128 21
22 18 16 3109 17
11 19 8 3235 83
9 18 13 3095 78
10 19 18 3034 51
9 19 0 3173 55
14 15 11 3095 25
22 19 9 3126 46
14 16 2 3120 63
14 17 16 3183 59
14 18 7 3242 96
14 19 14 3338 19
