11 0 19 0 2
15 0 19 2 33
5 0 4 0 35
3 0 2 0 4
16 0 16 0 25
9 0 6 0 74
7 0 6 74 82
27 0 18 0 98
0 0 11 0 38
14 0 1 0 86
25 0 0 0 63
5 1 6 156 18
22 0 13 0 13
25 1 19 63 56
28 0 11 38 88
25 2 12 119 68
6 0 19 119 56
10 0 10 0 59
22 1 14 13 54
1 0 8 0 81
0 1 18 98 65
1 1 15 81 37
14 1 12 187 32
11 1 9 2 63
24 0 8 81 53
28 1 5 126 78
17 0 7 0 27
19 0 1 86 37
2 0 17 0 70
19 1 4 123 45
3 1 17 70 27
6 1 14 175 10
23 0 14 185 29
3 2 4 168 65
19 2 18 168 24
22 2 16 67 19
22 3 5 204 3
0 2 19 175 92
5 2 16 174 72
14 2 3 219 56
15 1 12 219 51
6 2 11 185 62
7 1 9 156 83
27 1 13 98 83
11 2 0 65 82
12 0 6 174 74
18 0 12 270 61
27 2 7 181 89
10 1 11 247 46
2 1 18 192 1
8 0 10 59 58
26 0 12 331 68
24 1 13 181 13
28 2 7 270 10
0 3 9 267 13
5 3 18 246 86
3 3 10 233 39
17 1 6 248 48
18 1 9 331 48
23 1 16 246 69
21 0 5 207 11
16 1 19 267 92
1 2 18 332 13
2 2 2 193 72
8 1 16 315 48
18 2 19 379 90
12 1 16 363 85
14 3 15 275 81
0 4 1 280 61
19 3 11 293 88
5 4 14 332 99
29 0 0 147 21
21 1 4 233 78
29 1 1 341 3
10 2 7 293 81
10 3 14 431 42
22 4 0 207 4
7 2 17 239 75
7 3 12 399 89
23 2 19 469 13
9 1 11 381 78
6 3 3 275 8
13 0 4 311 16
22 5 7 374 13
26 1 14 473 31
4 0 4 327 60
13 1 11 459 23
9 2 15 459 79
4 1 11 482 89
14 4 11 571 52
11 3 3 283 37
10 4 5 473 53
9 3 17 538 44
16 2 12 488 17
6 4 6 296 50
24 2 6 346 18
28 3 10 280 14
0 5 10 341 56
11 4 14 504 3
17 2 0 296 85
2 3 4 387 36
6 5 9 379 19
3 4 9 398 93
18 3 14 507 59
9 4 14 582 2
4 2 18 571 16
16 3 9 505 94
29 2 19 482 32
21 2 7 387 59
24 3 5 526 33
13 2 5 559 70
26 2 11 623 59
12 2 10 448 55
5 5 2 431 52
3 5 6 491 12
23 3 15 538 96
21 3 8 446 47
4 3 9 599 24
2 4 14 584 66
8 2 17 582 19
12 3 13 503 52
19 4 0 381 18
27 3 15 634 64
19 5 16 448 33
21 4 0 493 11
1 3 16 481 48
15 2 7 446 96
7 4 16 529 72
7 5 5 629 39
6 6 15 698 53
6 7 4 751 69
12 4 9 623 87
0 6 3 397 95
24 4 1 559 79
29 3 10 514 51
17 3 19 514 17
16 4 3 599 67
19 6 12 505 42
21 5 11 682 24
3 6 12 547 92
1 4 6 529 7
15 3 14 650 5
16 5 5 668 60
20 0 10 565 91
1 5 0 536 87
12 5 18 710 25
0 7 13 555 77
15 4 13 655 56
26 3 6 682 6
13 3 0 629 41
8 3 5 728 17
26 4 0 688 30
29 4 16 601 9
22 6 18 735 77
22 7 12 812 74
5 6 7 542 48
14 5 2 623 14
15 5 10 711 90
7 6 0 718 47
11 5 7 590 53
27 4 1 698 4
11 6 13 711 89
12 6 14 735 85
27 5 11 706 27
10 5 2 637 44
8 4 15 751 33
24 5 19 638 45
1 6 2 681 12
8 5 18 812 29
11 7 6 800 31
10 6 19 683 21
16 6 6 831 71
6 8 2 820 67
24 6 14 820 17
28 4 8 493 8
0 8 7 643 40
11 8 11 831 63
17 4 9 710 1
2 5 7 683 65
6 9 12 887 8
3 7 8 639 86
18 4 7 748 80
22 8 1 886 2
29 5 14 837 76
24 7 17 837 47
5 7 9 711 98
3 8 5 745 9
17 5 3 711 86
18 5 8 828 44
23 4 7 828 90
28 5 1 888 18
8 6 14 913 46
27 6 0 765 79
18 6 0 872 26
14 6 5 754 7
2 6 10 801 62
5 8 1 906 58
11 9 8 894 6
2 7 12 895 98
14 7 8 900 74
0 9 5 761 23
7 7 8 974 39
28 6 2 906 10
29 6 5 913 23
25 3 16 610 49
3 9 18 841 87
10 7 15 784 45
7 8 1 1013 15
9 5 9 809 63
13 4 15 829 12
26 5 9 872 58
4 4 2 916 49
4 5 12 993 93
11 10 15 900 98
20 1 16 659 35
21 6 1 1028 55
26 6 3 930 73
9 6 7 918 68
16 7 17 902 28
7 9 3 1028 1
11 11 10 998 2
12 7 4 820 33
8 7 2 965 81
26 7 13 1003 62
24 8 9 930 45
21 7 3 1083 87
16 8 13 1065 70
1 7 11 894 23
17 6 16 797 88
13 5 12 1086 99
28 7 6 916 37
26 8 4 1065 71
29 7 6 953 73
25 4 10 1000 40
3 10 3 1170 65
20 2 3 1235 9
25 5 5 1040 51
22 9 3 1244 66
26 9 1 1136 96
29 8 12 1185 53
15 6 2 1046 50
5 9 15 998 7
16 9 4 1136 97
9 7 10 1040 57
7 10 14 1029 64
27 7 14 1093 25
0 10 15 1005 87
14 8 16 974 33
25 6 14 1118 3
5 10 10 1097 26
22 10 19 1310 81
25 7 8 1121 87
28 8 14 1121 49
25 8 7 1208 63
10 8 1 1232 91
1 8 13 1135 83
0 11 0 1092 96
1 9 7 1271 69
14 9 9 1007 69
11 12 4 1233 23
24 9 0 1188 79
28 9 12 1238 27
17 7 8 1208 43
19 7 8 1251 4
2 8 13 1218 22
19 8 13 1255 7
23 5 11 918 24
19 9 7 1340 69
0 12 4 1256 95
5 11 12 1265 15
14 10 17 1076 23
15 7 11 1096 41
17 8 11 1251 58
0 13 6 1351 51
8 8 0 1267 11
22 11 17 1391 60
5 12 5 1280 3
14 11 7 1409 68
7 11 13 1262 66
10 9 12 1323 4
24 10 12 1327 7
7 12 7 1477 17
27 8 2 1118 78
11 13 12 1334 38
12 8 1 1323 42
18 7 13 1328 44
27 9 3 1310 36
10 10 8 1327 76
2 9 0 1278 65
8 9 1 1365 88
24 11 11 1334 89
28 10 17 1451 94
5 13 8 1403 37
17 9 4 1351 82
18 8 16 1372 86
23 6 4 1433 90
21 8 17 1545 28
16 10 8 1440 56
1 10 10 1340 26
29 9 3 1346 81
8 10 4 1523 58
20 3 5 1283 98
21 9 14 1573 2
16 11 7 1496 29
27 10 8 1496 52
25 9 9 1271 52
12 9 8 1548 65
20 4 4 1581 49
6 10 17 1573 10
1 11 19 1391 61
12 10 17 1613 59
0 14 8 1613 98
15 8 3 1427 34
26 10 18 1232 23
13 6 13 1372 26
8 11 13 1581 70
26 11 15 1255 71
29 10 7 1525 74
13 7 19 1452 43
22 12 11 1451 38
26 12 8 1711 20
4 6 16 1458 80
13 8 14 1575 14
9 8 16 1538 33
4 7 5 1538 35
14 12 4 1630 45
11 14 1 1453 87
29 11 4 1675 92
21 10 16 1575 23
29 12 18 1767 69
17 10 12 1433 51
19 10 2 1409 68
2 10 19 1495 26
19 11 19 1521 39
3 11 7 1599 79
6 11 10 1583 22
23 7 9 1523 3
3 12 16 1678 92
19 12 3 1560 87
22 13 4 1767 90
16 12 1 1540 56
27 11 10 1605 41
25 10 18 1836 95
12 11 5 1672 91
20 5 7 1678 96
6 12 13 1651 40
1 12 9 1526 16
12 12 2 1763 91
0 15 17 1711 44
15 9 0 1461 93
18 9 11 1489 31
23 8 10 1646 57
21 11 19 1598 38
16 13 10 1703 41
1 13 12 1542 60
29 13 17 1836 56
20 6 11 1774 68
21 12 15 1636 71
27 12 6 1646 21
25 11 1 1931 56
12 13 12 1854 16
20 7 19 1842 81
0 16 16 1770 10
15 10 16 1780 61
26 13 5 1763 11
13 9 3 1647 91
26 14 2 1854 50
22 14 2 1904 67
4 8 7 1774 61
9 9 19 1923 90
4 9 6 1835 46
14 13 13 1691 19
19 13 5 1774 61
2 11 15 1707 89
3 13 11 1842 41
23 9 3 1738 83
4 10 8 1881 36
2 12 5 1835 12
8 12 7 1835 99
12 14 3 1870 30
19 14 9 1835 42
27 13 4 1857 62
19 15 15 1877 16
21 13 13 1710 69
26 15 7 1934 92
4 11 15 1917 68
13 10 16 1841 50
9 10 8 2013 69
4 12 3 1985 23
14 14 6 1881 38
11 15 2 1971 91
29 14 9 1892 93
21 14 10 1779 97
29 15 15 1985 52
17 11 2 2062 59
19 16 17 1893 43
2 13 16 1891 52
19 17 14 1936 83
3 14 19 2013 97
6 13 8 2082 85
23 10 18 1931 78
3 15 14 2110 45
19 18 10 2019 6
22 15 9 1985 34
16 14 14 2155 57
27 14 12 1919 78
25 12 11 1987 97
12 15 19 2110 62
20 8 15 2037 10
6 14 0 2167 44
1 14 3 2008 79
12 16 0 2211 70
0 17 2 2121 57
15 11 17 1936 67
18 10 6 1919 72
23 11 6 2009 4
21 15 6 2013 74
16 15 0 2281 70
1 15 17 2087 52
29 16 2 2178 83
20 9 14 2212 58
21 16 12 2087 43
27 15 17 2139 92
25 13 6 2087 30
12 17 7 2281 14
20 10 9 2270 21
0 18 14 2270 44
15 12 9 2291 60
26 16 10 2026 62
13 11 10 2088 78
26 17 16 2088 67
22 16 15 2047 27
4 13 13 2008 13
9 11 1 2082 91
4 14 14 2314 51
14 15 14 2365 35
19 19 6 2117 36
2 14 1 2173 73
3 16 15 2155 84
23 12 13 2021 24
4 15 10 2365 25
2 15 11 2246 52
8 13 12 2130 96
12 18 15 2295 35
27 16 5 2231 92
21 17 2 2261 57
1 16 14 2400 84
15 13 1 2351 31
7 13 2 2318 68
7 14 4 2386 43
6 15 16 2211 22
6 16 7 2295 1
28 11 13 2045 95
29 17 13 2261 1
25 14 17 2231 99
3 17 13 2262 89
10 11 0 2351 18
7 15 15 2429 63
9 12 4 2429 35
13 12 9 2351 1
26 18 17 2330 10
4 16 0 2390 76
4 17 1 2466 46
11 16 18 2062 60
20 11 8 2291 90
21 18 9 2352 44
26 19 19 2340 65
9 13 13 2464 80
16 16 11 2351 26
7 16 18 2492 96
11 17 17 2340 55
12 19 11 2377 19
8 14 9 2396 90
24 12 3 2087 51
21 19 18 2588 23
16 17 15 2492 50
1 17 4 2484 93
17 12 13 2544 38
13 13 1 2512 2
28 12 0 2466 37
29 18 11 2396 17
25 15 15 2542 39
3 18 1 2514 64
20 12 6 2381 26
25 16 13 2582 6
22 17 8 2381 57
29 19 8 2438 46
15 14 18 2611 5
5 14 19 2405 92
9 14 5 2544 26
7 17 11 2588 37
0 19 12 2314 28
22 18 6 2438 72
10 12 16 2369 72
23 13 17 2395 65
20 13 18 2616 36
28 13 4 2577 23
10 13 13 2588 78
1 18 5 2577 73
14 16 0 2503 21
11 18 5 2650 93
24 13 4 2600 32
28 14 16 2600 15
17 13 17 2582 99
2 16 9 2486 28
23 14 2 2460 44
5 15 13 2666 9
14 17 10 2524 42
15 15 15 2616 41
7 18 10 2625 64
27 17 19 2497 88
18 11 3 2138 29
27 18 16 2615 80
10 14 9 2666 20
2 17 6 2514 60
8 15 6 2574 46
24 14 7 2632 26
28 15 9 2686 87
17 14 18 2681 7
18 12 1 2578 68
23 15 0 2524 21
16 18 2 2542 2
8 16 8 2620 69
20 14 12 2652 91
16 19 18 2688 44
27 19 9 2773 64
20 15 0 2743 52
6 17 1 2646 90
15 16 8 2689 85
13 14 18 2732 4
13 15 6 2736 80
4 18 19 2585 98
24 15 10 2689 32
28 16 3 2773 54
17 15 15 2688 49
18 13 2 2646 29
23 16 5 2743 56
20 16 1 2795 9
3 19 0 2795 37
6 18 5 2799 47
23 17 12 2799 73
17 16 1 2804 88
15 17 5 2846 58
14 18 19 2683 86
15 18 6 2904 57
7 19 19 2769 35
11 19 16 2743 38
18 14 4 2675 49
10 15 4 2724 44
2 18 8 2774 11
8 17 3 2827 92
24 16 15 2737 43
28 17 19 2827 1
5 16 17 2681 63
17 17 14 2892 56
18 15 5 2904 23
23 18 1 2892 93
1 19 1 2985 92
8 18 19 2919 4
20 17 2 2804 49
25 17 2 2853 76
20 18 13 2853 15
6 19 18 2846 59
15 19 4 2961 10
13 16 17 2816 14
8 19 11 2923 45
13 17 8 2830 63
22 19 10 2721 7
4 19 17 2830 58
13 18 7 2893 55
9 15 0 2832 44
14 19 18 2905 98
17 18 5 2948 80
20 19 17 2888 80
18 16 10 2927 59
13 19 2 2948 14
10 16 17 2968 52
24 17 18 3003 62
28 18 15 2828 74
17 19 10 3028 1
2 19 3 2919 26
18 17 15 2986 61
24 18 16 3065 31
5 17 3 2945 20
18 18 18 3065 70
23 19 8 2985 97
28 19 18 3135 40
18 19 17 3135 49
5 18 0 2965 91
25 18 4 2971 34
10 17 3 3020 37
9 16 3 3057 91
9 17 12 3148 27
24 19 2 3096 14
25 19 3 3148 73
5 19 11 3056 86
9 18 18 3175 2
10 18 18 3177 68
10 19 6 3245 33
9 19 2 3177 61
