4 0 3 0 82
4 1 2 82 63
5 0 19 0 56
25 0 9 0 76
25 1 18 76 56
2 0 15 0 57
0 0 19 56 49
4 2 10 145 72
5 1 11 56 32
24 0 14 0 17
4 3 8 217 47
22 0 12 0 65
28 0 17 0 61
15 0 14 17 72
28 1 14 89 6
5 2 6 88 34
0 1 12 105 91
17 0 5 0 92
9 0 9 76 63
3 0 13 0 33
6 0 15 57 5
14 0 9 139 22
22 1 4 65 8
20 0 17 61 76
6 1 10 217 76
0 2 14 196 1
10 0 1 0 62
26 0 2 145 64
7 0 19 105 59
7 1 5 164 34
3 1 9 161 15
27 0 19 164 82
29 0 19 246 77
15 1 11 89 67
5 3 9 176 30
17 1 4 92 37
24 1 9 206 42
1 0 10 293 59
3 2 14 197 68
16 0 2 209 45
23 0 13 33 76
4 4 1 264 56
18 0 4 129 49
21 0 2 254 77
12 0 6 122 25
25 2 6 147 78
8 0 12 196 55
2 1 19 323 90
18 1 9 248 86
22 2 18 132 90
5 4 7 206 40
12 1 5 198 80
10 1 19 413 65
9 1 15 139 94
14 1 5 278 10
21 1 9 334 82
24 2 13 248 56
11 0 11 156 53
28 2 6 225 87
7 2 14 265 66
9 2 12 251 86
27 1 1 320 80
2 2 10 413 34
17 2 2 331 32
0 3 10 447 37
4 5 4 320 89
14 2 1 400 94
0 4 15 484 32
12 2 3 278 38
7 3 3 331 20
14 3 7 494 54
15 2 5 288 29
3 3 18 265 19
5 5 18 284 67
1 1 5 352 43
17 3 15 516 28
26 1 19 478 36
26 2 15 544 19
24 3 11 304 84
1 2 11 395 90
22 3 1 494 57
17 4 10 544 29
21 2 17 416 66
6 2 5 395 48
7 4 4 409 13
14 4 11 548 91
29 1 7 548 6
14 5 0 639 99
13 0 2 363 53
13 1 6 416 99
20 1 13 304 54
11 1 19 514 14
4 6 5 443 71
29 2 8 554 62
12 3 11 639 44
20 2 16 358 76
6 3 9 443 58
25 3 8 616 2
15 3 10 573 57
15 4 4 630 9
16 1 12 337 44
24 4 2 416 44
6 4 19 528 23
4 7 15 563 91
16 2 5 514 83
16 3 13 597 8
2 3 5 597 37
20 3 15 654 36
16 4 17 605 60
23 1 6 515 54
19 0 14 331 62
26 3 8 618 90
16 5 4 665 2
12 4 13 683 78
28 3 5 634 74
3 4 1 551 43
8 1 5 708 59
6 5 0 738 44
1 3 8 708 51
22 4 19 551 73
9 3 5 767 97
1 4 16 759 96
2 4 6 634 60
13 2 4 667 44
27 2 17 665 60
28 4 18 708 67
23 2 11 683 75
13 3 12 711 54
13 4 17 765 89
15 5 3 639 40
22 5 5 864 2
21 3 4 711 75
12 5 14 761 39
25 4 1 618 6
8 2 19 767 53
2 5 7 694 51
18 2 13 761 20
22 6 14 866 62
5 6 13 781 30
10 2 18 775 25
9 4 3 864 94
14 6 8 759 91
21 4 7 786 95
24 5 5 866 74
11 2 2 528 77
28 5 16 855 44
7 5 12 765 88
9 5 13 958 82
27 3 6 725 93
17 5 3 958 62
0 5 7 881 69
14 7 12 853 8
0 6 11 950 56
5 7 14 928 49
1 5 6 855 62
26 4 14 977 65
24 6 6 940 62
25 5 4 786 71
1 6 19 917 35
22 7 8 928 48
25 6 16 899 19
8 3 10 820 74
2 6 3 1020 27
18 3 5 940 90
22 8 0 976 76
5 8 15 977 17
10 3 10 894 74
9 6 19 1040 88
24 7 17 1002 55
11 3 17 1057 92
6 6 8 976 63
1 7 15 994 6
0 7 17 1149 65
21 5 5 1030 72
3 5 11 1006 7
12 6 9 800 29
27 4 13 1040 54
25 7 7 950 69
15 6 1 679 78
15 7 13 1094 99
16 6 14 1042 10
6 7 18 1039 56
4 8 12 861 75
16 7 7 1052 3
16 8 6 1055 29
20 4 5 1102 93
16 9 11 1084 9
23 3 5 1195 69
19 1 3 1047 63
26 5 3 1110 80
16 10 19 1128 37
12 7 12 936 40
4 9 11 1093 93
20 5 4 1195 67
20 6 3 1262 35
23 4 17 1264 44
19 2 16 1110 92
26 6 4 1262 26
1 8 0 1052 54
17 6 14 1052 93
1 9 13 1193 81
22 9 10 1052 87
17 7 7 1145 30
21 6 0 1106 76
7 6 15 1000 95
29 3 0 1182 22
14 8 2 861 39
29 4 4 1288 81
13 5 16 1202 75
13 6 0 1277 26
11 4 14 1149 32
29 5 3 1369 44
15 8 7 1193 53
11 5 7 1246 47
7 7 13 1274 6
9 7 8 1128 25
27 5 2 1094 24
27 6 12 1118 87
2 7 9 1047 29
1 10 1 1274 3
22 10 15 1139 53
8 4 8 1153 77
2 8 1 1277 53
27 7 8 1230 63
27 8 0 1303 59
17 8 19 1175 92
2 9 16 1330 20
1 11 17 1308 80
22 11 6 1192 23
8 5 11 1230 72
2 10 17 1388 45
18 4 8 1293 4
10 4 6 1215 48
21 7 18 1182 52
23 5 16 1350 26
19 3 10 1202 16
28 6 13 1280 63
3 6 19 1267 2
29 6 18 1413 28
19 4 6 1263 20
26 7 1 1330 2
1 12 3 1413 94
14 9 19 1269 59
13 7 10 1303 58
13 8 7 1361 30
6 8 12 1205 59
24 8 8 1297 55
19 5 2 1283 69
26 8 6 1332 52
3 7 2 1352 19
8 6 0 1362 76
20 7 11 1302 37
11 6 15 1293 93
4 10 13 1343 59
29 7 9 1441 97
12 8 8 1352 5
20 8 0 1438 44
6 9 13 1402 72
25 8 12 1264 30
15 9 15 1386 66
15 10 2 1452 85
16 11 0 1482 29
24 9 4 1369 31
6 10 6 1474 34
4 11 7 1402 58
16 12 16 1511 22
16 13 10 1533 97
2 11 11 1433 16
20 9 7 1482 88
16 14 15 1630 6
23 6 19 1376 63
19 6 5 1352 65
26 9 11 1449 72
16 15 3 1636 41
12 9 0 1511 47
28 7 0 1558 12
3 8 3 1677 15
8 7 17 1438 95
6 11 4 1508 82
1 13 7 1570 39
22 12 17 1533 76
9 8 16 1533 10
1 14 18 1609 37
2 12 14 1449 2
13 9 3 1692 17
14 10 10 1630 3
13 10 5 1709 3
13 11 18 1712 17
20 10 10 1633 3
11 7 4 1590 41
4 12 0 1570 20
29 8 5 1712 16
12 10 19 1558 61
20 11 2 1636 22
6 12 17 1609 86
18 5 6 1508 44
22 13 2 1658 74
5 9 0 1590 17
10 5 2 1732 73
9 9 4 1631 72
11 8 5 1728 6
6 13 14 1695 43
0 8 1 1332 45
21 8 19 1619 72
6 14 7 1738 70
4 13 16 1590 84
20 12 12 1658 73
23 7 10 1636 75
19 7 0 1607 81
26 10 17 1695 17
28 8 19 1691 81
3 9 4 1703 58
8 8 4 1761 66
9 10 18 1729 39
13 12 1 1729 14
27 9 9 1538 85
28 9 9 1772 61
23 8 0 1711 78
13 13 8 1743 1
29 9 2 1805 7
25 9 10 1711 87
25 10 13 1798 57
0 9 5 1734 66
4 14 17 1712 63
5 10 16 1674 15
24 10 12 1731 71
4 15 9 1833 50
22 14 11 1732 99
28 10 2 1833 26
15 11 17 1775 31
28 11 7 1859 23
0 10 8 1800 17
17 9 0 1789 45
17 10 11 1834 35
9 11 17 1806 49
3 10 10 1798 80
14 11 6 1633 55
22 15 16 1831 34
20 13 14 1738 65
0 11 0 1834 72
10 6 15 1805 92
26 11 12 1802 29
7 8 6 1688 68
24 11 0 1906 11
0 12 18 1906 38
21 9 13 1855 4
12 11 1 1743 47
10 7 14 1897 69
7 9 18 1944 41
9 12 7 1882 5
27 10 11 1869 13
18 6 7 1887 72
10 8 7 1966 2
27 11 3 1882 32
19 8 13 1859 21
18 7 17 1959 22
10 9 17 1981 17
2 13 12 1831 24
13 14 9 1883 60
14 12 4 1827 29
13 15 19 1943 49
13 16 15 1992 76
20 14 1 1803 26
11 9 0 1917 71
4 16 6 1883 48
29 10 12 1855 34
12 12 2 1859 63
20 15 8 1829 3
6 15 2 1922 41
18 8 0 1988 90
22 16 3 1914 71
25 11 17 1998 33
8 9 6 1931 2
2 14 4 1856 34
18 9 12 2078 1
22 17 13 1985 27
5 11 8 1832 58
2 15 18 1985 18
16 16 9 1943 81
23 9 4 1890 78
19 9 12 2079 54
9 13 2 1963 38
3 11 5 1878 48
5 12 12 2133 47
1 15 4 1968 21
17 11 17 2031 77
26 12 13 2012 60
26 13 5 2072 16
24 12 15 2068 16
1 16 2 2001 52
22 18 9 2024 87
17 12 8 2108 46
21 10 11 1882 70
6 16 1 1963 97
7 10 7 1985 51
14 13 15 2084 37
4 17 19 1992 85
14 14 13 2121 6
0 13 2 2053 64
12 13 18 2003 80
7 11 9 2111 20
14 15 18 2127 64
15 12 0 2078 42
3 12 12 2180 49
5 13 3 2180 15
1 17 14 2053 51
17 13 12 2229 47
26 14 9 2131 6
26 15 16 2137 91
24 13 1 2084 29
1 18 9 2137 36
22 19 7 2111 46
17 14 16 2276 46
29 11 11 1952 3
14 16 14 2191 81
13 17 11 2068 83
13 18 14 2272 9
20 16 19 2077 99
11 10 1 2113 69
4 18 14 2281 39
29 12 13 2127 93
12 14 4 2083 46
20 17 18 2191 78
25 12 5 2088 87
15 13 19 2176 83
15 14 18 2269 46
24 14 18 2315 50
4 19 18 2365 45
2 16 2 2117 2
20 18 9 2269 38
23 10 3 2195 39
19 10 9 2307 97
26 16 18 2410 79
12 15 7 2157 76
28 12 10 1882 76
3 13 17 2229 82
8 10 13 2220 26
1 19 12 2276 89
9 14 6 2001 85
2 17 8 2154 75
13 19 13 2281 32
27 12 10 1958 93
28 13 8 2229 93
23 11 1 2234 7
15 15 8 2322 27
21 11 1 2241 76
12 16 15 2233 15
9 15 0 2120 42
3 14 6 2311 63
14 17 16 2322 84
20 19 6 2374 30
0 14 3 2234 20
10 10 11 2151 79
26 17 7 2489 43
7 12 11 2230 80
24 15 19 2365 72
0 15 4 2254 68
21 12 8 2349 61
12 17 17 2311 54
10 11 13 2313 81
7 13 1 2317 1
9 16 10 2162 89
27 13 4 2322 33
18 10 1 2318 30
10 12 5 2394 55
27 14 15 2355 15
19 11 7 2532 79
18 11 3 2348 71
10 13 12 2449 37
2 18 13 2394 78
14 18 3 2419 29
11 11 8 2410 70
29 13 17 2365 12
12 18 10 2365 21
18 12 16 2419 77
6 17 16 2496 57
18 13 15 2496 62
25 13 2 2175 68
8 11 9 2404 53
2 19 0 2472 46
18 14 19 2558 48
5 14 10 2386 21
16 17 18 2489 74
23 12 9 2457 73
19 12 8 2611 37
26 18 10 2532 99
12 19 16 2553 25
28 14 4 2355 97
3 15 8 2648 26
8 12 16 2578 41
6 18 3 2553 38
9 17 1 2348 22
14 19 17 2448 95
11 12 3 2591 96
29 14 15 2558 35
21 13 15 2593 88
21 14 16 2681 39
25 14 0 2518 24
25 15 11 2542 31
8 13 3 2687 28
18 15 10 2631 25
5 15 1 2407 74
10 14 16 2720 79
9 18 14 2370 34
21 15 12 2720 36
24 16 3 2715 64
11 13 10 2687 11
28 15 1 2481 75
7 14 16 2799 43
9 19 11 2573 18
16 18 1 2563 62
23 13 18 2563 27
19 13 19 2648 97
26 19 0 2631 26
16 19 8 2674 95
28 16 12 2756 76
3 16 16 2842 4
8 14 2 2715 26
6 19 11 2591 24
5 16 5 2481 85
27 15 7 2611 48
28 17 15 2832 46
23 14 2 2741 55
15 16 9 2530 47
21 16 10 2756 88
25 16 19 2745 56
8 15 14 2741 69
18 16 2 2796 89
5 17 17 2566 7
10 15 4 2799 95
15 17 6 2577 60
3 17 0 2846 38
5 18 2 2885 41
17 15 9 2577 81
24 17 7 2779 42
17 16 1 2658 43
21 17 6 2844 69
7 15 10 2844 6
29 15 6 2913 88
11 14 13 2698 39
29 16 14 3001 9
25 17 15 2878 5
15 18 16 2846 67
15 19 12 2913 47
24 18 16 2913 28
23 15 14 3010 23
19 14 18 2745 93
28 18 3 2878 66
3 18 15 2884 62
8 16 7 2821 74
5 19 4 2926 79
27 16 16 2941 72
28 19 11 2944 54
23 16 7 3033 55
21 18 14 3033 58
25 18 14 3091 19
8 17 15 2946 60
18 17 11 2998 6
10 16 0 2894 94
21 19 3 3091 14
24 19 10 2941 70
11 15 16 3013 10
7 16 17 2850 37
27 17 18 3013 23
17 17 13 2737 43
0 16 9 2658 71
0 17 13 2780 51
25 19 3 3110 82
8 18 1 3006 79
18 18 18 3036 95
10 17 9 2988 31
11 16 12 3023 15
0 18 6 3001 17
3 19 7 3088 41
27 18 5 3036 97
23 17 8 3088 29
8 19 18 3131 5
18 19 14 3131 44
23 18 15 3117 56
19 15 1 3085 55
17 18 6 3018 30
17 19 18 3136 18
7 17 0 2988 34
29 17 10 3011 93
11 17 6 3048 39
29 18 1 3140 87
23 19 12 3173 36
19 16 17 3140 70
27 19 14 3175 76
10 18 3 3192 16
11 18 9 3087 98
7 18 2 3022 72
0 19 16 3023 26
29 19 16 3227 51
10 19 8 3208 44
11 19 18 3185 29
19 17 15 3210 60
7 19 8 3252 62
19 18 11 3270 36
19 19 4 3306 57
