3 0 2 0 31
4 0 17 0 14
1 0 4 0 88
12 0 3 0 23
0 0 11 0 66
9 0 6 0 9
19 0 0 0 34
2 0 19 0 53
24 0 6 9 49
10 0 12 0 24
27 0 4 88 80
18 0 11 66 53
3 1 15 31 50
18 1 10 119 30
28 0 6 58 90
6 0 2 31 28
29 0 10 149 77
20 0 14 0 19
23 0 4 168 37
7 0 16 0 70
27 1 17 168 68
21 0 16 70 3
29 1 11 226 33
27 2 13 236 65
21 1 9 73 1
13 0 5 0 14
21 2 17 236 73
13 1 12 24 22
11 0 0 34 45
10 1 18 24 53
22 0 5 14 39
3 2 6 148 74
6 1 19 59 33
22 1 19 92 72
17 0 3 23 11
2 1 10 226 82
10 2 11 259 61
6 2 4 205 81
20 1 2 59 79
28 1 18 148 3
5 0 5 53 71
10 3 7 320 31
2 2 14 308 37
9 1 17 309 36
1 1 19 164 70
4 1 8 14 90
5 1 6 222 95
11 1 18 151 89
20 2 13 301 43
12 1 4 286 55
28 2 5 151 70
3 3 19 234 12
25 0 18 240 34
21 3 8 309 81
17 1 12 46 16
16 0 19 246 11
12 2 7 351 60
19 1 13 344 17
28 3 2 221 5
2 3 11 345 85
4 2 10 308 14
21 4 6 390 88
19 2 9 361 36
14 0 7 411 12
23 1 0 205 98
11 2 11 430 29
25 1 9 397 42
27 3 2 301 15
8 0 12 62 69
27 4 15 316 36
8 1 0 303 36
14 1 4 423 27
24 1 5 221 63
8 2 2 339 8
27 5 7 423 34
24 2 10 322 97
3 4 17 345 52
15 0 0 339 72
24 3 11 459 87
15 1 17 411 74
3 5 14 397 89
28 4 3 226 72
10 4 17 485 14
6 3 8 390 94
2 4 3 430 31
9 2 13 361 22
1 2 8 484 42
4 3 16 322 68
5 2 13 383 2
11 3 3 461 7
20 3 16 390 43
12 3 6 478 52
28 5 17 499 60
3 6 12 486 67
25 2 0 439 63
21 5 4 478 56
17 2 1 62 12
16 1 1 257 82
18 2 15 352 85
15 2 4 534 6
3 7 13 553 52
28 6 19 559 32
10 5 10 499 19
6 4 9 484 11
19 3 5 397 96
22 2 2 347 37
0 1 19 591 38
24 4 3 546 86
15 3 15 540 58
28 7 1 591 91
10 6 6 530 26
6 5 6 556 61
19 4 15 598 84
22 3 16 433 33
0 2 16 629 15
9 3 19 629 59
7 1 7 457 96
25 3 11 546 73
21 6 19 688 58
29 2 17 559 66
16 2 11 619 82
15 4 11 701 27
24 5 7 632 81
7 2 1 682 35
0 3 7 713 7
8 3 4 540 21
22 4 10 518 53
9 4 16 688 32
10 7 9 556 91
28 8 14 682 42
2 5 2 461 81
19 5 14 724 84
22 5 6 617 95
0 4 12 720 93
9 5 18 720 33
7 3 6 717 11
25 4 14 808 6
21 7 18 753 14
29 3 3 632 68
16 3 17 701 80
18 3 12 813 8
25 5 4 814 71
14 2 10 571 8
15 5 3 728 21
24 6 0 713 15
13 2 14 814 99
29 4 6 728 99
5 3 10 579 81
15 6 14 913 19
23 2 10 660 81
7 4 5 728 99
14 3 13 605 13
14 4 11 728 26
26 0 17 781 4
24 7 8 728 92
2 6 13 618 24
21 8 7 767 88
19 6 17 808 29
26 1 0 785 72
14 5 16 754 35
29 5 7 855 47
22 6 13 712 8
14 6 18 789 33
2 7 1 717 67
23 3 2 741 73
23 4 1 814 58
17 3 15 682 72
12 4 5 827 17
12 5 15 844 75
28 9 9 724 54
16 4 5 844 74
16 5 18 918 60
12 6 8 919 54
2 8 0 857 3
4 4 19 746 6
11 4 15 919 47
27 6 10 741 94
8 4 1 872 2
27 7 1 874 7
18 4 7 902 67
22 7 4 885 13
7 5 12 827 83
1 3 17 837 14
13 3 6 913 59
25 6 1 885 76
21 9 2 855 68
16 6 7 978 43
18 5 19 969 35
15 7 13 932 97
29 6 5 918 52
23 5 8 973 27
7 6 4 910 39
14 7 12 910 49
14 8 8 1000 29
26 2 16 857 30
24 8 15 966 73
2 9 12 959 12
6 6 7 1021 36
19 7 6 972 56
22 8 11 898 23
9 6 11 921 72
7 7 10 949 43
29 7 12 971 88
8 5 6 1028 32
13 4 3 972 89
1 4 0 860 66
25 7 5 970 86
4 5 4 949 79
15 8 10 1029 8
23 6 18 1000 22
20 4 9 778 64
5 4 19 1004 93
14 9 15 1039 39
26 3 4 1028 47
26 4 18 1075 83
23 7 5 1056 39
11 5 10 1037 47
27 8 9 881 99
0 5 1 961 57
8 6 14 1060 75
1 5 5 1095 8
1 6 1 1103 32
4 6 2 1028 14
5 5 16 1097 21
11 6 5 1103 25
20 5 19 1097 2
12 7 13 1029 76
28 10 12 1059 18
3 8 1 1135 21
25 8 19 1099 97
21 10 14 1135 16
17 4 7 1057 35
16 7 10 1084 75
19 8 11 1028 83
28 11 0 1077 63
2 10 9 980 8
19 9 7 1111 84
12 8 17 1105 35
8 7 16 1135 81
10 8 3 1061 53
21 11 15 1151 78
2 11 18 1158 72
6 7 5 1128 33
9 7 10 1159 27
25 9 12 1196 16
24 9 9 1039 76
28 12 15 1229 54
9 8 3 1186 45
18 6 9 1115 58
14 10 19 1196 37
13 5 10 1186 44
23 8 13 1105 98
26 5 1 1158 23
26 6 8 1181 88
17 5 6 1092 83
15 9 7 1195 70
14 11 1 1233 1
10 9 19 1233 41
6 8 11 1161 92
19 10 12 1212 52
22 9 1 1234 40
0 6 10 1230 92
24 10 17 1140 53
15 10 8 1269 49
22 10 3 1274 15
7 8 14 1151 87
13 6 13 1230 98
25 10 17 1212 54
21 12 12 1264 48
16 8 12 1312 4
18 7 4 1173 29
15 11 1 1318 25
29 8 14 1238 4
23 9 7 1265 35
7 9 15 1283 19
14 12 0 1234 74
14 13 17 1308 22
26 7 5 1269 72
24 11 4 1202 75
2 12 4 1277 87
6 9 1 1343 83
19 11 2 1264 37
22 11 17 1330 6
9 9 2 1301 19
7 10 8 1318 14
29 9 1 1426 71
8 8 19 1274 47
13 7 7 1328 56
1 7 6 1175 77
25 11 10 1322 44
15 12 9 1343 39
23 10 19 1321 98
27 9 16 1216 44
1 8 11 1253 11
3 9 11 1264 11
21 13 5 1341 30
17 6 8 1332 73
16 9 2 1320 64
18 8 8 1405 54
14 14 2 1384 38
26 8 15 1341 76
24 12 2 1422 93
2 13 5 1371 69
6 10 13 1426 14
19 12 10 1366 41
9 10 14 1320 49
8 9 3 1321 64
13 8 8 1459 22
1 9 12 1316 30
25 12 6 1366 49
4 7 6 1415 15
15 13 16 1382 95
23 11 14 1419 73
20 6 7 1384 14
5 6 9 1382 98
26 9 2 1515 4
26 10 3 1519 10
23 12 6 1492 25
11 7 4 1364 45
0 7 8 1481 56
8 10 17 1385 80
1 10 10 1407 48
4 8 0 1430 17
5 7 8 1537 64
11 8 7 1409 60
20 7 6 1517 58
12 9 12 1346 61
28 13 10 1455 83
3 10 5 1440 31
24 13 19 1515 70
15 14 5 1477 71
22 12 9 1480 25
7 11 18 1332 46
13 9 17 1481 33
25 13 3 1529 94
21 14 10 1538 68
16 10 0 1447 52
18 9 2 1519 16
15 15 18 1548 81
29 10 9 1505 20
23 13 15 1517 73
7 12 0 1499 91
14 15 3 1623 31
26 11 7 1529 89
24 14 16 1585 35
2 14 16 1620 19
6 11 14 1492 97
19 13 16 1639 93
22 13 8 1601 1
9 11 8 1602 35
7 13 3 1654 17
29 11 18 1629 29
8 11 5 1548 75
13 10 15 1590 41
1 11 13 1455 97
25 14 13 1623 92
15 16 12 1629 88
27 10 11 1275 72
1 12 2 1552 89
3 11 4 1471 69
21 15 13 1715 5
17 7 9 1525 41
2 15 17 1639 35
4 9 3 1671 68
11 9 13 1720 28
27 11 6 1575 12
8 12 11 1623 49
27 12 8 1637 33
18 10 1 1535 58
22 14 15 1631 22
7 14 9 1671 32
1 13 3 1739 82
13 11 18 1658 46
25 15 2 1715 24
21 16 3 1821 47
16 11 3 1868 73
18 11 5 1623 73
15 17 6 1717 11
29 12 15 1658 82
23 14 17 1674 72
7 15 11 1703 32
14 16 9 1703 6
14 17 14 1709 98
26 12 19 1618 75
24 15 12 1717 13
2 16 7 1674 97
6 12 17 1746 36
19 14 1 1732 79
22 15 7 1771 30
9 12 5 1696 57
7 16 17 1782 38
29 13 0 1740 11
8 13 8 1672 41
13 12 4 1704 65
1 14 15 1821 81
25 16 15 1902 31
4 10 9 1739 19
15 18 19 1728 93
23 15 16 1746 79
20 8 18 1704 47
5 8 15 1933 30
14 18 6 1807 86
26 13 12 1730 75
26 14 11 1805 24
23 16 12 1825 54
11 10 8 1748 83
27 13 18 1751 77
0 8 6 1893 93
8 14 9 1758 82
1 15 18 1902 89
1 16 16 1991 76
4 11 12 1879 46
5 9 12 1963 40
11 11 19 1831 68
20 9 15 1963 23
12 10 9 1840 51
28 14 4 1769 92
3 12 9 1891 35
25 17 7 1933 72
21 17 0 1868 28
17 8 13 1748 23
16 12 4 1941 77
19 15 19 1899 93
28 15 13 1861 57
2 17 6 1986 46
19 16 4 2018 37
12 11 10 1891 84
8 15 10 1975 25
10 10 14 1807 77
21 18 11 1896 71
2 18 8 2032 73
6 13 18 1991 61
9 13 7 2005 87
25 18 8 2105 35
24 16 13 1918 85
28 16 16 2067 96
9 14 15 2092 59
18 12 6 2032 15
14 19 5 1893 69
13 13 0 1896 85
23 17 11 1967 94
26 15 14 1884 63
26 16 13 2003 76
17 9 16 2163 63
15 19 2 1821 71
10 11 1 1884 66
6 14 10 2052 72
19 17 8 2140 1
22 16 18 2052 10
0 9 18 2062 60
24 17 18 2122 95
22 17 12 2062 7
7 17 13 2079 46
13 14 1 1981 38
25 19 16 2226 46
8 16 13 2125 89
13 15 16 2272 3
1 17 7 2092 87
23 18 9 2061 27
27 14 12 2069 24
1 18 14 2179 44
3 13 16 2275 99
21 19 1 2019 19
17 10 19 2226 16
16 13 13 2214 80
18 13 3 2047 82
26 17 9 2088 77
24 18 1 2217 39
2 19 15 2151 12
6 15 3 2129 65
19 18 18 2217 45
9 15 9 2165 49
8 17 15 2214 33
13 16 9 2275 19
1 19 9 2294 26
4 12 11 2061 72
4 13 7 2179 33
23 19 3 2194 30
20 10 4 2055 93
5 10 4 2148 67
26 18 10 2165 36
26 19 6 2201 88
11 12 17 1899 12
0 10 2 2122 40
8 18 7 2247 29
4 14 1 2256 20
5 11 7 2276 65
11 13 2 2162 37
20 11 17 2148 19
12 12 18 2262 38
28 17 11 2163 11
3 14 18 2374 24
17 11 10 2242 37
19 19 3 2262 33
28 18 8 2174 98
12 13 2 2300 94
10 12 4 2215 81
6 16 12 2194 26
9 16 12 2220 83
24 19 14 2256 57
10 13 15 2296 32
6 17 16 2374 14
22 18 14 2313 59
0 11 13 2294 74
5 12 14 2372 16
27 15 0 2093 57
8 19 18 2398 47
27 16 3 2295 68
18 14 17 2167 76
22 19 0 2372 14
7 18 19 2242 96
13 17 11 2294 39
20 12 0 2386 57
7 19 2 2394 22
29 14 13 2368 16
13 18 2 2416 5
4 15 15 2328 12
20 13 12 2443 77
5 13 11 2388 33
11 14 14 2388 69
27 17 14 2457 1
0 12 17 2368 59
16 14 6 2294 89
18 15 13 2384 88
29 15 19 2384 57
6 18 0 2443 4
9 17 4 2303 52
29 16 2 2441 4
27 18 5 2458 3
3 15 10 2398 93
17 12 4 2355 28
18 16 0 2472 71
6 19 15 2447 80
4 16 14 2458 56
20 14 5 2520 32
5 14 17 2427 51
11 15 1 2457 46
13 19 19 2441 72
27 19 19 2513 6
3 16 8 2491 87
17 13 17 2478 88
16 15 8 2578 66
18 17 16 2543 57
9 18 0 2543 66
20 15 3 2552 61
5 15 3 2613 49
11 16 6 2503 47
4 17 13 2514 97
11 17 16 2600 91
3 17 7 2578 15
3 18 0 2609 20
28 19 7 2593 47
10 14 0 2629 29
9 19 1 2609 61
4 18 18 2611 26
5 16 18 2662 68
11 18 9 2691 20
20 16 11 2613 27
12 14 14 2514 30
3 19 3 2662 66
17 14 5 2566 75
16 16 16 2691 28
18 18 18 2730 63
10 15 2 2658 83
0 13 14 2544 72
10 16 13 2741 13
0 14 0 2658 21
29 17 4 2445 18
16 17 9 2719 62
0 15 3 2728 24
10 17 5 2754 31
0 16 15 2752 24
29 18 16 2719 29
16 18 15 2781 82
18 19 14 2793 13
29 19 8 2748 68
5 17 2 2741 89
17 15 18 2793 51
12 15 0 2679 14
12 16 11 2693 78
10 18 8 2816 6
4 19 5 2785 36
5 18 0 2830 92
11 19 12 2711 45
20 17 8 2822 25
12 17 1 2771 29
17 16 14 2844 23
16 19 14 2867 42
10 19 16 2822 21
0 17 4 2776 57
0 18 5 2833 74
0 19 9 2907 69
5 19 1 2922 35
17 17 2 2867 40
12 18 19 2800 99
12 19 16 2899 88
20 18 10 2847 52
20 19 1 2957 53
17 18 0 2922 4
17 19 11 2926 78
