7 0 9 0 34
25 0 18 0 3
26 0 5 0 67
25 1 9 34 26
29 0 6 0 7
15 0 17 0 12
10 0 2 0 79
21 0 10 0 25
18 0 14 0 69
23 0 18 3 26
11 0 13 0 74
20 0 8 0 74
9 0 3 0 82
2 0 18 29 87
16 0 10 25 84
17 0 3 82 9
14 0 5 67 61
12 0 16 0 59
1 0 2 79 16
18 1 0 69 80
17 1 16 91 40
4 0 8 74 95
9 1 14 82 19
19 0 7 0 82
11 1 11 74 53
28 0 18 116 68
19 1 4 82 97
28 1 8 184 44
1 1 13 95 25
7 1 5 128 32
18 2 11 149 20
25 2 6 60 8
3 0 9 60 10
14 1 1 128 7
12 1 7 82 59
17 2 15 131 20
17 3 5 160 39
24 0 0 149 20
5 0 6 68 82
5 1 8 228 99
1 2 11 169 8
8 0 16 131 6
20 1 6 150 42
21 1 17 25 46
12 2 13 141 55
29 1 13 196 26
8 1 4 179 97
19 2 11 179 5
8 2 15 276 68
2 1 16 137 14
22 0 7 141 50
22 1 0 191 78
2 2 14 151 49
19 3 2 184 36
24 1 6 192 55
12 3 12 196 20
12 4 2 220 92
3 1 10 109 74
6 0 16 151 37
17 4 13 222 83
10 1 15 344 20
2 3 13 305 90
27 0 5 199 54
27 1 6 253 52
13 0 2 312 26
18 3 5 253 99
16 1 4 276 36
22 2 14 269 72
13 1 0 338 2
24 2 12 247 87
26 1 10 183 66
15 1 16 188 48
26 2 1 249 88
8 3 1 344 22
23 1 15 364 80
27 2 8 327 16
21 2 6 305 61
2 4 0 395 87
27 3 3 343 39
14 2 14 341 75
6 1 7 191 44
23 2 16 444 71
5 2 9 327 34
14 3 9 416 72
12 5 19 312 1
1 3 4 312 41
15 2 4 353 71
12 6 10 313 31
2 5 7 482 29
22 3 9 488 53
3 2 5 352 56
26 3 14 416 78
26 4 11 494 79
24 3 4 424 10
1 4 18 353 48
16 2 3 382 98
4 1 3 480 24
21 3 8 366 74
24 4 8 440 16
13 2 19 340 81
20 2 10 344 86
6 2 12 334 81
24 5 1 456 59
5 3 2 361 4
19 4 15 444 40
11 2 5 408 31
20 3 15 484 22
23 3 10 515 64
0 0 6 366 59
3 3 14 494 88
18 4 4 434 23
9 2 15 506 80
26 5 18 573 37
8 4 11 573 82
7 2 2 365 55
27 4 15 586 56
4 2 7 511 86
29 2 5 439 79
10 2 4 457 74
1 5 12 415 88
3 4 18 610 77
21 4 7 597 40
6 3 2 420 72
25 3 4 531 42
18 5 12 503 8
17 5 11 655 28
6 4 13 492 13
20 4 5 518 39
28 2 1 515 62
16 3 1 577 10
23 4 12 579 57
5 4 13 505 89
24 6 5 557 91
2 6 1 587 47
10 3 16 531 43
13 3 8 456 64
13 4 18 687 9
28 3 14 582 25
11 3 9 541 1
27 5 19 642 51
12 7 14 607 61
2 7 19 693 68
21 5 19 761 25
14 4 8 520 83
14 5 3 603 8
15 3 0 482 54
4 3 9 597 61
15 4 15 642 49
12 8 15 691 87
7 3 8 603 66
22 4 1 634 67
2 8 3 761 12
19 5 14 668 58
18 6 18 696 43
9 3 17 586 13
26 6 16 610 6
8 5 8 669 74
7 4 10 669 18
27 6 4 693 49
4 4 5 658 67
29 3 8 743 65
10 4 7 637 88
1 6 16 616 38
3 5 2 687 79
21 6 2 786 42
6 5 6 505 66
25 4 11 683 70
18 7 8 808 34
17 6 19 786 94
20 5 3 773 45
28 4 4 742 69
16 4 17 599 22
23 5 6 636 43
5 5 14 726 84
24 7 17 648 82
2 9 12 773 68
10 5 8 842 99
13 5 10 696 47
13 6 17 743 28
11 4 17 771 19
27 7 2 828 70
12 9 17 790 10
2 10 15 841 66
21 7 0 828 5
14 6 11 753 63
14 7 10 816 27
15 5 5 725 47
4 5 1 725 4
12 10 5 800 40
26 7 7 725 35
12 11 1 840 35
7 5 13 687 76
26 8 9 760 61
0 1 5 840 77
8 6 3 818 12
5 6 1 875 77
1 7 17 800 61
16 5 0 833 53
4 6 17 861 27
21 8 3 833 2
24 8 15 907 53
13 7 3 835 78
6 6 5 917 52
24 9 2 960 67
5 7 3 952 51
19 6 5 969 8
11 5 6 790 18
23 6 2 1027 72
0 2 15 960 73
3 6 8 941 69
18 8 10 843 35
9 4 8 1010 35
26 9 13 821 3
27 8 16 898 59
10 6 1 952 46
17 7 12 880 68
28 5 6 811 48
23 7 1 1099 99
5 8 15 1033 12
24 10 7 1027 60
2 11 6 907 58
10 7 6 998 75
13 8 13 913 64
28 6 15 1045 68
11 6 7 1087 38
12 12 4 875 15
2 12 5 977 67
14 8 0 886 81
15 6 3 1003 37
15 7 14 1040 72
12 13 11 890 86
22 5 6 1073 46
19 7 19 977 59
1 8 19 1036 27
17 8 8 1045 19
11 7 16 1125 79
8 7 6 1119 80
7 6 4 890 32
29 4 2 1099 16
25 5 19 1063 17
17 9 6 1199 25
20 6 18 818 26
16 6 5 1044 51
7 7 1 1198 28
4 7 4 922 8
28 7 10 1113 70
0 3 8 1064 46
4 8 14 1112 13
12 14 0 976 20
26 10 17 888 67
2 13 2 1115 89
19 8 16 1204 78
18 9 13 977 83
9 5 10 1183 98
26 11 15 1113 51
8 8 9 1199 79
27 9 14 1125 66
29 5 18 1115 3
10 8 18 1118 67
3 7 11 1010 42
21 9 5 1095 65
6 7 8 1110 68
25 6 8 1178 56
18 10 16 1282 41
6 8 3 1178 4
20 7 1 1226 63
16 7 8 1234 95
23 8 17 1198 87
5 9 19 1080 72
24 11 9 1278 34
2 14 8 1329 32
10 9 19 1185 81
13 9 6 1224 77
25 7 10 1281 31
29 6 17 1285 71
21 10 4 1160 1
2 15 9 1361 89
27 10 13 1191 57
11 8 0 1204 46
20 8 17 1356 65
9 6 6 1301 68
3 8 12 1052 12
21 11 1 1289 77
0 4 13 1248 99
24 12 11 1312 78
26 12 2 1204 64
13 10 14 1301 16
20 9 9 1450 70
23 9 5 1285 81
8 9 17 1421 15
29 7 19 1356 62
25 8 3 1312 29
27 11 10 1312 74
3 9 3 1341 76
24 13 13 1390 66
12 15 18 1185 43
1 9 14 1317 78
22 6 11 1390 95
3 10 4 1417 78
17 10 18 1228 13
19 9 1 1366 18
9 7 19 1418 12
8 10 0 1436 48
18 11 7 1323 5
17 11 7 1328 63
20 10 19 1520 33
28 8 7 1391 61
16 8 7 1452 62
23 10 13 1456 15
5 10 4 1495 37
24 14 16 1456 98
2 16 4 1532 2
10 10 10 1386 94
13 11 16 1554 69
13 12 12 1623 50
11 9 8 1361 74
27 12 1 1386 86
12 16 3 1417 39
2 17 10 1534 63
21 12 14 1395 13
14 9 7 1514 76
10 11 14 1480 6
1 10 5 1395 84
3 11 1 1495 74
21 13 16 1623 42
1 11 3 1479 7
22 7 10 1597 29
0 5 2 1347 7
11 10 15 1435 82
3 12 6 1569 1
5 11 0 1532 4
17 12 17 1436 69
0 6 10 1626 11
15 8 12 1673 39
22 8 2 1626 3
19 10 9 1520 32
18 12 6 1570 86
9 8 0 1536 1
8 11 18 1484 91
7 8 11 1485 7
29 8 14 1486 42
25 9 0 1537 88
17 13 10 1637 17
20 11 4 1553 39
16 9 12 1712 82
7 9 17 1505 75
4 9 15 1517 12
28 9 13 1471 51
0 7 17 1637 75
4 10 13 1529 43
15 9 2 1712 77
12 17 9 1552 9
26 13 12 1794 69
22 9 17 1712 31
2 18 17 1743 70
18 13 1 1656 16
9 9 18 1575 15
26 14 6 1863 65
8 12 10 1654 51
27 13 7 1590 83
4 11 12 1863 64
29 9 10 1705 44
10 12 5 1486 60
3 13 19 1570 16
21 14 9 1665 31
6 9 18 1590 14
25 10 13 1625 60
18 14 3 1672 29
6 10 9 1696 31
20 12 16 1665 74
28 10 17 1813 74
16 10 19 1794 48
23 11 4 1592 23
2 19 11 1813 77
10 13 3 1701 93
13 13 7 1673 81
25 11 15 1685 81
21 15 18 1696 45
27 14 18 1741 82
11 11 10 1749 84
20 13 13 1739 75
9 10 9 1727 58
3 14 13 1814 34
21 16 12 1927 7
0 8 11 1890 27
16 11 13 1848 10
4 12 16 1927 6
13 14 4 1754 31
11 12 18 1833 27
23 12 7 1754 73
18 15 9 1785 92
9 11 1 1785 94
25 12 12 1934 23
18 16 15 1877 44
28 11 5 1887 24
16 12 15 1921 29
7 10 19 1842 77
27 15 9 1877 65
11 13 1 1879 46
12 18 6 1928 38
4 13 10 1933 50
13 15 1 1925 87
18 17 17 1921 54
9 12 16 1933 54
8 13 2 1789 19
29 10 7 1827 73
25 13 2 1957 23
18 18 2 1980 21
28 12 11 1917 54
16 13 9 1950 68
17 14 0 1654 74
0 9 0 1917 22
22 10 15 1950 8
19 11 13 1858 34
9 13 5 1987 74
7 11 3 1919 24
27 16 0 1942 40
28 13 16 1987 69
10 14 17 1975 88
14 10 13 1892 57
1 12 1 2012 16
22 11 5 2061 26
24 15 3 1943 39
24 16 10 1983 14
0 10 9 2018 33
11 14 2 2001 11
3 15 7 1900 60
5 12 18 1860 18
17 15 1 2028 95
1 13 7 2028 90
0 11 1 2123 70
15 10 10 1997 94
22 12 19 2087 60
24 17 18 1997 65
26 15 3 1982 90
15 11 18 2091 82
26 16 8 2072 95
8 14 12 1957 74
23 13 8 2167 7
27 17 11 1982 89
21 17 11 2071 20
14 11 12 2031 7
6 11 15 1958 91
23 14 9 2174 70
5 13 10 2091 91
14 12 2 2038 88
12 19 8 2174 28
1 14 9 2244 66
15 12 8 2202 49
22 13 8 2251 52
3 16 0 1982 66
24 18 14 2062 52
1 15 6 2310 41
4 14 11 2091 36
24 19 19 2147 54
13 16 11 2127 42
6 12 17 2063 71
5 14 12 2182 99
19 12 3 2072 66
11 15 19 2201 37
0 12 19 2238 9
18 19 19 2247 81
9 14 4 2061 9
7 12 14 2114 91
4 15 0 2127 46
29 11 15 2049 79
10 15 13 2063 39
1 16 15 2351 3
6 13 11 2169 86
25 14 16 2056 43
17 16 14 2205 91
28 14 3 2138 69
10 16 0 2173 32
13 17 15 2354 23
28 15 12 2281 33
11 16 4 2238 97
14 13 16 2126 62
14 14 19 2328 5
14 15 17 2333 32
15 13 6 2351 42
20 14 0 2205 8
16 14 14 2296 60
7 13 16 2205 4
1 17 0 2354 47
4 16 19 2333 71
28 16 2 2314 61
0 13 4 2335 17
4 17 6 2404 81
15 14 1 2393 87
26 17 4 2352 11
22 14 18 2303 35
19 13 8 2303 25
9 15 13 2102 50
26 18 0 2401 28
8 15 13 2152 48
27 18 12 2314 53
4 18 2 2485 42
29 12 0 2429 9
10 17 11 2255 88
3 17 16 2209 71
21 18 15 2377 95
6 14 14 2356 4
25 15 5 2099 29
6 15 0 2438 55
20 15 7 2213 26
28 17 0 2493 18
16 15 2 2527 5
23 15 19 2404 98
5 15 17 2365 16
10 18 12 2367 80
13 18 5 2377 46
25 16 17 2381 74
29 13 9 2438 61
21 19 13 2472 75
27 19 17 2455 3
11 17 3 2335 88
20 16 11 2343 25
9 16 11 2368 82
3 18 15 2472 77
0 14 16 2352 33
22 15 12 2447 57
22 16 4 2504 57
26 19 19 2502 50
16 16 16 2532 41
4 19 18 2527 4
13 19 9 2499 45
20 17 14 2368 13
19 14 10 2328 10
11 18 14 2423 25
23 16 11 2502 66
9 17 12 2504 68
8 16 19 2552 68
29 14 11 2568 63
25 17 7 2455 29
28 18 9 2544 36
16 17 11 2631 15
17 17 2 2532 89
0 15 3 2423 17
22 17 13 2561 91
19 15 12 2572 36
9 18 7 2572 23
7 14 0 2511 72
20 18 2 2621 72
9 19 2 2693 76
3 19 17 2549 84
0 16 12 2608 40
22 18 16 2652 91
22 19 3 2743 35
16 18 6 2646 84
20 19 12 2693 98
19 16 0 2608 88
23 17 3 2778 47
8 17 5 2620 43
7 15 7 2595 84
10 19 9 2580 30
25 18 1 2484 30
29 15 4 2631 12
0 17 7 2679 75
16 19 18 2730 45
6 16 19 2620 7
25 19 14 2514 63
6 17 10 2627 8
23 18 0 2825 10
5 16 5 2663 6
14 16 4 2643 25
14 17 15 2668 53
15 15 19 2627 2
15 16 11 2646 10
19 17 6 2730 50
8 18 14 2663 13
7 16 15 2721 50
29 16 1 2643 47
6 18 1 2690 89
6 19 4 2779 80
23 19 14 2835 73
5 17 16 2743 4
5 18 11 2747 77
8 19 7 2754 31
19 18 17 2780 82
5 19 7 2824 97
7 17 18 2775 45
0 18 18 2820 15
1 18 8 2401 33
7 18 12 2820 25
19 19 18 2862 35
11 19 12 2845 51
0 19 14 2908 80
28 19 19 2629 78
14 18 18 2897 43
14 19 6 2940 75
15 17 13 2656 58
15 18 9 2714 81
7 19 6 3015 6
29 17 3 2825 67
1 19 10 2635 57
15 19 7 2921 41
29 18 16 2892 34
29 19 12 2926 5
17 18 4 2859 16
17 19 9 2875 35
