13 0 12 0 97
14 0 7 0 53
4 0 5 0 72
13 1 3 97 7
21 0 8 0 53
25 0 13 0 41
5 0 7 53 32
3 0 14 0 51
0 0 8 53 17
28 0 17 0 25
22 0 12 97 96
11 0 2 0 61
4 1 16 72 80
7 0 16 152 5
16 0 10 0 74
16 1 17 74 45
20 0 13 41 15
10 0 3 104 95
16 2 9 119 93
21 1 6 53 19
2 0 9 212 2
7 1 14 157 44
16 3 16 212 9
23 0 10 74 98
15 0 1 0 75
16 4 18 221 58
23 1 18 279 29
12 0 16 221 46
19 0 0 0 20
29 0 7 85 64
21 2 14 201 68
24 0 6 72 21
20 1 6 93 71
21 3 12 269 99
13 2 17 119 59
14 1 0 53 66
8 0 10 172 60
13 3 4 178 87
20 2 4 265 39
9 0 9 214 78
6 0 0 119 32
17 0 12 368 30
8 1 19 232 54
3 1 3 199 30
0 1 10 232 42
7 2 18 308 94
12 1 19 286 94
23 2 8 308 75
9 1 14 292 56
2 1 6 214 62
15 1 19 380 38
19 1 11 20 4
18 0 15 0 98
3 2 10 274 79
16 5 4 304 16
27 0 7 149 53
5 1 9 292 82
18 1 17 178 89
21 4 0 368 77
25 1 19 418 6
13 4 8 383 57
10 1 4 320 62
0 2 5 274 3
19 2 17 267 65
2 2 13 276 35
26 0 16 267 57
3 3 16 353 27
22 1 16 380 9
5 2 1 374 45
10 2 18 402 53
5 3 2 419 14
1 0 14 348 57
12 2 10 380 33
6 1 12 398 53
6 2 1 451 33
15 2 14 418 15
22 2 8 440 42
14 2 18 455 42
16 6 2 433 27
23 3 15 383 40
27 1 0 445 32
23 4 6 423 81
20 3 8 482 31
4 2 11 152 4
18 2 10 413 45
7 3 11 402 20
27 2 18 497 2
5 4 4 433 10
13 5 9 440 37
28 1 16 389 83
17 1 11 422 5
14 3 19 497 59
18 3 4 458 11
20 4 18 513 32
25 2 0 477 7
25 3 5 484 80
2 3 10 458 87
26 1 18 545 55
0 3 13 311 77
9 2 10 545 24
16 7 11 460 19
29 1 1 484 20
24 1 16 472 47
15 3 7 433 48
2 4 5 564 37
23 5 7 504 73
9 3 19 569 60
10 3 15 455 69
1 1 18 600 93
14 4 15 556 6
9 4 8 629 88
16 8 5 601 19
28 2 9 477 87
21 5 9 564 12
0 4 11 479 53
0 5 17 532 65
29 2 16 519 31
11 1 4 469 73
8 2 18 693 41
27 3 16 550 85
18 4 14 469 12
6 3 14 484 70
4 3 9 576 7
21 6 10 576 81
18 5 1 504 49
28 3 1 564 50
7 4 1 614 35
21 7 2 657 96
18 6 3 553 44
9 5 12 717 47
29 3 17 597 14
29 4 3 611 50
25 4 14 564 93
4 4 17 611 85
29 5 13 661 93
3 4 18 734 25
28 4 0 614 60
17 2 7 577 54
29 6 0 754 72
7 5 10 657 75
14 5 2 753 60
12 3 9 583 24
22 3 4 542 52
11 2 1 649 79
19 3 10 732 99
3 5 1 759 13
1 2 1 772 85
7 6 5 732 92
15 4 17 696 37
22 4 19 629 66
14 6 9 813 30
16 9 15 620 69
23 6 2 813 70
27 4 6 635 17
20 5 12 764 80
4 5 10 831 30
18 7 18 759 98
7 7 9 843 30
8 3 15 734 45
3 6 17 772 3
28 5 15 779 63
17 3 9 873 3
29 7 19 826 74
7 8 7 873 69
14 7 1 857 59
12 4 14 657 31
20 6 0 844 54
2 5 15 842 79
26 2 11 600 46
0 6 19 900 14
12 5 12 844 57
23 7 0 898 29
9 6 7 942 33
2 6 2 921 4
15 5 0 927 92
19 4 15 921 56
3 7 0 1019 23
16 10 8 717 82
27 5 13 754 94
5 5 6 652 60
21 8 18 857 46
25 5 8 799 12
13 6 2 925 4
10 4 6 712 45
0 7 18 914 14
19 5 5 977 61
26 3 15 977 15
11 3 15 992 25
8 4 8 811 79
27 6 17 848 46
18 8 8 890 15
6 4 18 928 59
4 6 18 987 75
28 6 11 842 86
7 9 2 942 4
29 8 6 900 13
24 2 4 594 2
15 6 13 1019 99
9 7 6 975 11
10 5 2 946 48
1 3 2 994 20
14 8 10 916 63
28 7 5 1038 5
29 9 10 979 42
11 4 16 1017 75
8 5 0 1042 19
4 7 15 1062 47
12 6 18 1062 57
19 6 12 1038 45
24 3 15 1109 63
20 7 5 1043 38
6 5 6 987 41
16 11 3 799 25
29 10 9 1021 18
12 7 2 1119 8
22 5 9 1039 80
11 5 3 1092 5
19 7 9 1119 93
8 6 2 1127 53
3 8 6 1042 17
7 10 12 1083 99
18 9 16 1092 79
27 7 5 1081 83
5 6 10 1021 98
29 11 8 1039 25
21 9 19 914 56
24 4 0 1172 57
20 8 3 1097 51
21 10 13 1118 41
13 7 11 929 2
14 9 6 1059 61
8 7 9 1212 91
13 8 13 1159 23
20 9 9 1303 50
9 8 18 1119 92
6 6 8 1064 95
17 4 19 970 63
8 8 13 1303 1
3 9 8 1159 22
0 8 9 1353 77
7 11 15 1182 71
12 8 17 1127 88
23 8 11 931 85
9 9 2 1211 72
2 7 8 1181 79
15 7 11 1118 37
19 8 6 1212 32
18 10 6 1244 98
3 10 2 1283 45
16 12 7 975 31
27 8 14 1164 63
5 7 18 1211 95
18 11 2 1342 48
21 11 5 1164 8
25 6 10 1119 54
13 9 5 1182 45
10 6 16 1171 49
0 9 15 1430 22
19 9 3 1244 44
2 8 19 1260 61
26 4 17 1215 61
3 11 11 1328 13
22 6 13 1304 45
5 8 17 1306 61
10 7 7 1220 59
5 9 8 1367 88
1 4 13 1349 94
12 9 15 1452 55
6 7 17 1367 65
6 8 10 1432 91
15 8 16 1220 79
22 7 6 1349 91
14 10 3 1288 83
16 13 0 1229 51
23 9 5 1227 3
27 9 11 1341 67
23 10 17 1432 89
20 10 1 1353 58
4 8 0 1280 94
18 12 0 1390 19
7 12 17 1521 18
27 10 9 1430 46
5 10 5 1455 66
13 10 18 1306 73
28 8 3 1371 11
17 5 16 1299 47
14 11 11 1408 14
18 13 7 1409 90
20 11 14 1411 96
25 7 17 1539 12
25 8 15 1551 38
2 9 1 1411 35
26 5 4 1276 64
0 10 3 1452 26
9 10 11 1422 42
16 14 12 1280 85
29 12 15 1589 83
24 5 12 1365 25
15 9 12 1390 28
2 10 4 1446 39
23 11 12 1521 12
9 11 0 1464 88
10 8 5 1521 37
1 5 9 1476 3
14 12 13 1443 78
9 12 13 1552 30
16 15 6 1440 42
28 9 18 1382 27
21 12 17 1551 93
0 11 16 1478 53
0 12 0 1552 36
29 13 18 1672 33
11 6 17 1644 76
8 9 3 1478 74
27 11 19 1476 84
18 14 11 1499 20
6 9 2 1523 7
4 9 19 1560 11
21 13 1 1644 10
18 15 12 1533 20
28 10 12 1553 8
7 13 8 1539 1
21 14 11 1654 75
18 16 5 1558 13
9 13 15 1672 57
29 14 5 1705 21
29 15 2 1726 92
25 9 12 1589 30
4 10 6 1571 75
29 16 11 1818 48
3 12 19 1571 72
28 11 14 1561 32
17 6 17 1720 59
29 17 14 1866 60
7 14 0 1588 75
14 13 12 1619 90
12 10 6 1646 69
22 8 3 1552 31
11 7 6 1720 26
19 10 4 1485 62
3 13 5 1726 52
1 6 16 1531 59
7 15 4 1663 44
15 10 10 1523 68
22 9 2 1818 40
14 14 8 1709 38
16 16 14 1926 10
23 12 14 1936 1
27 12 3 1583 34
20 12 11 1866 96
4 11 4 1707 63
18 17 13 1582 78
7 16 19 1707 35
8 10 6 1746 16
3 14 7 1778 56
28 12 13 1660 16
17 7 6 1779 45
29 18 12 1926 4
7 17 3 1742 37
14 15 4 1770 88
12 11 7 1834 51
2 11 18 1705 26
26 6 9 1479 19
0 13 12 1930 66
12 12 5 1885 94
9 14 16 1729 97
2 12 11 1962 24
15 11 9 1591 20
19 11 1 1654 94
3 15 15 1834 56
16 17 19 1936 85
27 13 12 1996 22
5 11 0 1663 79
21 15 7 1885 75
25 10 18 1731 68
13 11 10 1591 72
10 9 12 2018 23
19 12 7 1960 57
26 7 1 1748 14
11 8 11 1986 69
8 11 7 2017 56
27 14 4 2018 24
18 18 19 2021 32
6 10 19 2053 19
3 16 12 2041 84
28 13 2 1858 49
17 8 15 1890 63
29 19 4 2042 80
7 18 6 1824 53
14 16 16 1858 20
12 13 11 2055 43
22 10 10 1858 12
11 9 12 2125 18
19 13 14 2017 58
3 17 9 2125 16
1 7 6 1877 80
7 19 13 1877 96
15 12 6 1957 6
22 11 5 1979 60
14 17 17 1878 23
16 18 13 2021 85
23 13 9 2141 46
27 15 8 2042 70
20 13 16 1962 9
4 12 13 2106 58
18 19 9 2187 39
8 12 12 2143 75
3 18 4 2141 50
28 14 7 2073 20
17 9 13 2164 40
14 18 5 2039 81
12 14 1 2098 35
20 14 2 1971 65
2 13 7 2093 17
26 8 10 1870 49
0 14 7 2110 26
12 15 0 2133 61
23 14 13 2204 30
9 15 1 2133 25
2 14 16 2110 8
15 13 3 1963 57
19 14 16 2118 44
3 19 13 2234 64
16 19 1 2158 27
27 16 10 2112 63
5 12 19 2072 98
21 16 4 2191 85
25 11 3 2020 36
13 12 6 1963 98
10 10 9 2226 94
0 15 2 2136 56
19 15 2 2192 88
26 9 5 2120 58
11 10 7 2143 21
8 13 11 2218 95
27 17 15 2175 14
6 11 5 2178 82
4 13 2 2280 63
28 15 19 2170 42
24 6 7 2164 25
15 14 18 2020 79
9 16 17 2158 26
10 11 17 2320 19
1 8 19 2212 40
14 19 14 2120 64
28 16 10 2212 59
11 11 18 2164 21
8 14 1 2313 90
4 14 1 2403 4
12 16 4 2276 14
19 16 8 2280 1
24 7 10 2271 80
20 15 15 2189 32
6 12 16 2260 93
12 17 3 2290 30
22 12 14 2184 99
11 12 8 2281 16
19 17 13 2298 65
8 15 4 2403 86
27 18 1 2407 76
5 13 15 2221 44
21 17 15 2276 32
25 12 16 2353 19
13 13 7 2189 79
10 12 0 2339 79
26 10 13 2363 54
22 13 11 2313 57
5 14 14 2283 48
12 18 8 2320 84
23 15 3 2320 28
9 17 4 2489 5
2 15 12 2218 88
15 15 8 2404 97
19 18 18 2363 73
27 19 2 2483 67
5 15 13 2417 27
21 18 3 2348 80
25 13 11 2372 46
13 14 1 2483 61
10 13 8 2501 81
0 16 1 2544 14
19 19 19 2436 64
2 16 0 2418 39
26 11 3 2428 54
11 13 13 2444 39
8 16 5 2489 58
6 13 11 2418 56
4 15 14 2407 33
26 12 8 2582 50
11 14 0 2483 15
8 17 16 2547 42
6 14 7 2474 44
28 17 8 2632 13
17 10 10 2351 10
12 19 13 2483 79
22 14 15 2370 68
11 15 14 2498 64
1 9 17 2339 83
15 16 15 2501 76
22 15 1 2558 44
23 16 4 2494 82
20 16 7 2518 19
4 16 3 2482 47
8 18 14 2589 79
28 18 4 2645 86
17 11 4 2731 16
20 17 19 2537 54
2 17 3 2529 25
26 13 0 2632 32
0 17 14 2668 41
23 17 1 2602 10
9 18 3 2554 62
2 18 14 2709 92
15 17 5 2577 11
5 16 11 2474 47
21 19 16 2589 84
25 14 6 2418 71
13 15 15 2577 15
10 14 1 2612 9
0 18 6 2709 69
26 14 14 2801 40
11 16 19 2591 98
8 19 17 2668 8
6 15 13 2562 47
4 17 12 2529 78
28 19 6 2778 38
24 8 5 2588 70
15 18 4 2747 6
9 19 5 2658 45
10 15 10 2621 66
1 10 7 2537 67
11 17 10 2689 70
4 18 7 2607 8
24 9 13 2658 44
20 18 17 2676 7
6 16 9 2609 32
22 16 17 2683 16
24 10 17 2702 7
15 19 2 2753 95
2 19 17 2801 48
23 18 19 2689 18
10 16 14 2841 32
1 11 8 2645 55
0 19 4 2778 85
11 18 9 2759 54
6 17 3 2641 62
4 19 8 2700 20
25 15 1 2621 71
17 12 1 2747 42
22 17 18 2699 55
11 19 5 2813 32
1 12 3 2703 25
22 18 0 2754 6
23 19 16 2707 97
20 19 10 2759 10
5 17 12 2607 31
25 16 7 2692 94
13 16 16 2804 80
10 17 11 2873 17
26 15 2 2848 47
26 16 19 2895 70
6 18 15 2703 52
17 13 8 2789 46
24 11 3 2728 30
10 18 19 2965 38
1 13 10 2769 24
24 12 14 2873 62
6 19 4 2863 15
24 13 18 2935 55
10 19 13 3003 59
1 14 0 2793 74
5 18 3 2758 13
25 17 2 2895 66
13 17 14 2935 77
26 17 12 2965 97
5 19 16 2884 50
13 18 0 3012 15
17 14 5 2845 66
25 18 9 2961 99
25 19 4 3060 57
26 18 7 3062 50
17 15 0 3027 34
22 19 7 3112 84
26 19 6 3112 65
13 19 19 3027 76
17 16 2 3061 1
1 15 11 2890 47
17 17 3 3062 15
24 14 1 2990 68
1 16 15 2937 37
24 15 19 3103 56
24 16 8 3159 1
1 17 5 2974 98
24 17 2 3160 25
1 18 12 3072 9
17 18 14 3077 81
24 18 9 3185 5
1 19 4 3117 84
24 19 11 3190 13
17 19 18 3158 69
