19 0 7 0 13
7 0 14 0 96
8 0 3 0 31
4 0 0 0 90
2 0 0 90 48
5 0 17 0 32
19 1 8 13 85
1 0 0 138 70
25 0 1 0 46
26 0 10 0 88
29 0 19 0 22
13 0 14 96 31
26 1 14 127 2
14 0 18 0 10
24 0 17 32 10
26 2 12 129 34
11 0 6 0 98
11 1 0 208 6
18 0 18 10 45
3 0 7 13 50
29 1 14 129 87
6 0 18 55 90
11 2 12 214 66
5 1 8 98 76
28 0 5 0 48
27 0 14 216 98
18 1 10 88 40
10 0 4 0 68
5 2 19 174 29
23 0 7 63 14
19 2 14 314 32
6 1 1 145 9
21 0 16 0 96
15 0 10 128 41
13 1 3 127 64
12 0 2 0 90
14 1 11 10 37
17 0 1 154 64
0 0 2 90 96
10 1 17 68 54
23 1 2 186 2
1 1 10 208 46
3 1 19 203 84
29 2 4 216 89
21 1 19 287 92
17 1 13 218 70
1 2 13 288 90
25 1 4 305 78
13 2 6 191 21
5 3 16 203 60
15 1 13 378 38
26 3 6 212 19
20 0 11 47 19
2 1 19 379 60
20 1 6 231 51
18 2 12 280 14
3 2 10 287 74
27 1 13 416 44
23 2 14 346 8
7 1 9 96 78
23 3 5 354 22
0 1 8 186 26
13 3 7 212 72
21 2 4 383 34
3 3 11 361 35
19 3 11 396 30
7 2 11 426 79
23 4 6 376 93
0 2 6 469 33
13 4 8 284 78
25 2 10 383 10
11 3 18 280 53
21 3 5 417 10
3 4 9 396 86
19 4 10 426 70
23 5 9 482 59
29 3 8 362 41
19 5 13 496 61
26 4 18 333 86
24 1 11 505 39
0 3 0 502 19
11 4 1 333 60
13 5 12 362 88
14 2 2 188 99
2 2 11 544 15
18 3 16 294 69
28 1 11 559 34
1 3 3 378 61
10 2 2 287 75
13 6 15 450 4
9 0 13 557 3
5 4 0 521 60
9 1 7 560 53
1 4 2 439 24
19 6 6 557 42
15 2 16 416 71
25 3 7 613 13
16 0 2 463 46
12 1 7 626 35
16 1 10 509 79
5 5 12 581 21
0 4 4 521 43
0 5 15 564 17
12 2 13 661 76
5 6 13 737 2
15 3 8 487 65
29 4 0 581 70
11 5 14 393 93
3 5 14 486 42
2 3 9 559 25
13 7 5 454 74
3 6 6 599 31
15 4 17 552 86
9 2 9 613 33
28 2 16 593 25
11 6 19 486 52
0 6 16 618 26
9 3 0 651 93
13 8 16 644 26
6 2 9 646 28
26 5 2 509 90
4 1 6 630 27
7 3 8 552 90
8 1 14 528 80
3 7 12 630 62
22 0 3 439 42
9 4 3 744 62
22 1 4 564 14
19 7 16 670 41
1 5 7 661 63
17 2 11 593 9
3 8 16 711 82
14 3 3 806 28
28 3 12 692 26
27 2 1 460 33
29 5 1 651 35
23 6 10 588 15
16 2 19 588 36
6 3 11 674 38
15 5 11 712 30
0 7 13 739 66
10 3 8 642 29
21 4 3 834 68
17 3 2 602 92
24 2 18 544 56
26 6 13 805 84
5 7 14 739 65
18 4 1 686 45
18 5 11 742 98
10 4 11 840 29
20 2 17 638 8
7 4 2 694 63
5 8 3 902 22
7 5 16 793 80
9 5 8 806 17
19 8 19 711 92
4 2 11 869 30
22 2 2 757 55
1 6 1 731 95
14 4 5 834 84
0 8 5 918 84
7 6 4 873 10
7 7 1 883 2
14 5 4 918 92
16 3 7 724 13
8 2 9 674 77
2 4 15 584 21
28 4 15 718 53
19 9 2 812 87
15 6 7 742 57
22 3 9 812 97
2 5 3 924 99
28 5 10 771 97
19 10 18 899 36
15 7 5 1002 71
22 4 7 909 65
18 6 8 840 90
13 9 4 1010 11
25 4 0 744 32
11 7 16 873 68
3 9 13 889 66
15 8 14 1073 24
9 6 11 899 65
28 6 0 868 26
11 8 10 941 81
0 9 12 1002 56
9 7 4 1021 23
6 4 17 712 36
26 7 8 930 40
4 3 1 899 68
8 3 0 894 56
22 5 16 974 63
9 8 5 1073 10
22 6 0 1037 74
19 11 3 1023 58
1 7 16 1037 34
17 4 3 1081 15
14 6 15 1010 12
28 7 2 899 23
27 3 5 1083 20
29 6 15 1022 95
23 7 15 1117 9
16 4 18 935 3
6 5 0 1111 19
0 10 10 1058 83
10 5 19 869 98
21 5 18 938 94
17 5 18 1096 32
24 3 7 974 23
26 8 9 970 52
5 9 2 924 36
18 7 19 967 19
18 8 9 1022 40
10 6 18 1128 17
20 3 8 970 94
5 10 1 967 80
19 12 5 1103 66
4 4 3 1096 25
22 7 5 1169 63
1 8 9 1071 47
14 7 13 1022 72
26 9 19 1022 66
4 5 16 1121 94
8 4 11 964 85
17 6 17 1128 6
28 8 14 1097 36
27 4 17 1134 74
29 7 9 1118 62
16 5 4 1044 57
10 7 13 1145 4
21 6 15 1126 62
24 4 12 1058 44
10 8 12 1149 10
24 5 4 1102 93
5 11 10 1141 61
20 4 4 1195 72
3 10 5 1232 39
20 5 12 1267 99
14 8 19 1094 84
27 5 2 1208 30
29 8 3 1180 57
23 8 3 1237 10
16 6 6 1101 79
1 9 17 1208 50
21 7 8 1188 83
1 10 18 1258 62
12 3 0 1130 7
0 11 7 1141 66
21 8 13 1271 26
25 5 9 1180 63
11 9 8 1271 51
24 6 10 1202 90
2 6 13 1297 56
9 9 14 1133 44
10 9 3 1247 71
21 9 0 1297 87
17 7 9 1243 96
24 7 3 1318 99
26 10 11 1088 76
5 12 7 1207 55
18 9 17 1258 2
18 10 5 1271 47
10 10 1 1318 26
20 6 1 1366 18
7 8 19 1178 67
5 13 9 1339 84
9 10 15 1188 49
4 6 19 1245 66
22 8 13 1353 67
1 11 15 1320 10
14 9 6 1180 90
0 12 14 1207 74
14 10 1 1384 35
8 5 10 1292 95
2 7 18 1353 32
28 9 4 1267 17
15 9 15 1330 10
22 9 11 1420 48
2 8 1 1419 31
28 10 8 1322 65
25 6 14 1281 71
16 7 5 1318 53
12 4 19 1311 67
20 7 0 1384 39
7 9 6 1270 96
12 5 4 1378 10
25 7 5 1371 66
12 6 9 1423 41
24 8 8 1417 80
2 9 5 1450 36
7 10 0 1423 69
27 6 4 1388 4
6 6 2 1238 4
22 10 8 1497 63
8 6 4 1392 59
25 8 2 1437 40
27 7 18 1392 88
24 9 13 1497 47
16 8 0 1492 11
28 11 1 1450 97
20 8 19 1423 30
11 10 17 1322 85
29 9 12 1366 52
28 12 18 1547 5
20 9 9 1464 61
17 8 16 1339 51
11 11 11 1468 74
4 7 12 1418 48
12 7 11 1542 41
9 11 6 1366 2
6 7 6 1368 46
4 8 10 1466 47
8 7 12 1466 46
17 9 6 1414 87
27 8 3 1480 19
16 9 11 1583 45
9 12 2 1477 54
28 13 9 1552 13
0 13 19 1453 24
9 13 17 1531 25
13 10 0 1503 41
6 8 16 1414 84
4 9 7 1513 16
6 9 10 1513 71
7 11 7 1529 13
8 8 5 1512 4
3 11 15 1340 48
20 10 16 1525 19
18 11 2 1531 70
3 12 4 1451 98
27 9 12 1512 85
23 9 16 1544 81
7 12 15 1542 42
2 10 7 1542 74
13 11 17 1556 93
3 13 3 1549 99
15 10 6 1501 78
9 14 1 1556 42
28 14 17 1649 71
11 12 2 1601 12
0 14 1 1598 85
9 15 10 1598 57
13 12 1 1683 32
6 10 4 1584 60
26 11 15 1584 62
4 10 5 1529 90
7 13 18 1584 54
8 9 16 1625 85
3 14 17 1720 48
22 11 14 1560 81
9 16 19 1655 23
22 12 18 1641 8
19 13 4 1644 70
1 12 11 1628 66
17 10 12 1597 49
3 15 8 1768 77
14 11 14 1641 40
28 15 7 1720 32
27 10 19 1678 81
29 10 6 1579 18
23 10 18 1649 85
16 10 13 1628 39
6 11 14 1681 23
15 11 3 1648 74
0 15 3 1722 47
10 11 10 1655 3
21 10 10 1658 29
17 11 15 1646 75
24 10 2 1613 38
26 12 17 1768 27
5 14 15 1721 99
18 12 13 1667 46
18 13 14 1713 70
10 12 5 1658 51
20 11 18 1734 74
7 14 12 1646 76
5 15 4 1820 25
7 15 17 1795 32
9 17 18 1808 16
19 14 1 1715 21
4 11 2 1651 23
22 13 10 1687 7
1 13 8 1845 52
14 12 0 1681 63
0 16 18 1824 88
7 16 13 1827 75
7 17 3 1902 52
14 13 12 1744 29
16 11 1 1736 87
8 10 2 1710 42
2 11 6 1616 72
28 16 19 1759 26
19 15 12 1773 22
15 12 0 1744 16
22 14 17 1827 22
2 12 10 1694 91
28 17 6 1785 6
19 16 15 1820 41
15 13 19 1785 25
22 15 6 1849 43
18 14 7 1783 93
27 11 0 1760 29
29 11 13 1902 94
12 8 16 1710 18
23 11 12 1795 62
0 17 17 1912 97
13 13 18 1912 74
21 11 14 1783 95
25 9 18 1986 13
11 13 13 1996 23
21 12 11 1878 30
29 12 17 2009 60
26 13 7 1876 28
24 11 9 1651 15
11 14 7 2019 43
14 14 8 1897 89
2 13 4 1845 29
18 15 6 1892 70
28 18 3 1954 47
1 14 19 1897 49
10 13 15 1861 79
9 18 16 1824 76
5 16 6 1962 68
1 15 5 1946 4
15 14 18 1999 6
25 10 6 2030 50
16 12 9 1823 25
12 9 3 2001 41
3 16 1 1845 31
20 12 2 1808 2
7 18 5 1954 98
27 12 10 1789 72
6 12 19 1946 63
22 16 12 1892 53
8 11 1 1876 14
25 11 3 2080 97
27 13 9 1861 79
24 12 15 1940 41
16 13 12 1945 62
16 14 8 2007 32
28 19 13 2019 57
20 13 3 2177 77
11 15 4 2062 98
29 13 7 2069 34
20 14 10 2254 66
17 12 0 1789 84
11 16 5 2160 26
4 12 15 1981 5
12 10 5 2186 35
9 19 12 2007 12
6 13 12 2019 77
4 13 4 2160 3
8 12 13 2076 4
17 13 4 2163 1
27 14 11 1940 54
16 15 16 2039 13
14 15 9 1986 16
0 18 9 2009 41
11 17 15 2186 51
21 13 1 1908 49
3 17 18 2005 51
19 17 0 1873 88
23 12 11 1994 70
29 14 11 2103 87
19 18 9 2050 91
26 14 0 1961 5
24 13 19 2009 26
11 18 3 2254 22
13 14 2 1986 18
14 16 16 2052 4
2 14 14 1878 34
18 16 15 2237 93
1 16 4 2164 94
10 14 14 1940 30
13 15 19 2035 37
5 17 11 2190 80
1 17 12 2258 38
19 19 17 2141 94
15 15 2 2005 75
25 12 19 2177 41
16 16 14 2052 22
12 11 6 2221 13
16 17 3 2276 93
5 18 18 2270 67
12 12 14 2234 30
29 15 16 2190 22
11 19 9 2276 26
3 18 2 2080 44
2 15 8 2039 50
13 16 10 2320 28
13 17 11 2348 47
6 14 15 2330 72
26 15 5 2221 72
4 14 18 2337 10
8 13 7 2103 40
22 17 15 2402 22
22 18 1 2424 93
17 14 7 2164 10
14 17 7 2174 38
27 15 8 2089 37
29 16 5 2293 96
23 13 17 2235 64
6 15 7 2402 2
10 15 9 2302 58
21 14 12 2296 43
17 15 14 2264 39
24 14 6 2234 48
26 16 16 2293 54
18 17 0 2330 33
18 18 3 2369 9
10 16 16 2360 76
16 18 15 2424 90
27 16 7 2404 95
8 14 17 2299 40
20 15 15 2514 28
4 15 14 2347 37
22 19 19 2517 89
14 18 10 2348 22
14 19 17 2370 84
8 15 19 2606 48
2 16 12 2339 21
2 17 2 2360 36
18 19 4 2378 85
27 17 15 2542 11
12 13 18 2347 28
23 14 0 2363 93
21 15 2 2396 85
25 13 16 2436 95
21 16 9 2481 1
26 17 3 2378 46
24 15 1 2517 52
2 18 16 2531 1
10 17 6 2436 81
25 14 11 2531 58
12 14 12 2375 32
20 16 14 2542 23
27 18 16 2553 11
6 16 3 2424 63
8 16 6 2654 90
25 15 12 2589 57
27 19 6 2744 2
24 16 16 2569 75
20 17 7 2565 14
20 18 5 2579 92
17 16 8 2303 3
4 16 9 2482 74
12 15 15 2553 95
6 17 5 2671 24
4 17 8 2556 28
0 19 11 2589 77
12 16 10 2648 92
5 19 5 2695 50
15 16 4 2463 68
29 17 2 2481 59
3 19 0 2456 41
2 19 17 2532 30
13 18 9 2556 98
15 17 12 2646 67
13 19 13 2654 65
6 18 8 2695 60
26 18 1 2569 57
4 18 13 2719 25
7 19 10 2740 16
8 17 18 2744 82
1 18 14 2565 93
17 17 5 2745 89
29 18 18 2826 81
23 15 8 2755 26
16 19 17 2562 90
6 19 13 2755 99
15 18 1 2713 69
10 18 7 2579 63
21 17 6 2746 60
17 18 10 2834 13
24 17 14 2658 65
26 19 4 2626 66
10 19 0 2642 60
20 19 13 2854 90
4 19 17 2744 86
1 19 6 2806 84
8 18 8 2826 4
15 19 9 2782 56
29 19 10 2907 90
12 17 1 2782 71
23 16 4 2781 30
21 18 17 2830 80
25 16 15 2648 63
21 19 7 2910 48
24 18 5 2834 4
25 17 17 2910 42
12 18 17 2952 76
8 19 15 2830 87
25 18 13 2952 56
24 19 0 2838 57
17 19 19 2847 21
12 19 8 3028 78
23 17 13 3008 6
23 18 19 3014 86
23 19 1 3100 27
25 19 8 3106 31
