33 0 1 0 11
17 0 13 0 51
19 0 0 0 49
19 1 11 49 71
7 0 14 0 5
48 0 11 120 73
18 0 10 0 75
30 0 8 0 6
44 0 5 0 52
10 0 9 0 27
21 0 7 0 33
8 0 7 33 49
32 0 10 75 34
28 0 2 0 95
6 0 13 51 51
22 0 2 95 47
6 1 10 109 48
4 0 5 52 27
49 0 9 27 9
21 1 12 33 53
7 1 11 193 35
15 0 4 0 54
25 0 13 102 73
41 0 3 0 76
39 0 14 5 99
20 0 1 11 81
26 0 7 82 6
42 0 14 104 22
41 1 0 76 33
29 0 8 6 62
39 1 10 157 23
38 0 9 36 81
37 0 0 109 55
36 0 13 175 32
20 1 4 92 4
17 1 11 228 36
27 0 9 117 87
3 0 10 180 36
11 0 3 76 80
25 1 14 175 86
43 0 10 216 89
38 1 7 117 43
2 0 2 142 15
5 0 3 156 44
47 0 4 96 92
37 1 14 261 78
49 1 6 36 58
20 2 8 96 29
9 0 12 86 41
37 2 5 339 55
3 1 12 216 96
33 1 2 157 21
35 0 14 339 88
12 0 8 125 63
48 1 10 305 73
18 1 2 178 6
30 1 1 92 98
44 1 2 184 71
21 2 9 204 51
32 1 8 188 66
28 1 3 200 16
22 1 0 164 18
21 3 5 394 6
7 2 10 378 87
15 1 8 254 49
41 2 10 465 37
20 3 2 255 96
26 1 11 264 89
33 2 5 400 42
35 1 8 427 36
12 1 4 188 67
13 0 14 427 43
34 0 11 353 92
0 0 9 255 14
9 1 5 442 3
11 1 9 269 4
44 2 12 312 75
14 0 1 190 47
5 1 0 200 66
12 2 12 387 28
47 1 11 445 67
37 3 2 394 62
9 2 4 445 5
35 2 5 463 13
22 2 10 502 80
13 1 3 470 7
34 1 2 456 89
0 1 10 582 79
27 1 7 204 96
9 3 7 450 30
2 1 13 207 92
11 2 7 480 84
45 0 9 273 91
40 0 3 477 8
19 2 2 545 34
5 2 6 266 1
24 0 0 266 78
34 2 4 545 28
32 2 14 470 83
40 1 11 512 37
16 0 10 661 46
47 2 13 512 78
22 3 7 582 82
31 0 7 664 92
48 2 8 463 59
19 3 10 707 5
9 4 3 485 93
24 1 8 522 21
2 2 11 549 82
12 3 3 578 94
42 1 2 579 38
0 2 3 672 6
13 2 8 543 3
13 3 11 631 67
45 1 11 698 45
45 2 1 743 44
30 2 4 573 48
44 3 7 756 11
10 1 11 743 8
8 1 2 617 41
32 3 2 658 78
28 2 8 546 64
22 4 3 678 21
4 1 3 699 61
49 2 4 621 64
7 3 13 590 48
41 3 2 736 81
39 2 6 267 14
42 2 6 617 21
38 2 0 344 72
27 2 6 638 25
38 3 6 663 71
5 3 2 817 12
47 3 14 590 39
33 3 9 442 70
9 5 1 787 76
33 4 7 767 43
35 3 7 810 65
7 4 12 638 25
34 3 14 629 8
27 3 5 663 66
9 6 11 863 86
45 3 7 875 23
42 3 5 729 25
42 4 1 863 9
23 0 9 512 82
40 2 4 685 90
13 4 5 754 35
5 4 4 829 21
24 2 2 829 87
18 2 14 637 16
18 3 1 872 61
8 2 8 658 80
42 5 3 872 50
44 4 9 767 77
44 5 11 949 75
46 0 7 898 90
32 4 12 736 10
16 1 12 746 50
45 4 0 898 47
5 5 1 933 24
35 4 10 875 9
48 3 3 922 47
24 3 10 916 88
8 3 10 1004 26
10 2 8 751 68
1 0 1 957 45
38 4 4 850 5
28 3 1 1002 72
14 1 4 855 17
48 4 6 969 36
46 1 10 1030 87
10 3 5 819 1
33 5 4 872 48
16 2 1 1074 74
14 2 14 872 90
1 1 7 1002 42
48 5 9 1005 81
23 1 4 920 70
10 4 4 990 76
1 2 8 1044 95
48 6 12 1086 58
23 2 14 990 56
37 4 4 1066 65
15 2 11 1024 67
29 1 4 1131 30
25 2 7 1044 19
43 1 6 1005 84
42 6 11 1091 51
31 1 13 756 98
26 2 0 945 51
13 5 7 1063 39
10 5 6 1089 11
21 4 1 1148 95
36 1 7 1102 65
24 4 13 1004 33
20 4 3 969 78
16 3 4 1161 65
14 3 3 1047 47
35 5 13 1037 45
43 2 14 1089 94
17 2 9 1086 98
19 4 6 1100 90
7 5 6 1190 4
27 4 10 1117 92
33 6 0 996 58
1 3 2 1139 97
48 7 7 1167 38
39 3 5 820 3
23 3 1 1243 66
6 2 9 1184 39
31 2 0 1054 91
3 2 7 1205 77
11 3 5 823 5
49 3 2 1236 46
47 4 5 828 74
2 3 4 1226 76
26 3 6 1194 53
46 2 9 1223 49
32 5 0 1145 95
16 4 8 1226 64
45 5 14 1183 60
5 6 5 957 19
35 6 1 1309 89
24 5 3 1094 15
8 4 1 1398 18
1 4 9 1272 43
38 5 8 1290 56
28 4 12 1144 32
14 4 10 1209 6
33 7 3 1109 54
16 5 7 1290 15
14 5 6 1247 86
1 5 14 1315 40
23 4 3 1309 16
20 5 7 1305 80
26 4 2 1282 86
33 8 14 1355 9
12 4 2 1368 58
13 6 12 1176 81
34 4 6 1333 13
0 3 8 1346 35
11 4 4 1302 52
44 6 0 1240 68
14 6 5 1333 24
12 5 9 1426 55
47 5 7 1385 47
37 5 10 1215 97
22 5 14 1364 24
36 2 12 1257 86
24 6 12 1343 68
20 6 12 1411 65
35 7 0 1398 79
43 3 11 1183 82
17 3 12 1476 8
19 5 3 1325 51
7 6 4 1354 76
27 5 1 1416 44
33 9 12 1484 17
39 4 0 1477 25
23 5 2 1426 62
6 3 8 1381 75
31 3 8 1456 30
3 3 1 1460 97
11 5 10 1354 75
49 4 14 1388 2
47 6 2 1488 56
2 4 14 1390 87
26 5 8 1486 64
30 3 6 1346 3
15 3 2 1544 51
29 2 12 1501 99
25 3 6 1349 99
43 4 7 1432 42
42 7 13 1142 83
31 4 9 1486 35
13 7 10 1429 99
21 5 2 1595 91
36 3 11 1343 44
24 7 1 1557 37
35 8 9 1521 99
43 5 13 1474 26
17 4 0 1502 80
27 6 14 1477 68
23 6 8 1550 27
28 5 13 1500 4
12 6 10 1528 24
29 3 11 1600 67
15 4 13 1595 19
0 4 5 1381 42
2 5 8 1577 93
41 4 12 1600 71
5 7 14 1545 6
18 4 7 1474 45
8 5 14 1551 30
32 6 3 1376 64
38 6 1 1594 84
36 4 8 1670 2
17 5 1 1678 77
3 4 5 1557 26
25 4 11 1667 78
13 8 2 1686 70
45 6 8 1672 36
45 7 5 1708 81
30 4 7 1519 45
16 6 14 1581 74
24 8 7 1594 33
8 6 5 1789 43
10 6 2 1756 45
10 7 12 1801 80
23 7 0 1582 6
10 8 14 1881 24
15 5 0 1614 66
21 6 14 1905 11
20 7 13 1614 61
20 8 9 1675 84
49 5 3 1440 24
0 5 7 1627 64
40 3 14 1916 98
12 7 6 1552 98
0 6 4 1691 51
12 8 0 1680 91
4 2 7 1691 87
32 7 5 1832 43
6 4 1 1755 13
22 6 11 1745 67
4 3 0 1778 2
49 6 8 1708 68
7 7 0 1780 22
41 5 7 1778 57
39 5 4 1742 95
42 8 8 1776 73
38 7 3 1678 53
27 7 11 1812 50
38 8 12 1881 98
5 8 10 1552 31
47 7 9 1759 81
9 7 8 1849 20
33 10 13 1675 73
35 9 4 1837 94
35 10 3 1931 37
7 8 7 1835 92
13 9 0 1802 28
34 5 5 1875 92
23 8 6 1650 1
10 9 1 1905 87
1 6 12 1979 25
48 8 4 1931 33
37 6 9 1840 9
15 6 7 1927 51
29 4 3 1968 77
25 5 12 2004 76
31 5 1 1992 29
26 6 14 2014 56
13 10 13 1830 78
10 10 10 1992 48
21 7 10 2040 21
36 5 3 2045 55
20 9 14 2070 26
14 7 2 1801 57
14 8 11 1862 18
1 7 4 2004 22
19 6 4 2026 18
1 8 3 2100 57
39 6 8 1869 53
6 5 6 1768 94
31 6 10 2061 80
3 5 14 2096 13
4 4 9 1849 30
32 8 1 2021 65
6 6 14 2109 5
4 5 6 1879 47
49 7 11 1880 4
7 9 5 1967 77
39 7 12 2080 22
42 9 12 2102 85
27 8 12 2187 23
5 9 13 1908 50
47 8 12 2210 51
35 11 2 1968 76
35 12 6 2044 99
34 6 7 1978 13
27 9 0 2210 45
45 8 10 2141 24
42 10 9 2187 53
48 9 1 2086 19
37 7 6 2143 47
29 5 7 2045 9
25 6 0 2255 8
26 7 5 2070 81
19 7 5 2151 66
48 10 0 2263 15
2 6 10 2165 30
26 8 4 2151 6
30 5 14 2114 85
21 8 6 2190 76
36 6 9 2240 66
3 6 4 2157 90
31 7 12 2261 99
31 8 5 2360 25
14 9 0 2278 74
35 13 12 2360 38
43 6 1 2105 16
39 8 9 2306 31
6 7 0 2352 73
46 3 3 2157 77
32 9 9 2337 37
16 7 9 2374 90
24 9 4 2247 30
1 9 11 2157 15
28 6 7 2054 51
14 10 8 2352 64
27 10 4 2277 72
9 8 14 2199 72
2 7 3 2234 96
5 10 11 2172 84
47 9 1 2261 85
9 9 6 2271 66
22 7 1 2346 68
34 7 12 2398 45
0 7 0 2425 67
40 4 5 2385 17
19 8 12 2443 56
37 8 3 2330 56
20 10 0 2492 36
12 9 13 1958 91
29 6 0 2528 56
15 7 12 2499 53
11 6 2 2044 4
41 6 4 2349 88
13 11 6 2337 88
24 10 9 2464 48
24 11 5 2512 29
18 5 13 2049 57
18 6 4 2437 25
8 7 4 2462 50
42 11 4 2512 21
11 7 8 2416 93
45 9 6 2425 60
40 5 8 2509 88
19 9 8 2597 49
40 6 6 2597 35
22 8 5 2541 81
48 11 2 2278 97
19 10 7 2646 38
13 12 1 2425 80
30 6 3 2386 31
44 7 1 2505 55
8 8 0 2584 26
22 9 12 2622 49
4 6 11 2256 58
49 8 10 2195 55
7 10 2 2375 86
41 7 8 2646 29
7 11 1 2560 35
40 7 2 2632 52
18 7 9 2512 14
18 8 5 2622 31
44 8 3 2560 90
46 4 13 2234 32
48 12 5 2653 25
38 9 10 2250 76
48 13 13 2678 67
46 5 4 2533 28
33 11 10 2326 42
25 7 1 2595 45
36 7 2 2684 50
17 6 10 2368 61
16 8 2 2734 17
10 11 7 2684 45
1 10 13 2745 59
38 10 5 2678 15
14 11 7 2729 6
46 6 12 2671 80
10 12 0 2729 84
16 9 0 2813 98
7 12 3 2650 43
13 13 9 2526 41
34 8 9 2567 47
0 8 12 2751 13
9 10 9 2614 81
2 8 6 2632 21
41 8 6 2675 41
5 11 9 2695 34
24 12 6 2716 16
24 13 14 2732 41
18 9 3 2693 12
18 10 8 2705 2
8 9 12 2764 23
42 12 10 2533 12
44 9 10 2650 21
46 7 5 2751 61
32 10 11 2374 73
16 10 13 2911 28
45 10 2 2751 62
35 14 11 2447 79
37 9 11 2526 92
20 11 5 2812 67
27 11 3 2705 93
3 7 9 2729 60
11 8 14 2773 33
28 7 11 2618 52
26 9 12 2787 53
12 10 14 2806 17
37 10 12 2840 21
20 12 11 2879 60
12 11 1 2823 37
21 9 4 2561 32
29 7 10 2671 74
15 8 6 2732 4
0 9 1 2860 9
2 9 5 2879 76
11 9 11 2939 34
41 9 14 2823 7
14 12 9 2789 5
5 12 7 2735 59
31 9 3 2798 53
13 14 4 2593 68
24 14 11 2973 30
18 11 0 2911 44
18 12 11 3003 98
8 10 3 2851 22
42 13 0 2955 10
9 11 2 2813 37
2 10 7 2955 61
11 10 12 2973 77
45 11 13 2939 13
40 8 9 2794 1
19 11 14 2830 44
5 13 8 2794 64
34 9 3 2873 36
32 11 7 3016 33
40 9 10 2795 99
16 11 6 2939 18
47 10 0 2965 12
22 10 8 2858 39
31 10 4 2851 49
48 14 14 2874 89
19 12 9 2874 21
9 12 10 2894 37
2 11 1 3016 62
12 12 5 2955 40
42 14 7 3049 34
0 10 13 2952 46
45 12 3 2952 88
45 13 4 3040 38
30 7 10 2931 43
44 10 6 2957 62
10 13 3 3040 34
8 11 9 2895 70
32 12 13 3049 45
28 8 5 2995 35
6 8 12 3050 38
22 11 6 3019 29
4 7 10 2974 5
49 9 13 3094 95
7 13 8 2897 75
41 10 11 3101 43
7 14 9 2972 61
34 10 8 2972 44
27 12 8 3016 9
9 13 0 2977 48
45 14 12 3088 46
23 9 10 2979 88
40 10 7 3083 36
5 14 12 3134 53
18 13 6 3101 47
18 14 12 3187 7
8 12 6 3148 44
44 11 8 3025 23
46 8 8 3048 75
32 13 4 3094 5
31 11 11 3144 97
19 13 1 3078 74
2 12 9 3078 7
12 13 7 3119 11
0 11 6 3192 84
30 8 5 3030 14
44 12 4 3099 95
10 14 13 3189 7
8 13 13 3196 53
32 14 6 3276 18
28 9 0 3030 77
6 9 11 3241 28
22 12 4 3194 20
4 8 12 3194 83
49 10 5 3189 98
41 11 9 3144 7
34 11 0 3107 67
27 13 2 3025 13
23 10 7 3130 45
40 11 13 3249 29
8 14 11 3269 41
44 13 14 3194 8
46 9 14 3202 23
16 12 11 3310 56
1 11 0 3174 33
38 11 13 3278 84
28 10 9 3151 39
14 13 13 3362 96
46 10 1 3225 5
33 12 6 3294 18
16 13 5 3366 80
14 14 12 3458 52
1 12 5 3446 83
23 11 5 3529 27
23 12 11 3556 8
37 11 8 3123 66
15 9 3 3074 95
29 8 6 3312 86
25 8 10 3067 96
43 7 9 3190 40
31 12 2 3241 34
26 10 13 3458 62
21 10 8 3189 56
36 8 1 3230 31
20 13 6 3398 16
16 14 3 3446 52
43 8 8 3245 55
17 7 4 3214 95
19 14 13 3520 47
27 14 13 3567 87
33 13 11 3564 76
39 9 2 3275 3
23 13 12 3564 87
6 10 7 3269 77
31 13 6 3414 98
3 8 2 3278 91
11 11 6 3512 55
49 11 7 3346 57
47 11 10 3163 25
2 13 12 3651 21
26 11 1 3520 52
30 9 12 3672 70
37 12 13 3654 40
15 10 9 3230 28
29 9 1 3572 63
25 9 8 3300 43
43 9 0 3300 15
21 11 3 3498 77
36 9 5 3556 66
20 14 10 3414 67
43 10 4 3315 31
17 8 6 3567 69
39 10 7 3403 86
6 11 2 3369 40
22 13 9 3258 79
4 9 4 3346 72
49 12 1 3635 63
41 12 1 3698 32
39 11 1 3730 40
38 12 11 3640 48
38 13 14 3688 65
47 12 3 3575 64
33 14 8 3640 29
34 12 10 3481 25
23 14 13 3694 41
40 12 1 3770 77
44 14 13 3735 66
46 11 6 3636 43
1 13 10 3529 72
38 14 2 3753 19
28 11 10 3601 72
46 12 2 3772 31
1 14 6 3679 27
37 13 7 3694 20
15 11 1 3847 45
29 10 14 3753 81
25 10 4 3418 47
43 11 12 3742 73
26 12 9 3572 51
21 12 0 3575 41
36 10 14 3834 88
43 12 2 3815 95
17 9 14 3922 13
39 12 11 3770 66
6 12 3 3639 45
11 12 13 3801 47
49 13 0 3698 31
47 13 8 3669 70
2 14 0 3729 38
26 13 3 3684 66
30 10 0 3767 16
21 13 13 3848 82
36 11 6 3922 10
3 9 3 3750 86
6 13 5 3684 89
43 13 3 3910 39
37 14 1 3892 97
29 11 2 3910 82
25 11 3 3949 8
17 10 7 3935 34
25 12 9 3957 25
43 14 5 3949 11
22 14 13 3930 38
39 13 3 3957 80
34 13 13 3968 77
34 14 1 4045 43
0 12 11 3836 60
41 13 13 4045 15
46 13 0 3803 80
3 10 8 3836 74
11 13 0 3883 83
47 14 6 3932 49
26 14 10 3750 22
12 14 11 3896 18
0 13 2 3992 10
4 10 14 3935 71
9 14 13 4060 14
25 13 5 3982 57
31 14 14 4006 13
21 14 11 3930 18
36 12 0 3966 46
17 11 8 3969 44
39 14 13 4074 19
6 14 4 3773 89
28 12 4 3862 65
29 12 5 4039 71
15 12 5 4110 27
41 14 5 4137 16
46 14 11 3948 68
11 14 1 4088 61
3 11 0 4012 64
49 14 12 3815 31
30 11 13 4093 87
36 13 10 4012 56
3 12 11 4076 42
0 14 14 4019 34
40 13 0 4076 18
29 13 9 4110 62
15 13 10 4137 2
4 11 2 4006 52
40 14 12 4094 55
15 14 14 4139 68
4 12 1 4149 48
28 13 14 4207 46
17 12 3 4037 17
4 13 8 4197 54
29 14 13 4180 56
25 14 2 4058 91
30 12 11 4180 25
28 14 6 4253 67
4 14 13 4251 27
36 14 4 4068 36
17 13 2 4149 1
30 13 9 4205 62
3 13 13 4278 93
17 14 5 4153 37
3 14 6 4371 1
30 14 2 4267 86
