45 0 2 0 44
38 0 8 0 60
28 0 6 0 28
3 0 10 0 93
4 0 11 0 48
6 0 4 0 56
2 0 9 0 42
18 0 10 93 53
32 0 9 42 96
14 0 8 60 90
18 1 0 146 33
27 0 7 0 48
39 0 2 44 79
44 0 12 0 47
16 0 14 0 86
6 1 3 56 79
0 0 1 0 17
46 0 6 28 86
24 0 4 56 87
45 1 7 48 53
10 0 1 17 7
43 0 14 86 44
5 0 2 123 49
13 0 5 0 16
15 0 11 48 24
12 0 6 114 14
29 0 8 150 32
47 0 8 182 17
14 1 3 150 19
47 1 2 199 9
48 0 5 16 65
44 1 3 169 87
34 0 14 130 12
13 1 11 72 43
19 0 2 208 72
37 0 7 101 50
48 1 11 115 90
32 1 7 151 13
47 2 5 208 17
43 1 6 130 6
41 0 12 47 61
29 1 12 182 38
15 1 4 143 95
45 2 0 179 99
8 0 14 142 93
3 1 7 164 47
20 0 3 256 93
10 1 3 349 81
18 2 12 220 90
27 1 9 138 41
45 3 4 278 95
18 3 4 373 13
26 0 4 386 91
7 0 13 0 61
8 1 6 235 4
46 1 3 430 97
40 0 9 179 36
9 0 4 477 56
14 2 14 235 54
38 1 6 239 14
18 4 7 386 73
15 2 13 238 91
19 1 8 280 1
4 1 0 278 80
36 0 4 533 39
20 1 14 349 96
11 0 12 310 85
44 2 0 358 50
25 0 0 408 82
3 2 3 527 82
0 1 12 395 55
25 1 14 490 50
22 0 10 146 57
41 1 10 203 48
3 3 12 609 64
46 2 0 527 16
6 2 7 459 97
26 1 3 609 10
25 2 11 540 60
18 5 1 459 48
25 3 4 600 15
47 3 10 251 65
12 1 14 540 28
30 0 9 215 14
11 1 2 395 85
33 0 1 507 49
46 3 8 543 33
32 2 0 543 58
27 2 2 480 44
48 2 3 619 38
47 4 6 316 88
42 0 14 568 45
2 1 3 657 11
12 2 2 568 49
21 0 9 229 87
28 1 10 316 64
26 2 0 619 87
30 1 5 229 31
21 1 8 576 39
29 2 14 613 90
32 3 10 601 20
9 1 3 668 31
33 1 8 615 36
27 3 4 615 99
5 1 4 714 42
10 2 14 703 97
31 0 4 756 22
25 4 6 615 66
42 1 7 613 38
0 2 2 617 62
10 3 8 800 52
25 5 1 681 55
39 1 11 600 91
20 2 11 691 93
46 4 10 621 47
24 1 1 736 80
45 4 5 373 32
43 2 3 699 31
5 2 14 800 62
13 2 4 778 82
15 3 0 706 57
12 3 11 784 53
29 3 7 703 18
47 5 7 721 37
14 3 12 673 27
47 6 0 763 53
48 3 12 700 97
44 3 11 837 40
34 1 8 852 84
13 3 0 860 2
19 2 10 668 8
37 1 2 679 75
48 4 7 797 96
32 4 13 621 5
43 3 11 877 49
41 2 0 862 56
29 4 11 926 9
15 4 14 862 71
45 5 10 676 33
8 2 1 816 28
3 4 8 936 38
20 3 7 893 88
18 6 6 681 52
27 4 14 933 14
45 6 13 709 68
18 7 5 733 57
18 8 3 790 71
26 3 10 709 65
7 1 14 947 84
8 3 3 861 43
40 1 12 797 40
9 2 7 981 72
14 4 9 700 38
38 2 5 790 54
18 9 2 861 13
15 5 5 933 71
19 3 0 918 63
44 4 4 877 85
48 5 6 893 14
34 2 5 1004 62
48 6 2 907 85
46 5 9 738 93
34 3 9 1066 79
33 2 0 981 25
43 4 1 926 11
23 0 12 837 92
44 5 2 992 86
5 3 7 1053 86
2 2 5 1066 93
14 5 10 774 57
42 2 8 974 79
3 5 0 1006 24
44 6 7 1139 18
19 4 11 981 7
20 4 0 1030 4
21 2 7 1157 84
19 5 14 1031 5
11 2 4 962 93
22 1 14 1036 17
11 3 6 1055 35
13 4 9 1145 86
35 0 5 1159 3
29 5 0 1034 33
38 3 2 1078 11
32 5 14 1053 26
0 3 6 1090 74
26 4 6 1164 12
31 1 5 1162 39
6 3 10 831 34
26 5 9 1231 73
47 7 11 988 40
8 4 0 1067 92
34 4 6 1176 98
36 1 0 1159 48
30 2 12 929 96
27 5 10 947 9
2 3 10 1159 72
1 0 7 1241 18
33 3 12 1025 28
31 2 10 1231 25
27 6 8 1053 21
47 8 1 1028 35
40 2 7 1259 39
21 3 1 1241 69
16 1 0 1207 5
36 2 11 1207 55
48 7 0 1212 73
32 6 8 1079 26
19 6 6 1274 30
39 2 14 1079 23
40 3 8 1298 14
36 3 14 1262 75
34 5 0 1285 44
49 0 3 904 69
35 1 12 1162 43
33 4 5 1201 46
37 2 10 1256 50
7 2 2 1089 96
3 6 5 1247 17
20 5 9 1304 12
1 1 1 1310 59
37 3 14 1337 68
4 2 9 1316 48
25 6 10 1306 25
20 6 12 1316 34
21 4 0 1329 65
46 6 4 1055 11
22 2 6 1304 58
45 7 1 1369 22
25 7 8 1331 44
26 6 5 1304 17
47 9 9 1364 24
36 4 5 1337 64
4 3 3 1364 3
22 3 9 1388 27
43 5 2 1185 44
6 4 9 1415 3
25 8 3 1375 94
9 3 6 1362 88
7 3 12 1350 64
16 2 5 1401 94
41 3 13 918 8
28 2 11 1262 87
23 1 2 1229 17
49 1 11 1349 64
49 2 5 1495 77
35 2 8 1375 4
49 3 6 1572 3
35 3 14 1405 87
10 4 2 1246 93
43 6 10 1331 98
6 5 8 1418 83
10 5 5 1572 28
25 9 13 1469 73
9 4 0 1450 6
6 6 2 1501 39
7 4 5 1600 58
19 7 1 1391 71
16 3 4 1495 1
41 4 4 1496 76
28 3 14 1492 51
23 2 0 1456 6
49 4 1 1575 75
5 4 1 1650 14
13 5 10 1429 70
38 4 7 1298 98
28 4 9 1543 52
4 4 7 1396 7
6 7 13 1542 44
29 6 10 1499 43
15 6 9 1595 84
45 8 11 1413 49
8 5 7 1403 55
3 7 6 1575 7
20 7 13 1586 11
18 10 9 1679 55
27 7 1 1664 70
45 9 3 1469 96
26 7 14 1543 6
7 5 8 1658 64
8 6 4 1572 87
40 4 11 1462 80
9 5 8 1722 50
14 6 4 1659 68
38 5 3 1565 4
15 7 10 1679 49
44 7 1 1734 48
48 8 13 1597 95
34 6 13 1692 25
46 7 7 1458 82
34 7 3 1717 25
33 5 11 1542 23
43 7 5 1658 81
23 3 5 1739 58
44 8 6 1782 91
5 5 8 1772 25
26 8 7 1549 85
31 3 1 1782 25
36 5 1 1807 22
30 3 7 1634 95
2 4 8 1797 58
1 2 0 1462 87
33 6 2 1565 35
31 4 0 1807 84
26 9 1 1829 29
40 5 14 1549 24
16 4 10 1728 68
36 6 6 1873 43
39 3 0 1891 21
40 6 5 1797 49
49 5 2 1650 99
35 4 0 1912 64
37 4 6 1916 33
7 6 10 1796 14
28 5 0 1976 85
4 5 13 1717 69
25 10 9 1734 78
46 8 2 1749 7
9 6 10 1810 66
7 7 4 1810 40
16 5 1 1858 50
41 5 8 1855 25
23 4 13 1797 47
49 6 10 1876 74
30 4 14 1729 83
10 6 9 1812 74
42 3 4 1850 35
39 4 6 1949 91
24 2 14 1812 3
12 4 0 2061 94
24 3 7 1815 97
17 0 14 1815 19
47 10 4 1885 71
32 7 12 1414 6
34 8 2 1756 29
13 6 14 1834 49
37 5 3 1949 99
29 7 13 1844 59
31 5 2 1891 49
39 5 7 2040 52
24 4 6 2040 53
13 7 12 1883 26
38 6 0 2155 56
19 8 4 1956 74
24 5 2 2093 38
17 1 13 1903 45
23 5 9 1886 90
15 8 12 1909 94
8 7 9 1976 19
3 8 11 1582 49
13 8 3 2048 63
38 7 13 2211 17
17 2 1 1948 50
23 6 6 2093 33
8 8 10 1995 23
14 7 5 1846 70
44 9 10 2018 94
0 4 10 2112 38
17 3 9 1998 14
17 4 8 2012 3
41 6 3 2111 43
46 9 13 2228 18
6 8 14 1883 43
26 10 12 2003 54
25 11 12 2057 96
47 11 14 1956 52
30 5 1 1998 68
11 4 11 1631 51
33 7 4 2030 8
32 8 1 2066 20
27 8 3 2154 87
48 9 9 2012 87
14 8 13 2246 76
0 5 0 2211 44
17 5 12 2153 82
17 6 6 2235 4
41 7 1 2154 67
6 9 11 1926 98
26 11 2 2131 72
47 12 3 2241 30
11 5 9 2099 6
33 8 7 2092 67
32 9 2 2203 4
27 9 13 2322 66
2 5 6 2239 49
26 12 11 2203 43
8 9 8 2018 23
0 6 11 2255 29
17 7 10 2239 55
2 6 12 2288 46
9 7 1 2221 93
5 6 0 2255 62
31 6 8 2041 68
45 10 9 2105 8
43 8 8 2109 42
16 6 8 2151 53
9 8 11 2314 26
5 7 6 2317 63
31 7 9 2113 18
34 9 12 2334 17
43 9 9 2151 98
8 10 12 2351 99
36 7 7 2159 91
18 11 8 2204 95
27 10 11 2388 37
39 6 13 2388 48
44 10 8 2299 98
16 7 9 2249 14
6 10 1 2314 99
0 7 9 2284 47
46 10 14 2246 29
24 6 10 2294 28
45 11 12 2450 87
10 7 6 2380 17
43 10 12 2537 77
5 8 5 2380 86
13 9 7 2250 34
15 9 6 2397 74
12 5 3 2271 7
29 8 2 2207 52
47 13 13 2436 81
14 9 7 2322 30
48 10 14 2275 10
44 11 5 2466 86
13 10 1 2413 86
19 9 7 2352 79
37 6 8 2397 32
48 11 1 2499 18
32 10 4 2207 60
41 8 7 2431 10
29 9 6 2471 91
2 7 4 2334 21
14 10 2 2352 55
42 4 6 2562 24
3 9 1 2517 4
44 12 13 2552 56
20 8 4 2355 17
21 5 3 2278 19
11 6 3 2297 91
22 4 13 2608 48
11 7 7 2441 99
13 11 8 2499 1
35 5 1 2521 36
29 10 3 2562 57
38 8 14 2285 18
3 10 14 2521 69
19 10 13 2656 36
20 9 8 2500 20
21 6 6 2586 82
19 11 12 2692 71
11 8 8 2540 9
22 5 5 2656 38
11 9 5 2694 38
13 12 2 2500 26
35 6 10 2557 80
29 11 9 2619 38
38 9 9 2657 28
32 11 6 2668 37
0 8 4 2372 94
32 12 11 2705 2
0 9 7 2540 38
31 8 14 2590 20
36 8 9 2685 7
30 6 0 2317 7
2 8 7 2578 93
1 3 11 2707 40
33 9 14 2610 45
31 9 12 2763 7
40 7 10 2637 27
16 8 12 2770 82
39 7 5 2732 1
49 7 8 2549 56
35 7 3 2637 22
37 7 0 2429 46
7 8 0 2475 94
4 6 8 2605 53
25 12 7 2671 22
46 11 11 2747 17
9 9 12 2852 17
7 9 3 2659 13
41 9 9 2692 92
23 7 14 2655 25
49 8 13 2692 29
30 7 6 2705 91
10 8 12 2869 48
42 5 13 2721 1
39 8 12 2917 23
24 7 0 2569 31
12 6 12 2940 14
24 8 11 2764 47
17 8 0 2600 94
32 13 3 2707 45
37 8 1 2557 10
31 10 6 2796 93
24 9 5 2811 4
38 10 1 2685 85
19 12 5 2815 31
24 10 13 2815 46
17 9 11 2811 76
23 8 1 2770 22
20 10 1 2792 74
10 9 0 2917 45
18 12 11 2887 49
27 11 0 2962 82
8 11 2 2526 89
46 12 1 2866 56
4 7 6 2889 46
11 10 10 2732 3
25 13 2 2693 18
3 11 9 2784 39
0 10 5 2846 64
25 14 5 2910 4
22 6 7 2694 77
12 7 5 2954 29
15 10 3 2752 18
12 8 1 2983 30
14 11 11 2936 98
48 12 4 2517 17
34 10 7 2771 12
13 13 13 2861 8
37 9 13 2869 81
48 13 10 2735 4
32 14 5 2983 52
43 11 7 2783 9
41 10 6 2935 67
15 11 2 2770 22
45 12 8 2658 78
8 12 11 3034 42
3 12 2 2823 25
20 11 10 2866 70
10 10 7 2962 51
27 12 5 3044 29
45 13 14 2736 6
36 9 12 2954 66
29 12 5 3073 15
2 9 0 3044 51
1 4 4 2747 53
31 11 13 2950 93
40 8 13 3043 89
21 7 14 2742 48
16 9 11 3076 80
36 10 8 3020 22
40 9 1 3132 4
36 11 3 3042 43
34 11 4 2800 39
49 9 14 2790 96
35 8 9 2823 20
31 12 11 3156 64
27 13 12 3073 56
47 14 12 3129 2
40 10 2 3136 68
21 8 2 3204 87
16 10 3 3156 42
36 12 10 3085 59
48 14 8 3042 58
19 13 3 3198 79
39 9 8 3100 88
40 11 0 3204 77
36 13 2 3291 38
34 12 1 3136 58
49 10 12 3131 83
35 9 4 2843 59
37 10 4 2950 93
7 10 7 3013 24
42 6 5 3088 51
2 10 13 3132 13
12 9 8 3188 47
21 9 4 3291 87
28 6 1 3194 85
30 8 3 3277 49
21 10 5 3378 1
29 13 4 3378 18
9 10 13 3145 62
27 14 6 3129 10
5 9 10 3144 7
10 11 10 3151 65
23 9 8 3235 97
44 13 14 2886 75
5 10 13 3207 83
14 12 1 3279 9
42 7 9 3139 88
3 13 4 3396 85
44 14 9 3227 46
19 14 9 3277 43
20 12 5 3379 13
21 11 10 3379 58
11 11 14 2961 15
37 11 12 3214 29
7 11 11 3220 64
20 13 6 3392 52
1 5 9 3320 38
37 12 5 3392 13
4 8 5 3405 1
20 14 2 3444 83
21 12 13 3437 90
22 7 0 3281 92
4 9 1 3406 52
22 8 12 3373 11
6 11 6 3444 2
9 11 9 3358 4
6 12 5 3446 47
7 12 1 3458 63
16 11 13 3527 1
41 11 14 3002 33
28 7 2 3527 59
23 10 3 3332 40
49 11 9 3362 64
5 11 3 3372 84
38 11 10 3437 57
28 8 7 3586 44
4 10 2 3586 37
28 9 8 3630 80
23 11 7 3630 63
49 12 4 3481 19
5 12 9 3456 54
38 12 12 3494 82
28 10 5 3710 51
4 11 12 3623 25
6 13 0 3493 97
2 11 14 3145 72
29 14 1 3521 79
15 12 8 3710 33
12 10 13 3528 50
37 13 11 3405 98
43 12 4 3500 55
5 13 12 3648 23
2 12 11 3503 78
14 13 6 3446 57
42 8 3 3456 94
21 13 11 3581 22
0 11 13 3578 75
26 13 13 3653 48
26 14 8 3743 29
8 13 13 3701 71
34 13 11 3603 25
36 14 13 3772 80
30 9 4 3555 32
2 13 2 3623 43
1 6 10 3494 44
40 12 4 3587 98
16 12 7 3693 72
39 10 10 3538 6
40 13 6 3685 14
34 14 10 3628 57
49 13 0 3590 18
35 10 7 3765 26
37 14 9 3510 13
7 13 9 3523 58
30 10 2 3666 93
1 7 2 3759 38
33 10 9 3581 46
39 11 1 3600 73
14 14 0 3608 81
42 9 0 3689 91
21 14 12 3671 81
11 12 1 3673 39
22 9 11 3628 21
35 11 2 3797 45
38 13 11 3649 99
0 12 14 3653 60
31 13 3 3550 56
30 11 8 3772 88
1 8 5 3797 7
31 14 7 3791 61
40 14 3 3699 74
16 13 6 3765 48
39 12 4 3685 12
49 14 7 3852 38
35 12 13 3852 39
33 11 6 3813 13
16 14 2 3842 64
41 12 11 3748 51
28 11 3 3773 11
23 12 4 3697 95
5 14 11 3799 16
13 14 6 3826 11
38 14 4 3792 4
28 12 12 3784 63
4 12 14 3713 84
6 14 12 3847 8
2 14 1 3712 55
15 13 1 3767 73
23 13 10 3792 17
12 11 9 3627 54
4 13 10 3809 85
43 13 13 3891 29
23 14 11 3815 20
42 10 1 3840 48
11 13 13 3920 55
22 10 8 3860 70
35 13 6 3891 99
0 13 3 3784 78
30 12 13 3975 11
1 9 6 3990 9
39 13 9 3697 1
35 14 11 3990 72
28 13 4 3847 68
4 14 4 3915 14
46 13 12 3855 80
9 12 5 3804 13
41 13 2 3906 45
30 13 10 3986 2
10 12 11 4062 74
42 11 2 3951 2
39 14 3 3862 3
24 11 3 3865 11
12 12 7 3890 25
24 12 8 3930 70
17 10 7 3915 64
7 14 6 3999 74
1 10 13 3999 96
22 11 2 3953 69
22 12 3 4022 47
9 13 14 3817 46
41 14 5 3951 98
28 14 13 4095 85
33 12 10 3988 4
33 13 3 4069 16
10 13 4 4136 2
8 14 5 4049 96
18 13 13 4180 32
18 14 14 4212 8
33 14 13 4212 6
42 12 12 3953 49
11 14 0 3975 35
3 14 13 4218 52
0 14 8 4000 10
22 13 1 4069 91
46 14 5 4145 82
12 13 10 3992 90
30 14 11 4136 2
42 13 10 4082 8
1 11 12 4095 67
9 14 2 4022 35
42 14 11 4138 86
17 11 4 4138 69
22 14 4 4207 70
45 14 6 4073 62
43 14 0 4010 9
15 14 7 3979 81
1 12 8 4162 58
1 13 3 4220 28
12 14 4 4277 84
1 14 14 4248 64
10 14 13 4270 10
24 13 12 4162 54
24 14 9 4216 44
17 12 3 4248 32
17 13 2 4280 20
17 14 5 4300 48
