43 0 9 0 95
44 0 0 0 44
2 0 13 0 20
48 0 12 0 52
14 0 11 0 52
35 0 8 0 72
14 1 0 52 20
6 0 10 0 23
11 0 4 0 65
11 1 2 65 57
42 0 4 65 56
7 0 12 52 68
23 0 8 72 85
13 0 0 72 44
2 1 14 20 40
48 1 7 52 97
43 1 1 95 34
29 0 13 20 29
47 0 9 95 27
39 0 7 149 41
36 0 2 122 15
5 0 8 157 77
47 1 7 190 72
31 0 1 129 51
45 0 10 23 91
45 1 7 262 14
16 0 5 0 63
26 0 0 116 98
6 1 14 60 58
13 1 13 116 48
22 0 12 120 66
42 1 7 276 14
9 0 10 114 38
21 0 7 290 34
21 1 9 324 38
17 0 5 63 31
49 0 13 164 64
47 2 8 262 62
47 3 13 324 7
43 2 10 152 65
34 0 13 331 44
10 0 13 375 7
9 1 4 152 43
37 0 10 217 55
29 1 12 186 16
31 1 6 180 90
22 1 0 214 13
9 2 6 270 9
40 0 4 195 88
35 1 3 72 70
6 2 7 324 33
8 0 3 142 89
19 0 10 272 31
40 1 1 283 43
12 0 0 227 36
31 2 5 270 62
12 1 13 382 33
25 0 9 362 11
8 1 12 231 76
14 2 3 231 57
37 1 14 272 88
1 0 1 326 62
42 2 3 290 61
19 1 12 307 76
33 0 6 279 88
11 2 6 367 76
37 2 13 415 69
15 0 11 52 12
40 2 14 360 40
35 2 5 332 97
4 0 1 388 12
0 0 14 400 68
27 0 5 429 55
36 1 8 324 85
22 2 14 468 21
44 1 2 137 92
44 2 12 383 4
18 0 4 283 21
31 3 0 332 97
21 2 14 489 74
42 3 5 484 34
13 2 3 351 59
20 0 11 64 4
23 1 9 373 17
20 1 13 484 71
42 4 1 518 25
13 3 1 543 56
23 2 11 390 86
23 3 5 518 96
8 2 11 476 74
22 3 1 599 92
23 4 10 614 55
23 5 12 669 74
8 3 8 550 77
12 2 4 415 79
14 3 8 627 96
34 1 9 390 7
17 1 7 357 6
38 0 1 691 59
1 1 0 429 83
34 2 11 550 78
49 1 14 563 83
48 2 8 723 25
28 0 4 494 93
3 0 9 397 47
38 1 8 750 99
32 0 5 614 22
31 4 11 628 77
9 3 13 555 29
40 3 6 443 48
43 3 12 743 88
6 3 11 705 52
8 4 7 627 59
19 2 3 410 62
31 5 12 831 30
2 2 1 750 28
13 4 8 849 77
10 1 4 587 57
26 1 6 491 52
26 2 3 543 41
27 1 9 484 99
39 1 2 229 40
33 1 3 584 79
1 2 5 636 32
42 5 10 669 70
46 0 14 646 67
22 4 7 691 3
49 2 6 646 31
23 6 13 743 18
7 1 14 713 66
38 2 13 849 97
1 3 2 668 56
18 1 8 926 44
37 3 6 677 56
41 0 13 946 6
29 2 3 663 78
45 2 14 779 88
34 3 4 644 85
29 3 10 741 32
5 1 9 583 1
34 4 3 741 13
16 1 0 512 60
24 0 6 733 93
49 3 9 677 47
46 1 7 713 77
28 1 0 587 42
14 4 9 724 12
46 2 0 790 32
26 3 10 773 5
39 2 0 822 98
42 6 2 739 50
17 2 12 861 62
38 3 12 946 14
47 4 10 778 76
32 1 9 736 38
31 6 2 861 17
43 4 8 970 43
31 7 9 878 13
2 3 4 778 51
26 4 5 778 20
5 2 2 878 81
42 7 9 891 15
47 5 2 959 3
9 4 8 1013 82
10 2 7 790 20
26 5 4 829 97
26 6 9 926 48
48 3 14 867 92
22 5 9 974 3
23 7 7 810 81
7 2 10 854 14
2 4 8 1095 23
3 1 10 868 32
28 2 5 798 25
25 1 5 823 61
25 2 13 952 47
36 2 7 891 2
4 1 2 962 65
13 5 6 926 12
15 1 9 977 24
11 3 5 884 89
28 3 11 823 34
32 2 6 938 94
13 6 12 960 87
37 4 11 857 48
37 5 0 920 17
12 3 11 905 8
45 3 13 999 54
24 1 14 959 33
18 2 2 1027 87
8 5 0 937 39
5 3 1 959 61
16 2 7 893 49
24 2 12 1047 74
28 4 10 900 59
49 4 0 976 19
41 1 5 973 48
29 4 2 1114 30
14 5 5 1021 40
2 5 7 1118 34
10 3 5 1061 39
3 2 3 900 99
25 3 12 1121 11
36 3 4 926 4
36 4 3 999 69
15 2 3 1068 15
11 4 1 1020 9
30 0 11 913 38
30 1 14 992 68
40 4 13 1053 46
27 2 12 1132 49
44 3 10 959 59
42 8 8 1118 6
13 7 2 1144 41
20 2 1 1029 39
20 3 6 1068 16
12 4 5 1100 85
34 5 0 995 3
17 3 6 1084 81
47 6 3 1083 30
32 3 14 1060 10
9 5 0 1095 4
6 4 4 930 26
19 3 5 1185 1
43 5 13 1099 42
6 5 3 1113 12
33 2 13 1141 9
31 8 4 956 65
35 3 6 1165 25
0 1 2 1185 21
36 5 6 1190 42
44 4 14 1070 3
21 3 0 1099 54
21 4 5 1186 60
23 8 1 1068 56
10 4 8 1124 61
35 4 2 1206 8
4 2 0 1153 3
0 2 5 1246 7
27 3 14 1181 44
43 6 0 1156 30
10 5 3 1185 10
26 7 12 1181 23
48 4 10 1018 54
1 4 4 1021 61
22 6 8 1185 78
7 3 2 1214 95
38 4 11 960 3
1 5 7 1152 67
3 3 4 1082 51
28 5 12 1204 10
25 4 8 1263 41
36 6 12 1232 73
4 3 3 1195 89
13 8 14 1225 89
15 3 10 1083 66
11 5 13 1150 61
28 6 9 1214 44
32 4 4 1133 64
13 9 5 1314 24
37 6 1 1124 2
12 5 12 1305 76
45 4 4 1197 29
24 3 1 1126 90
18 3 11 1114 31
8 6 13 1211 36
5 4 7 1219 51
16 3 6 1232 76
24 4 0 1216 52
22 7 2 1309 47
7 4 1 1309 19
18 4 9 1258 91
41 2 6 1308 70
4 4 8 1304 26
26 8 1 1328 34
32 5 0 1268 22
35 5 12 1381 99
4 5 13 1330 67
0 3 1 1362 19
36 7 5 1338 73
12 6 10 1381 92
17 4 8 1330 72
1 6 3 1284 9
28 7 7 1270 38
3 4 12 1480 85
47 7 6 1378 37
43 7 3 1293 62
6 6 2 1356 97
19 4 1 1381 66
26 9 14 1362 28
41 3 9 1378 98
45 5 1 1447 66
40 5 9 1476 70
16 4 2 1453 75
0 4 3 1381 83
5 5 3 1464 14
10 6 6 1415 93
26 10 7 1390 75
27 4 10 1473 28
39 3 8 1402 50
33 3 2 1528 18
48 5 0 1290 55
1 7 10 1501 50
46 3 13 1397 97
22 8 4 1356 46
44 5 3 1478 34
44 6 8 1512 8
20 4 4 1402 33
20 5 10 1551 26
14 6 1 1513 60
34 6 7 1465 58
45 6 12 1565 48
10 7 2 1546 34
27 5 2 1580 37
7 5 9 1546 97
41 4 0 1476 19
4 6 4 1435 24
30 2 5 1411 52
30 3 7 1523 79
12 7 3 1512 5
24 5 7 1602 37
18 5 3 1517 31
8 7 2 1617 39
24 6 11 1639 42
49 5 3 1548 62
13 10 11 1681 24
29 5 4 1459 72
2 6 0 1495 10
10 8 9 1643 85
3 5 6 1565 49
25 5 1 1573 7
36 8 13 1494 28
36 9 10 1577 16
15 4 5 1463 62
11 6 3 1610 64
30 4 12 1613 5
4 7 7 1639 24
26 11 2 1656 21
32 6 3 1674 91
35 6 4 1531 65
4 8 14 1663 4
0 5 7 1663 74
36 10 14 1667 37
12 8 9 1728 23
17 5 0 1505 20
1 8 13 1551 88
28 8 13 1639 80
3 6 1 1614 32
47 8 4 1596 9
43 8 2 1677 86
6 7 13 1719 78
19 5 11 1705 36
26 12 11 1741 60
41 5 10 1593 24
45 7 0 1613 58
40 6 8 1546 8
16 5 12 1618 65
0 6 10 1737 12
5 6 14 1704 78
10 9 11 1801 62
26 13 13 1801 86
27 6 7 1737 12
39 4 5 1525 54
33 4 4 1605 54
48 6 13 1887 51
1 9 14 1782 99
46 4 10 1749 71
22 9 5 1579 52
44 7 9 1751 78
44 8 1 1829 22
20 6 9 1829 45
23 9 0 1671 3
20 7 7 1874 87
14 7 4 1659 7
34 7 1 1851 62
45 8 11 1863 42
10 10 0 1863 29
27 7 0 1892 69
39 5 11 1905 14
7 6 6 1643 58
41 6 4 1666 37
4 9 12 1683 43
30 5 6 1701 47
30 6 10 1820 42
12 9 6 1751 70
45 9 6 1905 26
24 7 10 1862 28
18 6 5 1631 81
8 8 4 1703 45
5 7 10 1890 69
16 6 13 1938 26
24 8 8 1890 83
49 6 8 1973 11
38 5 7 1961 26
13 11 4 1748 58
29 6 7 1987 91
2 7 6 1931 71
10 11 12 1892 4
3 7 14 1881 89
25 6 3 1765 31
36 11 9 1874 59
15 5 7 2078 4
11 7 0 1961 2
30 7 13 1964 4
30 8 9 1968 66
40 7 12 1896 36
27 8 6 2002 86
44 9 4 1851 98
13 12 9 2034 56
20 8 5 1961 42
12 10 2 1821 24
34 8 2 1913 59
17 6 1 1913 18
47 9 12 1932 13
32 7 11 1919 70
9 6 14 1970 42
19 6 6 2088 36
43 9 11 1989 52
33 5 14 2012 20
31 9 10 1959 60
46 5 11 2041 47
49 7 5 2003 44
7 7 11 2088 54
41 7 8 1984 38
18 7 7 2082 10
2 8 9 2090 41
3 8 0 1970 75
25 7 2 1972 51
27 9 4 2088 74
33 6 0 2045 59
48 7 4 2162 92
46 6 5 2088 67
23 10 2 2023 31
38 6 0 2104 6
41 8 12 2022 85
29 7 5 2155 77
45 10 2 2054 8
5 8 11 2142 95
16 7 11 2237 74
46 7 1 2155 98
14 8 7 2092 34
4 10 11 2311 33
30 9 2 2062 47
15 6 2 2109 37
11 8 14 2032 85
40 8 3 1932 16
42 9 13 1968 77
12 11 14 2117 1
17 7 14 2118 78
47 10 0 2110 72
11 9 8 2117 84
4 11 10 2344 52
18 8 13 2092 31
22 10 6 2124 87
48 8 6 2254 40
28 9 3 1948 29
3 9 7 2126 24
9 7 2 2146 71
31 10 7 2150 90
35 7 10 2396 2
21 5 3 1977 91
23 11 4 2254 15
24 9 13 2123 82
28 10 8 2201 68
14 9 13 2205 91
2 9 2 2217 14
32 8 1 2253 22
2 10 10 2398 62
10 12 1 2275 51
7 8 13 2296 74
25 8 14 2196 2
25 9 0 2198 81
15 7 12 2146 33
32 9 13 2370 54
45 11 5 2232 7
21 6 13 2424 81
12 12 7 2240 39
17 8 2 2231 3
15 8 0 2279 77
11 10 10 2460 27
32 10 2 2424 82
37 7 3 2068 66
37 8 12 2179 70
45 12 3 2239 99
24 10 2 2506 72
18 9 10 2487 24
8 9 9 2131 34
5 9 5 2239 18
16 8 9 2311 11
49 8 11 2344 55
41 9 11 2399 99
29 8 14 2232 5
14 10 6 2296 21
2 11 12 2460 41
10 13 10 2511 62
3 10 13 2505 8
25 10 11 2498 45
15 9 8 2356 67
11 11 9 2487 70
30 10 8 2423 71
39 6 6 2317 64
33 7 12 2501 24
48 9 9 2557 52
1 10 12 2525 50
46 8 8 2494 43
22 11 10 2573 87
44 10 7 2279 9
44 11 5 2288 63
20 9 12 2575 11
23 12 3 2338 92
20 10 3 2586 18
14 11 2 2578 44
34 9 14 2237 79
27 10 1 2326 45
39 7 9 2609 54
7 9 0 2370 5
41 10 1 2498 20
24 11 5 2578 13
18 10 12 2586 38
8 10 1 2518 48
5 10 12 2624 15
16 9 3 2604 44
24 12 3 2648 9
49 9 12 2639 60
41 11 14 2518 76
29 9 0 2375 90
42 10 6 2381 37
17 9 4 2269 98
47 11 5 2591 99
11 12 12 2699 5
18 11 1 2624 90
22 12 13 2660 62
48 10 11 2609 62
28 11 2 2622 71
3 11 11 2671 49
9 8 9 2663 92
26 14 8 2537 34
31 11 14 2594 13
35 8 7 2398 92
21 7 12 2704 92
23 13 6 2430 47
24 13 9 2755 52
28 12 14 2693 27
14 12 14 2720 79
2 12 5 2690 14
28 13 1 2720 24
32 11 7 2506 49
2 13 3 2704 72
20 11 2 2693 11
14 13 12 2799 54
34 10 5 2704 31
7 10 5 2735 83
25 11 10 2660 27
25 12 6 2687 52
15 10 13 2722 76
32 12 8 2571 30
21 8 1 2796 45
21 9 6 2841 51
34 11 8 2735 44
37 9 8 2779 57
35 9 1 2841 3
8 11 10 2687 72
5 11 0 2639 66
41 12 7 2594 94
16 10 1 2844 67
28 14 6 2892 46
49 10 10 2759 84
29 10 8 2836 24
14 14 10 2853 35
25 13 7 2739 88
15 11 4 2798 41
11 13 7 2827 59
40 9 5 2818 85
27 11 13 2798 95
44 12 13 2893 84
40 10 0 2903 82
27 12 11 2893 97
44 13 6 2977 54
42 11 12 2853 8
34 12 6 3031 12
17 10 13 2977 94
47 12 1 2911 16
32 13 12 2861 62
43 10 14 2799 61
31 12 13 3071 78
7 11 7 2886 92
18 12 6 3043 18
3 12 5 2903 86
29 11 11 2990 6
16 11 8 2911 94
0 7 4 2839 69
43 11 4 2908 16
10 14 14 2860 47
1 11 11 2996 86
22 13 3 2776 70
3 13 2 2989 97
36 12 1 2927 46
4 12 9 2807 40
13 13 10 2888 17
15 12 6 3061 77
13 14 7 2978 33
37 10 7 3011 67
12 13 8 3005 1
45 13 8 3006 23
8 12 6 3138 70
16 12 10 3005 90
4 13 5 2989 84
35 10 13 3149 61
4 14 6 3208 99
0 8 11 3082 39
36 13 0 2985 64
12 14 1 3006 71
17 11 9 3071 22
6 8 5 3073 51
0 9 8 3121 9
20 12 0 3049 17
36 14 11 3121 41
15 13 1 3138 51
35 11 14 3210 95
0 10 0 3130 63
17 12 10 3095 4
44 14 11 3162 53
20 13 8 3130 76
20 14 14 3305 51
34 13 10 3099 79
45 14 9 3093 74
27 13 3 2990 78
39 8 12 2923 84
7 12 3 3068 8
41 13 3 3076 90
30 11 1 3189 79
30 12 3 3268 17
24 14 4 2924 21
18 13 14 3356 2
5 12 4 2945 74
16 13 4 3095 62
49 11 2 3086 64
41 14 2 3166 14
29 12 1 3268 70
2 14 11 3215 48
3 14 8 3206 86
25 14 4 3157 61
15 14 14 3358 81
11 14 11 3263 69
30 13 0 3285 64
30 14 4 3349 53
40 11 10 3178 50
27 14 8 3292 1
34 14 12 3178 6
17 13 11 3332 65
47 13 11 3397 17
32 14 10 3228 66
9 9 3 3285 27
19 7 8 3293 55
33 8 10 3294 52
46 9 3 3312 62
49 12 7 3150 83
7 13 4 3402 96
38 7 2 3180 47
18 14 0 3358 1
9 10 1 3338 44
6 9 8 3348 82
19 8 14 3439 22
43 12 5 3124 48
6 10 9 3430 5
33 9 5 3346 70
31 13 8 3430 82
35 12 0 3359 42
0 11 9 3435 67
21 10 2 3227 20
5 13 13 3210 84
47 14 14 3461 40
31 14 3 3512 77
9 11 12 3382 77
40 12 11 3414 74
43 13 6 3307 62
6 11 0 3435 74
8 13 14 3501 75
19 9 4 3498 86
39 9 10 3346 26
33 10 1 3416 16
48 11 5 3416 42
1 12 6 3369 42
42 12 11 3488 63
46 10 2 3374 84
22 14 11 3551 90
49 13 1 3432 7
23 14 14 3576 3
7 14 8 3512 80
38 8 6 3411 35
1 13 8 3592 70
37 11 2 3458 38
29 13 6 3446 54
29 14 9 3502 52
5 14 6 3500 1
16 14 14 3579 86
49 14 4 3584 10
46 11 6 3501 44
46 12 4 3594 2
39 10 1 3439 56
42 13 14 3665 37
17 14 3 3589 72
38 9 3 3661 71
43 14 7 3369 53
48 12 1 3495 1
37 12 4 3596 45
37 13 9 3641 14
8 14 5 3576 42
40 13 2 3496 28
42 14 0 3702 25
9 12 7 3459 55
6 12 1 3509 12
19 10 7 3584 74
6 13 6 3545 25
33 11 9 3655 32
35 13 11 3641 82
0 12 6 3570 58
21 11 4 3641 71
21 12 8 3712 14
35 14 9 3723 60
0 13 13 3628 37
48 13 2 3524 56
1 14 9 3783 30
38 10 4 3732 49
37 14 5 3655 94
0 14 12 3665 15
6 14 12 3680 40
19 11 2 3658 8
40 14 7 3658 87
39 11 13 3665 69
33 12 11 3723 60
48 14 3 3732 9
46 13 12 3720 60
21 13 10 3726 13
38 11 9 3813 91
38 12 5 3904 38
9 13 11 3783 92
19 12 9 3904 59
39 12 14 3734 96
33 13 7 3783 79
46 14 9 3963 46
38 13 10 3942 74
39 13 4 3830 6
19 13 0 3963 37
33 14 8 3862 92
21 14 11 3875 58
38 14 14 4016 42
9 14 5 3942 90
19 14 13 4000 37
39 14 3 3836 42
