30 0 4 0 17
45 0 2 0 35
35 0 0 0 49
34 0 0 49 10
35 1 10 49 11
34 1 2 59 48
0 0 11 0 23
10 0 4 17 56
7 0 9 0 65
26 0 7 0 22
43 0 0 59 94
42 0 10 60 17
30 1 8 17 86
31 0 4 73 52
38 0 11 23 29
25 0 4 125 83
14 0 14 0 94
5 0 8 103 67
38 1 6 52 62
1 0 12 0 29
16 0 1 0 97
18 0 5 0 35
12 0 5 35 36
10 1 9 73 43
36 0 12 29 10
19 0 12 39 53
2 0 4 208 34
24 0 9 116 88
2 1 0 242 60
15 0 8 170 66
0 1 14 94 58
18 1 12 92 40
25 1 1 208 25
26 1 8 236 31
43 1 9 204 40
42 1 12 132 23
30 2 6 114 36
31 1 0 302 44
38 2 14 152 20
14 1 10 94 37
38 3 5 172 56
1 1 11 52 62
16 1 4 242 34
18 2 1 233 32
12 1 9 244 87
10 2 2 116 10
36 1 2 126 15
19 1 1 265 93
9 0 8 267 69
47 0 2 141 71
44 0 10 131 56
34 2 10 187 63
41 0 2 212 60
35 2 13 60 50
10 3 10 250 67
48 0 12 155 25
35 3 12 180 25
11 0 10 317 46
16 2 5 276 47
13 0 4 276 70
44 1 0 346 44
34 3 1 358 82
41 1 4 346 21
35 4 6 205 35
35 5 1 440 76
29 0 3 0 92
11 1 6 363 74
16 3 6 437 71
13 1 5 346 52
19 2 8 358 79
17 0 12 205 72
14 2 8 437 50
28 0 1 516 13
42 2 7 155 44
42 3 11 199 62
24 1 4 367 90
42 4 0 390 43
33 0 12 277 69
49 0 5 398 31
20 0 3 92 75
7 1 4 457 27
33 1 13 346 15
49 1 2 429 67
21 0 11 261 85
9 1 11 346 54
41 2 7 367 98
32 0 7 465 37
6 0 9 331 33
22 0 1 529 25
6 1 4 484 46
45 1 8 487 27
27 0 5 429 36
37 0 3 167 25
41 3 14 465 77
20 1 9 364 74
4 0 10 363 46
30 3 9 438 10
18 3 2 496 41
40 0 6 508 38
26 2 6 546 45
15 1 12 346 61
20 2 8 514 38
20 3 0 552 99
8 0 8 552 94
44 2 12 407 91
40 1 2 546 35
47 1 5 465 94
43 2 11 400 46
33 2 1 554 39
29 1 6 591 12
22 1 7 554 14
18 4 3 537 64
23 0 2 581 9
30 4 3 601 94
48 1 1 593 60
35 6 8 646 76
13 2 12 498 5
43 3 1 653 18
18 5 0 651 91
7 2 12 503 62
47 2 14 559 24
6 2 13 530 59
36 2 10 409 82
23 1 14 590 39
47 3 1 671 74
19 3 11 446 95
40 2 9 581 29
40 3 7 610 67
36 3 4 530 50
6 3 2 590 71
49 2 14 629 58
33 3 10 593 23
22 2 6 603 34
26 3 4 591 12
26 4 13 603 87
8 1 12 646 72
9 2 9 610 14
26 5 1 745 17
47 4 7 745 77
18 6 7 822 2
27 1 12 718 68
21 1 1 762 45
11 2 5 559 12
6 4 14 687 19
36 4 9 624 49
45 2 6 637 54
36 5 6 691 56
14 3 5 571 88
11 3 4 603 96
40 4 13 690 83
45 3 5 691 67
36 6 0 747 62
20 4 11 651 44
29 2 10 616 46
15 2 11 695 72
48 2 8 722 40
16 4 9 673 84
39 0 3 695 52
27 2 10 786 10
15 3 7 824 25
45 4 7 849 72
3 0 4 699 87
11 4 12 786 75
33 4 7 921 51
48 3 3 762 82
2 2 13 773 78
43 4 14 706 39
7 3 11 767 74
43 5 4 786 55
43 6 3 844 52
46 0 2 661 20
0 2 9 757 60
35 7 2 722 1
30 5 2 723 65
40 5 8 773 57
39 1 2 788 66
39 2 10 854 9
14 4 4 841 87
44 3 9 817 63
3 1 12 861 3
13 3 2 854 48
16 5 13 851 78
39 3 9 880 83
46 1 5 758 47
5 1 0 809 31
46 2 3 896 76
29 3 5 805 2
28 1 13 929 21
31 2 12 864 72
20 5 1 807 58
34 4 12 936 47
1 2 10 863 56
20 6 14 865 88
5 2 12 983 8
29 4 7 972 5
19 4 2 902 19
21 2 9 963 3
21 3 4 966 15
1 3 4 981 33
49 3 10 919 47
33 5 2 972 64
22 3 5 807 33
7 4 6 841 2
32 1 10 966 64
27 3 9 966 16
17 1 8 830 40
45 5 11 921 97
40 6 1 865 60
44 4 5 880 52
47 5 13 950 90
3 2 14 953 27
13 4 6 902 58
2 3 14 980 55
27 4 1 982 69
0 3 1 1051 43
9 3 13 1040 61
24 2 12 991 66
22 4 9 982 18
6 5 10 1030 76
19 5 7 977 29
28 2 0 950 14
12 2 0 964 96
32 2 1 1094 75
8 2 3 972 48
46 3 13 1101 58
29 5 8 977 55
31 3 6 960 24
37 1 1 1169 19
4 1 4 1014 40
16 6 3 1020 62
36 7 1 1188 57
17 2 3 1082 56
39 4 1 1245 22
17 3 10 1138 31
17 4 9 1169 9
24 3 1 1267 10
19 6 6 1006 86
28 3 5 964 75
31 4 1 1277 92
13 5 14 1035 51
32 3 14 1169 40
1 4 6 1092 72
46 4 0 1159 42
1 5 14 1209 80
0 4 5 1094 17
12 3 12 1060 22
44 5 4 1054 54
11 5 3 1138 16
2 4 7 1035 41
32 4 6 1209 14
15 4 10 1169 32
10 4 12 1082 99
21 4 3 1154 50
21 5 8 1204 26
44 6 7 1108 31
10 5 6 1223 50
42 5 14 1289 50
24 4 6 1277 76
43 7 7 1139 18
37 2 12 1188 67
3 3 3 1204 69
24 5 10 1353 69
14 5 9 1178 64
9 4 3 1273 12
25 2 9 1242 37
8 3 5 1111 23
8 4 7 1157 97
14 6 7 1254 8
33 6 9 1279 54
49 4 11 1018 37
10 6 8 1273 87
41 4 11 1055 66
41 5 8 1360 81
30 6 0 1201 4
23 2 9 1333 62
25 3 0 1279 24
47 6 12 1255 69
23 3 13 1395 78
14 7 13 1473 17
33 7 14 1339 29
22 5 14 1368 89
40 7 11 1121 4
49 5 3 1285 52
0 5 13 1490 68
25 4 8 1441 48
42 6 2 1339 52
38 4 4 1108 64
9 5 12 1324 75
44 7 2 1391 99
34 5 4 1172 56
27 5 4 1228 78
13 6 0 1303 32
49 6 6 1353 89
7 5 7 1262 73
35 8 3 1337 35
35 9 14 1457 69
29 6 9 1395 76
16 7 7 1335 98
19 7 10 1422 64
42 7 1 1391 18
24 6 8 1489 94
33 8 4 1368 91
49 7 1 1442 16
20 7 10 1486 33
33 9 11 1459 16
21 6 12 1399 92
41 6 9 1471 8
32 5 11 1475 50
6 6 12 1491 61
45 6 3 1372 79
27 6 13 1558 46
37 3 5 1255 28
41 7 13 1604 54
12 4 8 1583 91
8 5 14 1526 87
7 6 0 1335 40
23 4 7 1473 10
4 2 5 1283 43
4 3 14 1613 48
43 8 2 1490 46
39 5 5 1326 77
38 5 3 1451 82
25 5 2 1536 55
38 6 1 1533 20
26 6 5 1403 62
30 7 5 1465 40
38 7 0 1553 11
25 6 14 1661 66
8 6 1 1613 73
46 5 10 1519 76
23 5 8 1674 99
4 4 9 1661 28
12 5 10 1674 38
28 4 4 1459 88
20 8 4 1547 7
34 6 5 1505 8
5 3 1 1686 21
48 4 10 1712 1
7 7 2 1591 36
47 7 10 1713 46
6 7 6 1552 32
49 8 9 1689 36
33 10 5 1513 95
22 6 2 1627 49
9 6 5 1608 25
27 7 11 1604 31
21 7 0 1564 62
11 6 9 1725 90
45 7 14 1727 13
14 8 3 1533 90
45 8 10 1759 17
29 7 0 1626 4
15 5 2 1676 46
48 5 4 1713 89
16 8 2 1722 64
0 6 6 1584 42
35 10 9 1815 19
44 8 8 1773 42
13 7 7 1483 59
5 4 7 1707 18
29 8 14 1740 5
28 5 6 1626 14
31 5 3 1623 88
34 7 11 1635 56
1 6 2 1786 64
5 5 4 1802 46
19 8 4 1848 4
12 6 13 1712 92
31 6 14 1745 7
17 5 1 1707 13
45 9 1 1776 56
43 9 5 1633 5
38 8 7 1725 65
25 7 3 1727 34
26 7 14 1752 14
30 8 13 1804 3
26 8 2 1850 91
42 8 4 1852 27
30 9 7 1807 12
31 7 11 1752 93
25 8 5 1761 37
14 9 1 1832 14
5 6 5 1848 64
1 7 0 1850 80
16 9 14 1786 89
18 7 13 1807 9
12 7 11 1845 16
10 7 0 1930 4
36 8 7 1819 85
19 9 13 1852 65
2 5 9 1834 3
24 7 7 1904 57
2 6 12 1837 99
15 6 3 1761 39
0 7 8 1815 53
18 8 6 1816 48
42 9 6 1879 16
14 10 2 1941 56
24 8 2 1997 31
19 10 14 1917 80
2 7 11 1936 32
3 4 8 1868 8
28 6 8 1876 28
31 8 7 1961 12
13 8 1 1846 89
32 6 8 1904 20
1 8 5 1930 4
46 6 12 1936 38
1 9 3 1934 40
0 8 10 1868 18
12 8 3 1974 28
44 9 13 1917 6
11 7 13 1923 88
2 8 10 1968 86
32 7 4 1924 23
15 7 6 1895 92
10 8 13 2011 28
21 8 6 1987 5
21 9 7 1992 77
44 10 1 1935 1
42 10 13 2039 93
24 9 11 2028 2
37 4 6 1992 88
3 5 9 1876 28
14 11 6 2080 25
9 7 7 2069 41
25 9 6 2105 80
8 7 11 2030 25
8 8 10 2055 4
33 11 3 2002 15
49 9 8 1924 80
41 8 0 1934 62
41 9 1 1996 41
23 6 6 2185 54
47 8 3 2017 63
23 7 5 2239 54
33 12 6 2239 20
22 7 4 1947 73
40 8 12 1974 13
49 10 12 2004 80
0 9 7 2110 42
9 8 10 2110 96
34 8 9 1904 27
27 8 14 1997 70
13 9 11 2055 71
7 8 10 2206 98
35 11 4 2020 4
46 7 14 2067 7
29 9 1 2037 44
31 9 2 2028 63
37 5 2 2091 68
4 5 12 2084 15
16 10 11 2126 55
36 9 13 2132 26
17 6 7 2152 62
39 6 13 2158 60
17 7 6 2259 62
17 8 2 2321 55
19 11 9 1997 41
28 7 11 2181 81
13 10 13 2218 59
32 8 12 2099 32
46 8 6 2321 4
0 10 4 2152 96
12 9 7 2214 46
11 8 14 2074 12
2 9 2 2376 26
32 9 5 2293 18
15 8 4 2248 33
21 10 14 2086 96
37 6 8 2159 29
3 6 0 1996 40
8 9 4 2281 40
28 8 14 2262 16
32 10 0 2311 29
12 10 14 2278 74
48 6 5 2311 1
11 9 8 2188 81
45 10 0 2340 63
29 10 12 2131 40
37 7 14 2352 63
4 6 6 2325 59
17 9 4 2376 2
18 9 11 2262 76
36 10 11 2338 17
48 7 11 2355 13
4 7 13 2384 58
17 10 0 2403 29
33 13 0 2432 24
49 11 7 2260 87
20 9 13 2442 43
21 11 10 2304 59
41 10 5 2312 36
6 8 1 2081 29
45 11 4 2403 98
27 9 2 2402 93
37 8 0 2456 8
41 11 12 2348 73
39 7 8 2269 28
3 7 6 2384 73
44 11 6 2457 94
10 9 5 2348 28
42 11 5 2376 97
24 10 13 2485 59
43 10 12 2421 26
37 9 11 2464 5
3 8 1 2457 2
24 11 14 2544 18
14 12 11 2469 42
9 9 2 2495 23
25 10 7 2347 20
8 10 0 2464 60
8 11 9 2524 11
49 12 0 2524 24
10 10 11 2511 4
41 12 10 2421 50
30 10 1 2459 74
23 8 4 2501 28
25 11 13 2544 77
47 9 6 2551 81
23 9 0 2548 22
22 8 3 2080 89
40 9 5 2473 51
0 11 12 2447 19
25 12 11 2621 26
42 12 8 2473 46
38 9 12 2466 66
9 10 1 2533 26
44 12 11 2647 32
34 9 3 2169 82
27 10 7 2495 96
13 11 10 2471 11
7 9 3 2304 6
35 12 7 2591 26
35 13 5 2617 47
29 11 2 2518 96
16 11 0 2570 93
19 12 5 2664 91
42 13 3 2519 80
24 12 3 2599 1
20 10 5 2755 57
6 9 11 2679 26
45 12 9 2535 15
27 11 0 2663 33
37 10 7 2617 5
12 11 6 2632 35
7 10 14 2562 49
23 10 12 2570 90
4 8 0 2696 34
4 9 3 2730 57
43 11 10 2482 39
39 8 7 2622 31
38 10 2 2614 45
25 13 12 2660 72
38 11 13 2659 58
28 9 12 2732 82
13 12 8 2519 79
1 10 1 2559 88
46 9 7 2653 25
1 11 13 2717 78
0 12 0 2730 50
12 12 1 2667 15
44 13 14 2679 93
11 10 2 2659 8
2 10 6 2667 89
15 9 1 2682 54
10 11 14 2772 56
21 12 13 2795 48
21 13 2 2843 12
44 14 3 2787 97
10 12 7 2828 55
42 14 9 2599 90
43 12 8 2598 49
37 11 10 2622 47
3 9 7 2883 71
14 13 12 2814 18
9 11 14 2828 68
14 14 0 2832 5
49 13 13 2843 40
41 13 3 2884 1
30 11 12 2832 99
23 11 11 2705 8
26 9 10 2669 7
30 12 10 2931 5
46 10 1 2736 61
23 12 3 2885 52
4 10 8 2787 29
28 10 9 2814 94
7 11 13 2883 69
47 10 9 2908 33
6 10 5 2812 31
22 9 0 2837 68
27 12 3 2937 45
45 13 13 2952 18
29 12 11 2713 62
15 10 9 2941 58
48 8 6 2756 62
16 12 10 2936 86
0 13 2 2855 62
35 14 11 2775 11
13 13 9 2999 31
5 7 3 2982 27
29 13 13 2970 36
28 11 10 3022 55
31 10 5 2843 71
34 10 8 2816 11
1 12 9 3030 95
5 8 2 3009 37
19 13 3 3009 38
31 11 8 2914 88
4 11 2 3046 45
17 11 13 3006 67
20 11 2 3091 43
6 11 8 3002 27
7 12 1 2952 50
23 13 1 3002 50
4 12 11 3091 44
43 13 13 3073 94
26 10 12 2931 83
30 13 14 2936 68
26 11 0 3014 58
30 14 11 3135 38
31 12 10 3077 75
5 9 14 3046 95
24 13 0 3072 69
3 10 11 3173 50
47 11 8 3029 70
22 10 13 3167 72
40 10 10 3152 18
16 13 12 3022 92
5 10 10 3170 75
29 14 4 3006 25
28 12 7 3077 64
31 13 13 3239 18
34 11 7 3141 10
5 11 9 3245 19
19 14 0 3141 54
43 14 6 3167 93
39 9 4 3031 12
38 12 8 3099 84
38 13 10 3245 73
26 12 3 3072 87
26 13 9 3264 30
38 14 9 3318 70
5 12 13 3264 38
16 14 8 3183 94
18 10 4 3043 45
46 11 8 3277 3
11 11 7 3151 28
2 11 1 3052 4
15 11 5 2999 28
45 14 12 3114 3
36 11 8 3280 36
11 12 11 3223 90
40 11 3 3170 87
36 12 3 3316 84
20 12 12 3134 6
15 12 13 3302 78
48 9 14 3141 96
39 10 6 3260 87
27 13 8 3316 81
15 13 14 3380 61
3 11 13 3380 95
11 13 1 3313 20
33 14 8 3397 6
48 10 7 3237 10
2 12 5 3056 49
7 13 8 3403 58
46 12 9 3388 62
0 14 3 3400 97
40 12 14 3441 18
39 11 0 3347 85
39 12 11 3432 8
3 12 2 3475 14
13 14 3 3497 6
39 13 12 3440 88
46 13 4 3450 8
5 13 6 3347 91
46 14 11 3458 99
28 13 3 3503 78
31 14 9 3450 38
20 13 7 3247 15
34 12 6 3438 67
1 13 8 3461 30
20 14 6 3505 22
5 14 11 3557 24
21 14 5 3105 43
1 14 7 3491 21
49 14 4 3458 94
22 11 12 3528 99
7 14 5 3461 52
32 11 13 3475 63
27 14 6 3527 78
17 12 5 3513 92
40 13 4 3552 87
47 12 11 3581 40
3 13 10 3489 65
2 13 3 3581 42
9 12 6 3605 92
24 14 5 3605 98
22 12 11 3627 49
6 12 7 3512 71
28 14 2 3581 23
12 13 4 3639 61
32 12 2 3604 91
8 12 6 3697 13
37 12 13 3538 6
4 13 1 3333 27
36 13 14 3459 8
17 13 14 3605 31
39 14 14 3636 74
17 14 11 3676 51
32 13 9 3695 64
12 14 2 3700 50
11 14 0 3432 40
2 14 8 3623 78
32 14 3 3759 30
15 14 0 3472 79
10 13 1 3360 83
10 14 3 3789 59
37 13 9 3759 2
3 14 5 3703 63
9 13 4 3700 75
25 14 10 3554 31
8 13 13 3710 66
8 14 2 3776 30
41 14 6 3710 3
23 14 10 3585 10
47 13 4 3775 91
22 13 8 3701 73
40 14 0 3639 37
9 14 0 3775 13
34 13 13 3776 89
6 13 0 3788 45
37 14 4 3866 97
4 14 7 3583 60
26 14 11 3727 97
34 14 14 3865 18
48 11 9 3761 83
47 14 0 3866 22
6 14 3 3848 42
22 14 10 3774 62
48 12 2 3844 32
18 11 8 3774 12
36 14 5 3766 68
18 12 10 3836 78
48 13 13 3876 55
18 13 9 3914 8
18 14 14 3922 89
48 14 0 3931 87
