13 0 13 0 51
15 0 14 0 27
1 0 7 0 53
18 0 7 53 28
35 0 0 0 71
49 0 11 0 3
15 1 5 27 63
26 0 3 0 15
31 0 5 90 22
14 0 11 3 49
26 1 1 15 27
14 1 7 81 21
37 0 5 112 96
17 0 11 52 22
1 1 2 53 83
11 0 12 0 28
0 0 5 208 25
17 1 6 74 30
24 0 11 74 4
8 0 6 104 61
32 0 11 78 94
40 0 7 102 31
5 0 9 0 77
40 1 11 172 76
27 0 12 28 3
18 1 10 81 4
43 0 14 27 73
24 1 14 100 21
6 0 1 42 28
45 0 8 0 66
44 0 14 121 59
30 0 1 70 50
48 0 0 71 13
10 0 9 77 64
18 2 4 85 11
43 1 7 133 59
17 2 0 104 17
42 0 8 66 42
33 0 11 248 7
41 0 9 141 71
47 0 14 180 83
34 0 12 31 40
6 1 2 136 84
43 2 9 212 4
42 1 14 263 39
2 0 4 96 99
8 1 13 165 30
22 0 5 233 68
37 1 6 208 34
27 1 14 302 93
4 0 11 255 23
43 3 5 301 25
6 2 3 220 95
16 0 0 121 72
3 0 9 216 68
44 1 8 180 45
2 1 6 242 51
37 2 11 278 71
47 1 12 263 17
19 0 4 195 67
8 2 2 220 81
8 3 4 301 70
0 1 0 233 10
9 0 11 349 87
28 0 4 371 30
46 0 10 85 28
7 0 1 120 2
10 1 10 141 80
36 0 6 293 68
7 1 14 395 60
24 2 9 284 59
38 0 2 301 96
26 2 12 280 35
6 3 5 326 28
39 0 7 192 47
28 1 10 401 55
37 3 0 349 88
8 4 12 371 82
47 2 6 361 26
6 4 13 354 93
15 2 9 343 35
14 2 14 455 37
32 1 13 447 30
20 0 3 315 6
29 0 3 321 23
6 5 10 456 67
28 2 13 477 85
2 2 5 354 86
31 1 4 401 15
19 1 9 378 20
25 0 14 492 77
3 1 13 562 19
2 3 13 581 53
19 2 12 453 95
35 1 4 416 43
17 3 5 440 53
39 1 2 397 71
19 3 10 548 52
14 3 2 492 24
39 2 8 468 37
26 3 11 436 47
18 3 0 437 87
4 1 8 505 50
14 4 12 548 96
4 2 1 555 25
30 1 6 387 56
15 3 11 483 52
16 1 9 398 98
21 0 10 600 52
24 3 13 634 50
14 5 6 644 32
13 1 12 644 35
31 2 10 652 4
2 4 0 634 86
36 1 11 535 96
48 1 14 569 85
1 2 1 580 52
28 3 6 676 50
19 4 14 654 37
9 1 13 684 94
38 1 6 726 15
18 4 12 679 62
7 2 10 656 12
16 2 2 516 50
30 2 7 443 80
20 1 10 668 19
41 1 7 523 30
45 1 11 631 23
34 1 8 555 89
41 2 12 741 58
13 2 2 679 64
29 1 5 493 67
39 3 9 505 59
22 1 2 743 23
46 1 11 654 96
26 4 4 483 79
10 2 5 560 92
28 4 0 726 29
18 5 14 741 59
48 2 9 654 49
16 3 5 652 45
48 3 1 703 73
17 4 10 687 50
10 3 12 799 99
35 2 12 898 11
7 3 12 909 35
31 3 9 703 40
4 3 9 743 37
19 5 3 691 88
42 2 9 780 8
3 2 3 779 13
47 3 10 737 78
24 4 2 766 75
38 2 13 778 31
9 2 0 778 91
20 2 14 800 65
34 2 6 741 73
12 0 4 562 51
49 1 3 792 15
42 3 10 815 26
43 4 10 841 68
13 3 5 743 79
12 1 1 776 93
48 4 4 776 48
11 1 5 822 53
35 3 6 909 65
24 5 0 869 41
42 4 7 841 26
43 5 6 974 3
13 4 11 822 15
12 2 8 869 77
48 5 11 837 44
11 2 1 875 64
35 4 14 974 11
34 3 4 824 92
2 5 7 867 30
9 3 10 909 14
22 2 0 910 18
1 3 8 946 92
1 4 12 1038 92
41 3 4 916 71
25 1 0 928 97
20 3 5 875 5
32 2 6 977 51
42 5 6 1028 9
8 5 14 985 25
29 2 2 841 33
22 3 13 928 65
41 4 10 987 87
49 2 0 1025 40
39 4 0 1065 72
3 3 11 881 10
0 2 2 874 40
21 1 12 1130 25
29 3 9 874 27
23 0 11 891 86
33 1 9 901 74
43 6 4 987 72
45 2 1 939 28
3 4 14 1010 64
3 5 12 1155 50
11 3 13 993 24
38 3 7 897 93
9 4 6 1037 15
32 3 5 1028 86
38 4 5 1114 21
9 5 9 1052 38
20 4 6 1052 68
34 4 14 1074 58
12 3 10 1074 61
49 3 13 1065 77
42 6 4 1059 1
43 7 12 1205 69
12 4 5 1135 22
48 6 3 881 84
24 6 4 1060 79
8 6 3 1010 9
29 4 13 1142 78
22 4 1 993 89
49 4 8 1142 43
39 5 6 1137 64
3 6 6 1205 4
0 3 14 1132 50
21 2 13 1220 33
29 5 11 1220 64
23 1 4 1139 90
33 2 2 975 14
45 3 4 1229 12
11 4 2 1017 51
9 6 1 1090 86
32 4 1 1176 69
32 5 8 1245 52
30 3 5 1157 54
44 2 13 1253 39
3 7 1 1245 28
5 1 3 1019 19
47 4 4 1241 95
15 4 3 1038 71
20 5 7 1120 26
30 4 11 1284 8
46 2 13 1292 37
25 2 8 1297 61
47 5 1 1336 45
39 6 4 1336 61
20 6 1 1381 93
46 3 3 1329 58
27 2 10 1135 56
33 3 1 1474 65
34 5 13 1329 68
6 6 6 1209 75
2 6 14 1182 87
8 7 5 1211 29
37 4 2 1068 10
27 3 0 1191 82
4 4 2 1078 93
2 7 11 1292 8
8 8 10 1240 27
16 4 13 1397 73
26 5 7 1146 26
44 3 4 1397 64
14 6 4 1461 94
2 8 9 1300 53
37 5 12 1274 99
37 6 4 1555 48
19 6 7 1172 66
0 4 12 1373 45
28 5 11 1300 77
28 6 7 1377 67
7 4 4 1603 45
10 4 7 1444 1
36 2 13 1470 30
21 3 2 1253 14
6 7 0 1284 8
28 7 9 1444 55
2 9 10 1353 39
31 4 0 1292 69
19 7 11 1377 87
25 3 1 1539 61
3 8 0 1361 69
19 8 2 1464 77
18 6 11 1464 36
35 5 10 1392 15
49 5 14 1269 91
15 5 0 1430 62
26 6 6 1284 72
31 5 6 1361 98
14 7 0 1555 37
17 5 12 1418 86
1 5 9 1499 8
11 5 8 1358 82
17 6 2 1541 18
24 7 1 1600 36
40 2 14 1360 4
29 6 12 1504 5
6 8 8 1440 56
28 8 14 1499 45
31 6 3 1459 44
19 9 0 1592 38
25 4 11 1600 93
18 7 9 1507 57
49 6 2 1559 51
15 6 12 1509 20
26 7 10 1407 89
31 7 1 1636 77
14 8 9 1592 28
40 3 12 1529 35
5 2 4 1648 44
40 4 4 1692 18
45 4 9 1620 22
39 7 1 1713 52
4 5 5 1240 74
43 8 2 1610 50
45 5 14 1642 65
3 9 4 1710 68
11 6 6 1459 99
38 5 0 1630 40
9 7 2 1660 16
32 6 14 1707 11
38 6 9 1670 99
9 8 14 1718 44
34 6 0 1670 97
12 5 12 1564 77
49 7 7 1610 17
42 7 12 1641 83
43 9 13 1660 62
48 7 13 1722 85
11 7 4 1778 21
13 5 7 1627 82
29 7 6 1558 16
39 8 11 1765 20
22 5 6 1574 10
10 5 0 1767 30
16 5 4 1799 82
10 6 14 1797 21
35 6 5 1407 46
41 5 1 1765 74
49 8 10 1627 71
39 9 14 1818 13
3 10 10 1778 37
0 5 4 1881 91
21 4 1 1839 29
29 8 10 1815 6
23 2 6 1584 44
33 4 12 1724 19
43 10 8 1722 22
45 6 0 1797 9
3 11 5 1815 78
3 12 2 1893 41
11 8 7 1799 68
38 7 4 1972 60
32 7 0 1806 29
38 8 14 2032 63
20 7 2 1934 46
34 7 9 1769 94
12 6 6 1641 55
49 9 12 1743 33
42 8 1 1868 85
12 7 13 1807 96
48 8 6 1807 1
11 9 10 1867 41
35 7 7 1867 78
37 7 8 1744 57
8 9 9 1863 29
47 6 13 1903 16
15 7 1 1953 16
14 9 10 1908 30
32 8 3 1835 37
20 8 4 2032 49
29 9 4 2081 44
2 10 12 1776 22
31 8 7 1945 23
25 5 12 1798 97
2 11 3 1872 55
39 10 10 1938 11
26 8 9 1892 35
18 8 5 1893 34
4 6 6 1808 47
4 7 12 1895 50
30 5 3 1927 70
16 6 1 1969 3
21 5 0 1868 61
24 8 8 1801 54
13 6 9 1927 58
36 3 5 1927 84
44 4 9 1985 35
0 6 7 1972 6
46 4 9 2020 94
7 5 8 1855 40
10 7 6 1855 76
36 4 2 2011 2
21 6 5 2011 17
25 6 13 1919 86
49 10 5 2028 83
29 10 8 2125 43
5 3 7 1978 79
27 4 5 2111 58
45 7 3 1997 27
45 8 5 2169 25
32 9 12 1945 70
34 8 1 1972 77
13 7 14 2095 72
22 6 4 2125 98
46 5 4 2223 40
47 7 11 1919 53
42 9 2 2013 11
11 10 0 1929 14
42 10 11 2024 81
48 9 2 2024 12
17 7 14 2167 1
10 8 1 2049 65
35 8 3 2024 3
7 6 7 2057 24
31 9 13 2005 14
4 8 7 2081 40
3 13 7 2121 51
47 8 2 2036 12
38 9 10 2095 95
7 7 13 2081 90
31 10 12 2019 96
4 9 13 2171 82
19 10 8 2168 56
42 11 0 2105 72
9 9 3 2027 63
32 10 4 2263 34
20 9 13 2253 23
34 9 3 2090 43
13 8 6 2167 60
22 7 9 2223 61
46 6 2 2263 42
10 9 2 2305 13
28 9 12 2115 6
19 11 1 2224 78
47 9 5 2194 50
32 11 9 2297 13
8 10 11 2105 68
42 12 3 2177 87
0 7 13 2276 40
14 10 1 2302 41
39 11 3 2264 26
26 9 2 2318 52
18 9 3 2290 5
4 10 3 2295 29
14 11 13 2343 66
4 11 10 2324 91
30 6 12 2121 83
15 8 4 2297 64
16 7 14 2168 53
21 7 6 2227 82
24 9 10 2415 72
14 12 5 2409 12
13 9 0 2227 99
31 11 11 2173 90
2 12 8 2224 64
36 5 12 2204 81
48 10 10 2487 3
1 6 3 2324 75
28 10 8 2288 48
19 12 6 2309 55
9 10 5 2421 62
38 10 1 2343 45
18 10 2 2370 76
7 8 6 2364 1
16 8 6 2365 4
30 7 9 2310 18
20 10 12 2285 83
41 6 8 2336 33
45 9 12 2368 75
34 10 7 2172 52
41 7 13 2409 26
13 10 8 2369 47
29 11 0 2326 49
39 12 5 2483 28
22 8 8 2416 38
46 7 12 2443 41
26 10 13 2435 17
10 10 11 2318 36
28 11 1 2388 46
18 11 13 2452 83
48 11 8 2490 39
16 9 3 2399 86
17 8 13 2535 35
10 11 4 2361 2
35 9 13 2570 27
7 9 2 2446 21
31 12 14 2263 90
4 12 0 2415 79
19 13 13 2597 28
42 13 5 2511 41
3 14 8 2529 34
47 10 7 2244 6
24 10 12 2487 94
38 11 12 2581 33
9 11 8 2563 87
20 11 9 2368 61
34 11 5 2552 8
12 8 7 2250 76
49 11 6 2369 61
42 14 13 2625 44
43 11 0 2494 77
13 11 10 2490 44
12 9 3 2485 27
11 11 3 2512 9
35 10 1 2597 33
24 11 6 2581 46
43 12 1 2630 1
13 12 1 2631 19
12 10 9 2512 12
11 12 14 2521 91
35 11 2 2630 87
34 12 10 2560 41
2 13 1 2650 32
9 12 7 2650 77
22 9 11 2454 64
1 7 11 2518 56
1 8 13 2669 40
41 8 14 2612 3
25 7 2 2717 15
20 12 8 2650 88
32 12 7 2727 10
29 12 14 2615 12
22 10 10 2601 91
41 9 3 2615 75
49 12 9 2524 68
39 13 13 2709 91
0 8 1 2682 19
21 8 11 2574 19
29 13 1 2701 17
23 3 10 2692 60
33 5 0 2571 17
43 13 11 2631 4
45 10 10 2752 85
11 13 11 2635 57
38 12 8 2738 83
9 13 4 2727 31
32 13 10 2837 61
38 13 11 2821 11
9 14 12 2758 19
20 13 11 2832 68
34 13 11 2900 21
49 13 4 2758 14
43 14 3 2690 94
11 14 9 2692 5
35 12 9 2717 97
37 8 7 2737 31
47 11 8 2821 87
6 9 4 2772 79
15 9 6 2627 80
14 13 3 2784 78
32 14 2 2898 48
20 14 0 2900 62
35 13 8 2908 59
24 12 5 2627 18
47 12 3 2908 44
15 10 10 2898 57
30 8 2 2946 31
46 8 6 2707 20
25 8 9 2814 73
44 5 7 2768 42
36 6 0 2962 57
35 14 11 2967 37
49 14 1 2772 97
17 9 1 2869 93
17 10 7 2962 90
24 13 7 3052 81
40 5 13 2800 50
40 6 5 2850 16
5 4 11 3004 79
40 7 8 2967 52
12 11 0 3019 63
48 12 12 2777 75
23 4 12 2852 22
30 9 10 2977 4
27 5 13 2850 65
45 11 7 3133 19
38 14 3 2952 75
30 10 13 2981 90
46 9 14 2727 80
25 9 4 2887 28
6 10 12 2874 27
37 9 9 2887 93
4 13 14 2807 40
2 14 2 2977 64
37 10 13 3071 33
4 14 4 2915 19
16 10 10 2981 54
26 11 5 2866 92
44 6 10 3035 16
14 14 8 3019 82
19 14 5 2958 55
28 12 3 3027 9
7 10 9 2980 75
10 12 8 3101 77
36 7 4 3019 7
31 13 8 3178 78
25 10 7 3152 1
18 12 1 2962 91
15 11 8 3256 34
31 14 2 3256 71
17 11 8 3290 5
1 9 14 2847 7
47 13 0 3082 5
34 14 2 3327 56
13 13 3 3036 99
48 13 7 3153 73
13 14 4 3135 86
22 11 3 3135 36
1 10 0 3087 20
1 11 6 3107 84
41 10 0 3107 87
25 11 6 3191 80
8 11 0 3194 64
29 14 7 3226 85
27 6 1 3053 82
33 6 8 3295 4
27 7 11 3135 5
44 7 0 3258 88
7 11 3 3171 79
10 13 13 3178 13
22 12 14 3171 66
41 11 2 3383 14
39 14 12 2901 27
0 9 10 3051 88
21 9 8 3299 37
23 5 8 3336 83
33 7 13 3299 5
45 12 6 3271 41
8 12 1 3258 23
37 11 10 3139 84
27 8 4 3221 5
8 13 7 3311 51
16 11 12 3035 76
26 12 14 3237 5
44 8 12 3346 9
37 12 14 3242 28
8 14 8 3419 51
0 10 11 3140 87
28 13 2 3397 31
46 10 5 3013 29
7 12 5 3250 91
10 14 3 3250 68
21 10 9 3336 77
48 14 5 3341 45
24 14 3 3318 45
15 12 7 3362 74
25 12 3 3363 89
40 8 2 3428 85
5 5 2 3513 33
27 9 3 3452 92
45 13 2 3546 20
22 13 7 3436 32
0 11 6 3312 67
46 11 8 3470 12
25 13 10 3452 52
47 14 9 3413 63
33 8 10 3504 27
6 11 11 3227 18
37 13 3 3544 32
16 12 8 3482 55
44 9 1 3355 88
0 12 9 3476 34
15 13 13 3436 13
1 12 4 3226 64
17 12 9 3510 88
1 13 10 3531 7
5 6 13 3546 12
44 10 5 3443 85
30 11 4 3290 87
33 9 5 3531 93
41 12 11 3397 33
22 14 12 3468 24
16 13 7 3537 38
44 11 2 3566 54
23 6 2 3620 94
33 10 14 3624 91
30 12 14 3715 1
44 12 3 3620 63
5 7 5 3624 12
5 8 8 3636 15
27 10 6 3544 30
6 12 7 3575 45
16 14 11 3575 53
44 13 6 3683 21
37 14 1 3576 72
0 13 3 3683 1
28 14 5 3636 41
46 12 1 3648 81
7 13 11 3628 32
36 8 1 3729 70
7 14 0 3660 41
26 13 8 3651 20
6 13 9 3620 20
6 14 14 3716 44
15 14 2 3714 80
25 14 5 3677 30
17 13 3 3684 11
26 14 0 3701 49
30 13 0 3750 5
21 11 3 3695 41
27 11 8 3671 35
44 14 11 3704 76
0 14 8 3706 26
46 13 7 3729 8
17 14 4 3695 65
40 9 10 3538 43
18 13 8 3732 46
40 10 3 3736 44
5 9 12 3651 32
40 11 9 3780 21
12 12 14 3760 84
23 7 7 3737 14
30 14 8 3778 61
27 12 2 3794 17
45 14 13 3566 25
41 13 6 3704 52
41 14 5 3756 38
46 14 0 3755 28
18 14 6 3778 64
12 13 2 3844 46
12 14 11 3890 14
33 11 6 3842 9
33 12 4 3851 69
33 13 7 3920 35
21 12 7 3955 47
1 14 5 3794 23
40 12 1 3801 72
40 13 6 3873 24
5 10 6 3897 64
40 14 0 3897 12
27 13 9 3811 4
23 8 9 3815 80
33 14 3 3955 5
36 9 10 3799 39
5 11 10 3961 26
36 10 8 3839 62
21 13 14 4002 45
23 9 14 4047 46
21 14 4 4047 51
23 10 1 4093 20
23 11 0 4113 13
36 11 3 3960 94
36 12 7 4054 96
5 12 14 4093 90
5 13 0 4183 49
36 13 9 4150 38
5 14 1 4232 67
36 14 14 4188 46
23 12 13 4126 39
23 13 3 4165 67
27 14 7 4150 78
23 14 5 4232 17
