17 0 6 0 12
4 0 5 0 99
20 0 11 0 52
36 0 1 0 23
46 0 12 0 95
5 0 6 12 23
40 0 1 23 28
21 0 14 0 64
14 0 10 0 26
0 0 7 0 34
33 0 13 0 14
31 0 6 35 2
34 0 0 0 98
18 0 10 26 3
41 0 11 52 74
49 0 8 0 44
11 0 9 0 72
23 0 9 72 24
42 0 10 29 63
32 0 0 98 65
28 0 9 96 98
24 0 14 64 91
34 1 1 98 21
11 1 7 72 65
21 1 7 137 4
15 0 2 0 11
37 0 14 155 64
15 1 13 14 84
9 0 4 0 14
20 1 6 52 57
27 0 5 99 86
40 1 13 98 70
25 0 6 109 76
45 0 9 194 6
21 2 9 200 25
1 0 14 219 19
43 0 12 95 32
7 0 8 44 67
18 1 1 119 89
3 0 11 126 14
26 0 10 92 96
36 1 12 127 55
8 0 6 185 56
32 1 14 238 56
14 1 3 26 14
27 1 7 185 72
7 1 13 168 11
15 2 14 294 48
12 0 3 40 23
35 0 7 257 93
47 0 10 188 96
42 1 8 111 47
32 2 11 294 5
0 1 8 158 91
29 0 10 284 82
48 0 6 241 98
11 2 10 366 2
48 1 5 339 69
26 1 11 299 27
38 0 7 350 63
28 1 10 368 52
5 1 13 179 84
39 0 5 408 60
6 0 14 342 24
46 1 2 95 54
11 3 2 368 38
7 2 0 179 97
38 1 10 420 40
20 2 0 276 73
21 3 1 225 52
42 2 11 326 6
27 2 3 257 3
3 1 14 366 86
0 2 0 349 93
11 4 6 406 96
34 2 13 263 61
43 1 13 324 94
22 0 9 225 80
18 2 2 406 9
24 1 8 249 86
13 0 13 418 47
30 0 3 260 32
20 3 12 349 45
46 2 1 277 46
36 2 2 415 72
42 3 9 332 43
12 1 2 487 35
18 3 5 468 24
35 1 2 522 1
47 1 2 523 64
8 1 10 460 66
3 2 3 452 8
42 4 4 375 48
38 2 2 587 81
36 3 5 492 57
17 1 8 335 12
32 3 5 549 94
36 4 0 549 46
42 5 5 643 65
15 3 11 342 49
42 6 0 708 83
1 1 0 791 73
48 2 10 526 68
48 3 9 594 45
25 1 10 594 77
34 3 2 668 61
15 4 1 391 19
14 2 2 729 46
30 1 9 639 62
20 4 14 452 55
47 2 11 587 6
16 0 6 502 12
10 0 4 423 76
12 2 12 522 24
45 1 6 514 6
23 1 10 671 95
39 1 14 507 79
12 3 4 546 67
27 3 14 586 91
2 0 10 766 59
31 1 2 775 5
35 2 4 613 26
40 2 0 864 7
29 1 1 410 33
46 3 9 701 33
43 2 9 734 71
25 2 7 671 2
44 0 14 677 45
49 1 0 871 78
23 2 3 766 93
43 3 5 805 3
28 2 4 639 99
29 2 4 738 80
37 1 4 818 93
42 7 12 791 98
36 5 7 673 17
36 6 13 690 80
3 3 0 949 85
5 2 1 443 34
17 2 10 825 66
8 2 1 526 8
44 1 8 722 63
14 3 11 775 1
49 2 14 949 31
32 4 6 643 82
28 3 14 980 11
25 3 13 770 28
21 4 4 911 72
31 2 12 889 35
41 1 1 534 97
26 2 9 805 61
41 2 0 1034 88
49 3 6 980 8
45 2 12 924 28
22 1 5 808 93
44 2 9 866 82
2 1 6 988 29
6 1 8 785 15
5 3 7 690 77
33 1 6 1017 86
43 4 1 808 20
11 5 12 952 10
10 1 1 828 94
49 4 4 988 8
6 2 3 859 99
4 1 7 767 5
20 5 7 772 63
20 6 10 891 99
27 4 13 798 33
34 4 4 996 54
4 2 0 1122 39
38 3 13 831 33
17 3 14 991 2
14 4 5 901 23
40 3 14 993 51
5 4 10 990 25
7 3 3 958 63
38 4 8 864 52
44 3 13 948 23
47 3 5 924 90
3 4 12 1034 49
14 5 9 948 50
26 3 13 971 42
10 2 3 1021 34
32 5 7 835 76
11 6 8 962 58
16 1 11 776 71
39 2 4 1050 43
17 4 1 993 17
17 5 5 1014 33
5 5 0 1161 44
14 6 0 1205 27
25 4 12 1083 27
28 4 8 1020 57
26 4 3 1055 99
12 4 11 847 65
33 2 4 1103 65
30 2 11 912 9
16 2 3 1154 17
0 3 14 1044 88
7 4 10 1021 64
6 3 9 998 49
29 3 2 818 23
28 5 6 1103 40
32 6 1 1010 29
29 4 3 1171 7
22 2 1 1039 64
13 1 14 1132 70
47 4 9 1047 1
22 3 14 1202 13
30 3 5 1047 88
30 4 4 1168 58
33 3 11 1168 41
4 3 3 1178 39
21 5 13 1013 41
28 6 1 1143 52
37 2 9 1048 55
33 4 9 1209 3
37 3 12 1110 78
33 5 5 1212 10
32 7 3 1217 1
19 0 12 1188 98
31 3 13 1054 65
23 3 8 1077 48
28 7 2 1195 75
25 5 3 1218 27
49 5 5 1222 15
6 4 5 1237 66
18 4 7 911 80
13 2 1 1202 38
45 3 10 1085 96
13 3 3 1245 14
13 4 2 1270 46
47 5 0 1232 99
45 4 2 1316 2
4 4 10 1217 3
40 4 2 1318 33
8 3 11 1209 92
41 3 7 1122 27
29 5 12 1286 49
16 3 10 1220 67
19 1 4 1286 83
0 4 11 1301 59
3 5 9 1212 56
40 5 12 1351 57
16 4 4 1369 20
33 6 2 1351 49
19 2 11 1369 65
46 4 6 1143 13
1 2 6 1156 15
46 5 14 1215 71
34 5 7 1149 71
1 3 10 1287 72
2 2 3 1259 84
2 3 11 1434 4
9 1 9 1268 38
30 5 2 1400 70
37 4 2 1470 9
10 3 7 1220 45
48 4 4 1389 17
38 5 0 1331 86
1 4 1 1359 38
12 5 7 1265 18
29 6 5 1335 24
18 5 12 1408 7
36 7 10 1359 44
43 5 6 1171 45
25 6 2 1479 87
44 4 11 1438 1
49 6 10 1403 95
44 5 10 1498 13
23 4 0 1417 78
43 6 3 1343 10
28 8 11 1439 23
24 2 9 1306 79
42 8 1 1397 58
36 8 14 1403 80
8 4 5 1359 81
25 7 11 1566 33
31 4 4 1406 67
41 4 6 1216 95
24 3 5 1440 5
41 5 14 1483 99
26 5 7 1283 76
18 6 13 1415 42
13 5 11 1599 48
30 6 14 1582 9
20 7 5 1445 20
46 6 5 1465 37
42 9 14 1591 60
12 6 5 1502 7
35 3 3 1353 57
47 6 4 1473 86
8 5 4 1559 94
15 5 5 1509 98
38 6 9 1417 2
15 6 3 1607 92
34 6 12 1415 98
10 4 13 1457 7
27 5 10 1511 1
10 5 5 1607 83
27 6 8 1512 37
45 5 7 1359 85
39 3 2 1566 83
27 7 9 1549 39
2 4 0 1495 19
31 5 0 1514 58
31 6 10 1572 61
35 4 6 1410 38
29 7 0 1572 50
0 5 6 1448 66
1 5 11 1647 52
9 2 6 1514 82
19 3 13 1464 94
1 6 2 1699 14
2 5 5 1690 35
3 6 10 1633 87
43 7 2 1713 45
9 3 10 1720 99
19 4 9 1588 6
46 7 8 1549 60
34 7 3 1699 39
34 8 10 1819 14
9 4 8 1819 77
18 7 11 1699 85
35 5 9 1594 80
30 7 0 1622 66
37 5 13 1558 24
18 8 0 1784 84
36 9 4 1653 55
25 8 5 1725 41
27 8 1 1588 30
45 6 1 1618 97
23 5 5 1766 64
39 4 9 1674 76
12 7 1 1715 68
27 9 12 1618 78
35 6 11 1784 43
40 6 7 1444 89
10 6 8 1896 88
48 5 12 1696 29
41 6 12 1725 17
26 6 6 1596 87
3 7 7 1720 2
11 7 13 1582 65
26 7 12 1742 36
8 6 12 1778 5
7 5 1 1783 33
8 7 9 1783 21
32 8 4 1708 93
14 7 12 1783 82
7 6 2 1816 66
12 8 14 1783 19
47 7 13 1647 27
0 6 5 1830 50
48 6 3 1738 15
11 8 14 1802 17
49 7 12 1865 83
23 6 6 1830 26
43 8 0 1868 6
28 9 12 1948 49
24 4 11 1827 85
37 6 7 1722 59
16 5 2 1882 41
39 5 0 1874 79
17 6 3 1753 30
17 7 0 1953 10
5 6 11 1912 45
14 8 8 1984 26
25 9 4 1801 99
28 10 13 1997 65
26 8 0 1963 24
33 7 12 1997 26
30 8 12 2023 18
16 6 0 1987 74
4 5 1 1816 73
20 8 2 1923 59
5 7 8 2010 14
40 7 9 1804 60
21 6 5 1880 11
14 9 13 2062 7
0 7 9 1880 53
33 8 14 2023 10
31 7 1 1889 72
34 9 8 2024 38
41 7 2 1982 31
49 8 9 1948 3
23 7 4 1900 86
32 9 9 1951 66
28 11 0 2062 1
24 5 0 2063 29
21 7 0 2092 99
37 7 1 1961 72
9 5 1 2033 17
20 9 4 1986 90
40 8 8 2062 64
25 10 1 2050 2
1 7 9 2017 69
7 7 14 2033 4
3 8 5 1891 85
26 9 14 2037 21
32 10 13 2069 47
14 10 4 2076 55
7 8 11 2037 89
35 7 13 2116 64
47 8 7 1781 18
29 8 9 2086 29
38 7 12 2041 43
28 12 3 2063 57
5 8 9 2115 79
39 6 7 1953 53
6 5 0 2191 99
38 8 3 2120 57
20 10 8 2126 31
24 6 12 2092 73
13 6 9 2194 14
30 9 1 2052 40
20 11 13 2180 23
47 9 8 2157 56
17 8 9 2208 72
1 8 8 2213 19
30 10 10 2092 33
16 7 14 2061 96
10 7 10 2125 47
39 7 6 2006 72
5 9 5 2194 90
14 11 7 2131 22
25 11 0 2290 44
28 13 7 2153 56
26 10 1 2092 88
33 9 10 2172 86
30 11 13 2203 54
16 8 7 2209 87
0 8 13 2257 45
8 8 2 2013 69
34 10 11 2126 74
10 8 12 2172 22
10 9 0 2334 90
45 7 4 2131 90
39 8 12 2194 40
2 6 4 2221 22
9 6 7 2296 9
19 5 8 2232 96
6 6 1 2290 87
11 9 5 2284 75
49 9 7 2305 30
23 8 12 2234 83
43 9 11 2200 57
28 14 5 2359 92
24 7 13 2302 9
37 8 5 2451 30
16 9 13 2311 20
39 9 3 2234 37
17 9 4 2280 6
17 10 12 2317 6
5 10 12 2323 78
14 12 14 2157 21
25 12 8 2334 16
26 11 4 2286 43
33 10 0 2424 1
30 12 8 2350 60
16 10 1 2377 84
0 9 1 2461 1
20 12 3 2271 99
7 9 7 2335 60
6 7 6 2377 11
29 9 14 2178 38
32 11 10 2258 32
22 4 2 2082 48
13 7 8 2410 45
47 10 14 2216 19
22 5 3 2370 47
30 13 7 2410 92
30 14 6 2502 88
33 11 3 2425 32
4 6 9 2280 16
21 8 2 2191 35
33 12 7 2502 38
32 12 8 2455 42
19 6 7 2540 34
23 9 2 2317 41
25 13 14 2350 83
49 10 13 2335 39
6 8 2 2388 45
13 8 6 2590 31
24 8 4 2329 74
13 9 0 2621 35
20 13 9 2370 92
6 9 7 2574 84
4 7 11 2296 62
34 11 6 2621 2
4 8 8 2497 29
38 9 6 2623 36
17 11 11 2358 41
14 13 1 2462 85
40 9 4 2403 36
5 11 14 2433 56
7 10 5 2481 51
38 10 11 2659 53
44 6 7 2658 50
47 11 3 2457 73
3 9 6 2659 60
14 14 6 2719 66
26 12 8 2526 89
10 10 6 2785 11
16 11 12 2461 77
39 10 13 2374 66
17 12 13 2440 39
5 12 4 2489 37
25 14 9 2462 91
26 13 5 2615 78
33 13 8 2615 48
16 12 9 2553 72
0 10 2 2462 68
8 9 8 2663 61
38 11 4 2712 18
23 10 14 2489 62
42 10 13 2479 12
32 13 2 2530 75
24 9 7 2708 69
34 12 9 2625 12
37 9 8 2724 50
21 9 12 2538 77
15 7 4 2730 42
15 8 8 2774 67
9 7 14 2551 21
27 10 2 2605 52
40 10 11 2712 75
45 8 0 2656 83
21 10 10 2615 89
1 9 3 2530 29
43 10 8 2841 35
7 11 6 2796 13
18 9 9 2637 89
3 10 2 2719 97
11 10 1 2547 65
26 14 2 2816 53
36 10 11 2787 75
8 10 13 2724 50
27 11 0 2739 52
7 12 12 2809 33
15 9 12 2842 57
12 9 10 2704 63
35 8 10 2767 23
47 12 1 2612 76
42 11 2 2869 48
0 11 12 2899 77
29 10 8 2876 47
48 7 14 2572 81
11 11 0 2791 79
48 8 0 2870 31
38 12 14 2730 22
5 13 3 2559 61
39 11 1 2688 3
6 10 12 2976 20
46 8 3 2620 50
11 12 3 2870 83
7 13 9 2842 48
38 13 5 2752 92
21 11 11 2862 98
42 12 7 2917 93
27 12 4 2791 64
3 11 8 2923 51
0 12 4 2976 37
11 13 11 2960 45
34 13 5 2844 93
43 11 4 3013 76
22 6 0 2901 78
18 10 3 2953 40
24 10 10 2790 23
13 10 12 2996 95
46 9 13 2774 30
36 11 6 2862 69
42 13 3 3010 77
12 10 8 2974 18
18 11 8 2993 42
35 9 8 3035 88
47 13 6 2931 82
8 11 14 2774 99
3 12 4 3089 39
42 14 6 3087 32
38 14 1 2844 40
36 12 9 2931 34
17 13 7 3010 71
36 13 8 3123 44
15 10 10 2899 40
1 10 4 3128 3
48 9 2 2917 79
48 10 13 2996 54
34 14 14 2937 85
15 11 0 2979 78
47 14 12 3091 78
16 13 8 3167 91
10 11 14 3022 6
12 11 9 2992 80
45 9 5 2937 76
23 11 1 2884 53
39 12 10 2939 52
12 12 13 3072 19
27 13 11 3005 88
2 7 1 2937 50
31 8 5 3013 60
35 10 1 3123 74
40 11 10 2991 49
29 11 7 3081 3
46 10 11 3093 56
43 12 7 3089 46
44 7 3 3087 64
49 11 3 3151 92
23 12 7 3135 35
43 13 10 3135 87
29 12 6 3119 53
37 10 11 3149 81
36 14 3 3243 30
3 13 13 3128 34
5 14 2 2996 96
17 14 2 3092 4
8 12 7 3170 49
44 8 4 3151 82
21 12 6 3172 63
31 9 9 3073 84
41 8 5 3073 87
29 13 13 3172 89
32 14 12 3169 13
29 14 11 3261 70
11 14 4 3233 52
23 13 13 3261 84
24 11 1 3197 80
37 11 0 3230 7
21 13 8 3258 59
15 12 6 3235 19
37 12 3 3273 53
15 13 9 3254 52
9 8 13 3345 15
20 14 1 3277 53
27 14 6 3254 75
40 12 5 3160 13
45 10 11 3331 65
21 14 3 3326 99
24 12 6 3329 82
15 14 7 3306 14
9 9 5 3360 43
40 13 6 3411 36
1 11 5 3403 48
43 14 14 3222 25
7 14 4 3285 70
18 12 4 3355 92
3 14 1 3330 89
8 13 0 3237 26
35 11 14 3247 5
0 13 10 3222 61
48 11 8 3317 50
48 12 7 3367 73
16 14 5 3451 37
10 12 11 3396 22
12 13 6 3447 23
45 11 3 3425 46
23 14 11 3418 45
39 13 8 3367 33
12 14 0 3470 39
2 8 13 3360 68
31 10 14 3252 88
35 12 5 3488 16
40 14 3 3471 65
46 11 0 3509 10
44 9 2 3233 55
49 12 11 3463 47
37 13 6 3470 69
8 14 3 3536 83
44 10 5 3504 42
49 13 2 3510 49
31 11 7 3440 23
19 7 10 3283 7
31 12 8 3463 17
49 14 1 3559 45
6 11 10 3290 9
18 13 14 3447 91
13 11 10 3299 75
45 12 13 3471 71
13 12 7 3463 61
13 13 5 3546 44
45 13 8 3542 42
4 9 12 3182 68
41 9 13 3542 34
19 8 0 3519 49
0 14 3 3619 17
33 14 1 3604 93
19 9 2 3568 25
46 12 7 3524 62
1 12 12 3451 11
46 13 10 3586 76
1 13 7 3586 54
2 9 2 3593 28
2 10 12 3621 96
9 10 2 3621 39
37 14 10 3662 3
10 13 2 3660 40
48 13 11 3510 2
1 14 13 3640 28
18 14 6 3539 77
44 11 0 3568 14
44 12 6 3616 35
24 13 3 3636 34
31 13 11 3512 71
41 10 8 3584 28
24 14 2 3700 88
41 11 10 3665 16
13 14 4 3590 71
46 14 4 3662 57
35 13 12 3717 50
10 14 9 3700 51
45 14 14 3584 61
39 14 11 3583 9
2 11 14 3717 23
31 14 3 3670 13
35 14 0 3767 1
9 11 11 3660 39
19 10 3 3683 47
2 12 9 3751 74
9 12 12 3767 80
19 11 6 3730 8
9 13 0 3847 19
48 14 1 3697 86
41 12 4 3719 16
6 12 4 3735 71
22 7 11 3699 59
22 8 12 3847 58
4 10 13 3668 14
44 13 12 3905 15
44 14 1 3920 47
41 13 9 3825 94
41 14 3 3919 14
22 9 10 3905 73
2 13 7 3825 90
2 14 8 3915 51
22 10 4 3978 3
6 13 13 3806 50
6 14 11 3856 54
4 11 14 3740 38
4 12 2 3788 90
22 11 8 3981 28
22 12 7 4009 13
4 13 6 3878 56
19 12 5 3738 93
19 13 14 3831 67
4 14 4 3981 32
19 14 1 3967 50
9 14 3 3933 43
22 13 13 4022 72
22 14 6 4094 9
