15 0 3 0 33
13 0 5 0 64
11 0 9 0 71
3 0 13 0 79
16 0 10 0 51
25 0 10 51 85
5 0 2 0 6
9 0 10 136 14
10 0 13 79 87
43 0 7 0 97
44 0 11 0 78
45 0 1 0 3
23 0 0 0 19
13 1 10 150 29
13 2 2 179 35
36 0 3 33 22
33 0 4 0 85
12 0 8 0 58
8 0 7 97 26
29 0 8 58 98
3 1 4 85 66
33 1 13 166 82
15 1 4 151 89
20 0 4 240 65
43 1 3 97 96
11 1 14 71 9
11 2 7 123 73
26 0 11 78 58
19 0 3 193 98
34 0 9 71 75
49 0 12 0 24
19 1 11 291 97
46 0 14 80 38
16 1 3 291 57
15 2 7 240 48
47 0 10 179 22
24 0 8 156 9
26 1 0 136 95
15 3 9 288 20
19 2 12 388 37
16 2 9 348 69
24 1 5 165 75
43 2 10 201 29
1 0 2 214 14
41 0 6 0 64
34 1 13 248 74
5 1 0 231 61
21 0 7 288 86
8 1 14 123 36
29 1 3 348 38
10 1 4 305 74
43 3 1 230 68
26 2 5 240 31
18 0 7 374 82
47 1 5 271 7
40 0 8 165 9
4 0 9 417 5
34 2 3 386 84
39 0 6 64 98
11 3 6 196 90
12 1 10 230 47
14 0 13 322 85
40 1 2 228 89
4 1 3 470 65
35 0 12 425 16
46 1 11 388 15
48 0 14 159 5
30 0 2 317 5
47 2 7 456 89
7 0 2 322 50
26 3 8 271 99
44 1 13 407 44
7 1 13 451 77
35 1 6 441 66
10 2 14 379 84
3 2 9 422 39
0 0 11 403 30
41 1 4 379 92
11 4 11 433 58
16 3 14 463 74
14 1 1 407 98
18 1 3 535 63
33 2 10 277 13
33 3 5 290 89
35 2 11 507 24
1 1 8 370 51
7 2 14 537 11
32 0 0 292 75
4 2 4 535 93
32 1 13 528 13
38 0 13 541 20
9 1 5 379 16
9 2 7 545 56
1 2 14 548 6
6 0 6 507 16
25 1 11 531 90
20 1 2 372 64
42 0 13 561 68
20 2 1 505 28
48 1 12 441 59
33 4 8 421 34
3 3 11 621 61
27 0 11 682 13
17 0 9 461 68
37 0 13 629 28
44 2 8 455 69
21 1 8 524 86
1 3 1 554 33
9 3 3 601 74
23 1 9 529 17
36 1 10 290 16
21 2 5 610 72
5 2 5 682 92
33 5 2 455 10
2 0 13 657 39
40 2 7 601 82
34 3 5 774 71
30 1 6 523 40
17 1 12 529 91
6 1 1 587 29
1 4 0 587 17
22 0 8 610 96
26 4 9 546 89
13 3 4 628 6
14 2 11 695 44
1 5 10 604 22
19 3 4 634 95
2 1 0 696 26
12 2 7 683 95
18 2 6 598 18
16 4 0 722 95
13 4 7 778 90
44 3 1 616 25
42 1 9 635 87
25 2 3 675 94
30 2 7 868 27
49 1 2 465 95
41 2 8 706 8
49 2 10 626 67
38 1 8 714 22
43 4 8 736 96
14 3 7 895 85
44 4 12 641 48
43 5 5 845 69
1 6 6 626 63
5 3 3 774 22
26 5 4 729 92
24 2 7 980 67
6 2 9 722 93
44 5 4 821 77
35 3 4 898 6
6 3 2 815 89
37 1 12 689 23
28 0 2 904 40
48 2 10 693 22
18 3 12 712 32
42 2 12 744 88
10 3 6 689 78
6 4 7 1047 61
42 3 3 832 72
10 4 3 904 49
16 5 7 1108 79
34 4 12 845 54
7 3 4 904 79
35 4 1 904 81
45 1 11 739 80
39 1 11 819 88
41 3 9 815 48
39 2 3 953 38
41 4 2 944 75
41 5 5 1019 29
43 6 0 914 95
9 4 12 899 92
40 3 13 696 81
48 3 6 767 59
4 3 7 1187 90
17 2 13 777 5
1 7 12 991 71
18 4 13 782 69
25 3 8 832 15
30 3 13 895 93
17 3 14 782 50
22 1 13 988 82
2 2 5 1048 79
18 5 14 851 82
41 6 13 1070 69
28 1 12 1062 44
45 2 10 819 70
39 3 4 991 95
41 7 1 1139 33
43 7 11 1009 90
13 5 9 868 42
14 4 3 991 45
1 8 7 1277 14
19 4 6 826 93
12 3 11 1099 34
18 6 0 1009 76
16 6 13 1187 37
49 3 3 1036 85
42 4 14 933 84
30 4 8 988 65
49 4 4 1121 8
49 5 0 1129 15
38 2 2 1019 90
14 5 8 1053 64
44 6 2 1109 1
5 4 12 1106 18
24 3 2 1110 4
37 2 1 1172 66
28 2 7 1291 17
42 5 5 1127 26
10 5 2 1114 45
16 7 12 1224 82
7 4 3 1121 98
45 3 7 1308 59
38 3 7 1367 84
37 3 2 1238 27
12 4 13 1224 14
13 6 12 1306 36
0 1 3 1219 16
27 1 0 1144 57
31 0 13 1238 39
24 4 6 1114 8
10 6 5 1159 44
19 5 0 1201 56
19 6 13 1277 46
46 2 1 1238 18
15 4 8 1117 95
47 3 2 1265 39
46 3 8 1256 76
15 5 5 1212 57
5 5 1 1256 52
8 2 12 1342 79
29 2 6 1122 53
27 2 8 1332 45
12 5 1 1308 11
14 6 5 1269 33
9 5 6 1175 33
35 5 9 985 26
48 4 4 1129 68
30 5 3 1235 93
7 5 10 1219 66
44 7 10 1285 70
7 6 7 1451 23
10 7 8 1377 53
3 4 1 1319 57
23 2 1 1376 55
11 5 12 1421 16
16 8 6 1306 75
28 3 4 1308 94
19 7 8 1430 85
14 7 4 1402 49
12 6 2 1319 2
40 4 9 1011 16
33 6 1 1431 95
20 3 3 1328 46
49 6 13 1323 73
42 6 8 1515 11
30 6 1 1526 7
24 5 11 1133 70
39 4 8 1526 87
13 7 3 1374 29
0 2 12 1437 71
49 7 14 1396 52
38 4 11 1451 14
14 8 2 1451 23
44 8 6 1381 14
24 6 13 1396 38
6 5 10 1355 47
16 9 11 1465 20
28 4 13 1434 39
19 8 5 1515 7
14 9 6 1474 84
12 7 3 1403 52
40 5 3 1455 40
20 4 13 1473 27
29 3 1 1533 98
28 5 8 1613 49
10 8 9 1430 83
45 4 5 1522 43
30 7 10 1533 39
37 4 8 1662 49
12 8 14 1455 29
42 7 7 1526 95
38 5 12 1508 36
5 6 4 1451 82
24 7 4 1533 1
0 3 0 1508 30
5 7 6 1558 48
31 1 5 1565 18
37 5 0 1711 46
15 6 11 1485 8
15 7 14 1493 19
43 8 9 1513 67
10 9 12 1544 28
14 10 0 1757 53
46 4 5 1583 21
47 4 11 1493 44
7 7 9 1580 15
10 10 7 1621 3
31 2 2 1583 17
36 2 4 1534 45
27 3 2 1600 71
31 3 12 1600 93
31 4 1 1693 8
44 9 9 1595 25
7 8 6 1606 24
35 6 8 1711 68
14 11 14 1810 17
33 7 3 1526 38
1 9 9 1620 87
15 8 12 1693 21
47 5 4 1579 41
46 5 13 1604 82
47 6 3 1620 41
19 9 9 1707 78
12 9 12 1714 65
8 3 2 1671 92
29 4 12 1779 41
8 4 13 1763 93
46 6 0 1810 84
3 5 6 1630 96
23 3 8 1779 53
41 8 12 1820 83
11 6 4 1620 90
16 10 4 1710 49
28 6 0 1894 52
19 10 7 1785 71
14 12 9 1827 48
12 10 9 1875 86
40 6 14 1827 74
33 8 6 1726 4
20 5 10 1572 53
8 5 8 1856 11
29 5 7 1856 63
28 7 9 1961 17
10 11 0 1946 48
45 5 3 1661 54
47 7 14 1901 83
7 9 5 1630 41
26 6 1 1701 18
44 10 3 1715 95
7 10 1 1719 8
35 7 5 1779 41
3 6 12 1903 98
23 4 6 1832 89
41 9 11 1903 19
11 7 5 1820 54
16 11 8 1867 38
18 7 5 1874 39
33 9 14 1984 10
35 8 0 1994 2
1 10 3 1810 58
32 2 4 1759 48
4 4 11 1922 64
32 3 10 1807 13
38 6 10 1820 5
9 6 2 1763 93
9 7 0 1996 68
1 11 4 1868 37
6 6 4 1905 25
25 4 2 1856 73
20 6 12 2001 6
42 8 10 1825 94
48 5 13 1856 99
3 7 2 2001 54
27 4 1 1727 16
17 4 6 1921 32
37 6 7 1919 49
21 3 3 1868 13
23 5 12 2007 40
36 3 13 1955 56
21 4 13 2011 69
5 8 9 1978 32
2 3 6 1953 10
40 7 12 2047 27
34 5 14 1994 53
30 8 14 2047 42
17 5 2 2055 48
22 2 14 2089 2
47 8 9 2010 54
46 7 9 2064 53
47 9 0 2064 87
8 6 6 1963 18
29 6 11 1986 2
12 11 4 1961 60
35 9 13 2080 87
48 6 8 1955 41
30 9 11 2089 8
7 11 11 2097 57
44 11 14 2091 25
7 12 12 2154 68
10 12 11 2154 6
3 8 10 2055 88
23 6 5 2047 3
41 10 14 2116 97
11 8 10 2143 48
16 12 1 1905 78
28 8 5 2050 79
19 11 1 1983 69
12 12 5 2129 13
40 8 0 2151 33
33 10 12 2222 84
49 8 7 1968 12
42 9 4 2021 90
30 10 9 2117 29
49 9 5 2142 39
38 7 9 2146 80
6 7 11 2160 38
28 9 11 2198 44
16 13 2 2103 97
45 6 14 2213 54
39 5 2 2200 69
13 8 13 2167 57
0 4 14 2267 78
31 5 6 1981 57
4 5 0 2184 30
35 10 2 2269 86
37 7 4 2111 64
44 12 0 2214 53
21 5 0 2267 39
9 8 13 2224 70
23 7 7 2050 3
36 4 9 2226 8
21 6 10 2306 98
5 9 7 2053 73
33 11 7 2306 88
2 4 14 2345 48
40 9 1 2184 33
34 6 6 2047 86
30 11 5 2181 27
6 8 0 2306 28
1 12 11 2242 55
10 13 10 2404 52
4 6 8 2214 93
35 11 14 2393 71
48 7 7 2394 27
7 13 0 2334 52
45 7 2 2355 59
26 7 6 2133 42
18 8 8 2307 72
38 8 6 2226 99
37 8 10 2456 43
13 9 1 2224 39
0 5 9 2345 46
27 5 6 2325 90
31 6 4 2175 66
24 8 9 2391 99
46 8 4 2241 18
15 9 2 2414 36
47 10 12 2306 86
46 9 12 2392 74
5 10 8 2379 49
8 7 0 2386 71
11 9 13 2294 64
33 12 11 2394 65
20 7 8 2428 71
49 10 6 2415 16
5 11 10 2499 16
2 5 11 2459 48
34 7 1 2263 11
17 6 4 2259 39
22 3 5 2208 4
39 6 10 2515 99
12 13 6 2431 5
14 13 12 2466 31
4 7 10 2614 88
48 8 2 2450 62
26 8 2 2512 95
10 14 1 2456 53
22 4 12 2497 27
26 9 3 2607 7
13 10 14 2464 52
1 13 13 2358 73
2 6 4 2507 97
18 9 1 2509 90
16 14 5 2212 73
13 11 6 2516 39
42 10 11 2507 8
25 5 7 2421 50
49 11 8 2499 62
41 11 0 2457 74
32 4 14 2516 39
38 9 4 2604 93
9 9 8 2561 38
6 9 13 2431 46
25 6 14 2555 81
42 11 0 2531 17
27 6 13 2477 25
17 7 7 2471 81
37 9 6 2555 12
21 7 12 2524 28
36 5 7 2552 62
21 8 11 2552 32
5 12 14 2636 76
2 7 3 2614 22
46 10 6 2567 59
47 11 6 2626 7
7 14 8 2599 30
31 7 0 2548 76
36 6 14 2712 20
27 7 9 2502 52
31 8 3 2636 28
44 13 7 2614 64
35 12 10 2702 32
1 14 5 2431 78
15 10 6 2633 65
42 12 1 2599 53
39 7 13 2614 85
41 12 7 2678 98
39 8 7 2776 75
41 13 10 2776 3
41 14 3 2779 39
43 9 13 2699 53
9 10 14 2732 64
40 10 10 2779 15
48 9 11 2584 80
4 8 6 2702 91
17 8 0 2624 32
18 10 11 2664 4
25 7 4 2697 26
30 12 12 2552 57
17 9 8 2656 68
22 5 11 2668 43
2 8 7 2851 89
18 11 2 2668 54
28 10 1 2652 70
45 8 13 2752 29
39 9 5 2851 39
43 10 2 2752 23
29 7 4 2723 68
27 8 14 2796 72
14 14 10 2794 11
9 11 9 2796 79
35 13 3 2818 34
48 10 5 2890 30
30 13 4 2791 17
44 14 5 2920 39
3 9 3 2852 21
23 8 4 2808 14
11 10 3 2873 17
40 11 6 2794 78
33 13 9 2875 25
20 8 14 2868 12
49 12 1 2722 61
5 13 13 2781 55
2 9 9 2940 1
40 12 5 2959 58
34 8 4 2822 72
30 14 0 2808 77
17 10 11 2724 92
22 6 10 2805 35
47 12 1 2783 70
46 11 10 2840 61
39 10 9 2941 77
11 11 1 2890 63
40 13 11 3017 79
4 9 5 3017 47
46 12 3 2901 11
48 11 3 2920 37
47 13 13 2853 55
26 10 14 2880 81
22 7 9 3018 73
26 11 10 2961 47
13 12 8 2724 93
2 10 12 2941 3
18 12 10 3008 79
13 13 0 2885 21
19 12 10 3087 47
12 14 0 2906 16
18 13 9 3091 81
49 13 11 3096 9
42 13 2 2775 92
49 14 9 3172 53
38 10 1 2953 67
5 14 11 3105 38
24 9 0 2922 49
37 10 9 3225 95
28 11 3 2957 1
42 14 6 2872 6
45 9 6 2878 62
38 11 0 3020 58
37 11 5 3320 38
13 14 11 3143 77
0 6 1 3020 18
27 9 12 2944 11
31 9 8 2817 21
24 10 1 3038 43
19 13 14 3134 41
19 14 2 3175 64
46 13 2 3239 58
25 8 1 3081 91
32 5 7 2940 16
38 12 3 3078 37
9 12 11 3220 8
6 10 14 3175 93
25 9 5 3358 10
20 9 5 3368 15
48 12 1 3172 60
3 10 0 3078 92
27 10 10 3134 21
17 11 3 3115 74
37 12 3 3358 31
21 9 6 2940 64
23 9 3 3389 40
36 7 12 2955 84
21 10 2 3297 21
2 11 8 2944 44
40 14 4 3096 28
34 9 10 3155 27
17 12 10 3189 27
22 8 2 3318 97
47 14 8 2988 73
46 14 7 3297 10
8 8 1 3232 26
29 8 9 3320 28
17 13 5 3383 60
22 9 3 3429 21
26 12 13 3008 53
2 12 2 3415 9
18 14 4 3172 72
25 10 0 3368 58
38 13 5 3443 13
43 11 4 3244 18
43 12 14 3268 54
24 11 14 3322 74
37 13 11 3389 49
28 12 10 3216 67
34 10 2 3424 89
45 10 4 3262 89
39 11 1 3258 57
39 12 14 3396 82
43 13 6 3322 49
4 10 14 3478 26
17 14 1 3443 59
2 13 10 3424 77
25 11 6 3426 32
4 11 12 3504 79
0 7 6 3458 32
32 6 8 3061 69
32 7 1 3502 39
25 12 9 3458 78
20 10 7 3383 61
20 11 6 3490 89
27 11 4 3351 27
21 11 1 3541 86
36 8 11 3438 87
2 14 1 3627 40
22 10 7 3450 78
24 12 12 3583 31
0 8 2 3513 34
31 10 7 3528 2
37 14 14 3504 18
15 11 10 3501 37
15 12 0 3538 93
43 14 12 3614 18
31 11 9 3536 82
36 9 8 3525 59
27 12 5 3456 34
31 12 11 3618 66
31 13 10 3684 77
35 14 7 3530 69
33 14 0 3631 50
15 13 13 3631 4
8 9 5 3490 95
29 9 2 3547 75
8 10 11 3684 14
3 11 7 3599 3
23 10 2 3622 69
11 12 8 3584 64
28 13 6 3579 1
20 12 11 3698 56
8 11 9 3698 86
29 10 10 3761 14
28 14 14 3580 8
45 11 9 3784 3
26 13 12 3632 94
3 12 14 3602 39
23 11 13 3691 50
11 13 0 3681 98
32 8 3 3541 35
4 12 1 3667 3
32 9 9 3787 75
38 14 14 3641 55
9 13 4 3378 69
9 14 1 3670 74
6 11 12 3726 68
25 13 13 3741 1
20 13 0 3779 35
48 13 0 3814 76
3 13 8 3648 21
27 13 3 3576 89
21 12 4 3627 50
23 12 10 3775 20
3 14 5 3669 73
23 13 14 3795 41
11 14 2 3779 96
20 14 9 3862 9
8 12 4 3784 41
29 11 14 3836 21
45 12 0 3890 59
26 14 7 3726 52
23 14 11 3836 30
32 10 6 3862 85
4 13 2 3875 77
32 11 5 3947 55
34 11 7 3778 60
45 13 12 3949 79
24 13 10 3795 9
0 9 13 3742 88
31 14 14 3857 94
15 14 1 3744 2
36 10 2 3952 53
27 14 7 3838 27
8 13 3 3825 3
29 12 13 3857 8
8 14 10 3828 47
29 13 5 4002 65
45 14 8 4028 8
32 12 11 4002 45
4 14 13 3952 39
32 13 12 4047 55
34 12 8 4036 25
22 11 0 3949 95
29 14 0 4067 1
48 14 9 3890 4
6 12 3 3828 99
39 13 0 4068 96
0 10 7 3865 94
0 11 4 3959 85
24 14 3 3927 1
36 11 1 4005 81
21 13 9 3894 8
34 13 11 4061 17
6 13 5 4067 41
22 12 6 4044 76
25 14 12 4102 7
32 14 2 4102 85
6 14 8 4108 59
21 14 14 3951 90
36 12 0 4164 43
34 14 0 4207 86
22 13 1 4120 73
22 14 4 4193 89
39 14 12 4164 52
0 12 5 4108 83
0 13 8 4191 30
0 14 10 4221 73
36 13 5 4207 3
36 14 6 4210 22
