32 0 13 0 80
7 0 7 0 28
1 0 1 0 19
34 0 4 0 4
34 1 3 4 86
27 0 7 28 37
23 0 9 0 14
14 0 8 0 46
19 0 14 0 57
36 0 12 0 69
27 1 8 65 92
3 0 0 0 72
28 0 2 0 79
37 0 0 72 22
37 1 5 94 5
3 1 12 72 73
39 0 12 145 21
33 0 0 94 77
25 0 1 19 36
36 1 10 69 80
25 1 11 55 35
14 1 4 46 88
25 2 8 157 70
0 0 11 90 86
43 0 1 55 62
18 0 12 166 6
20 0 3 90 24
22 0 6 0 42
15 0 8 227 12
13 0 11 176 46
43 1 7 117 31
38 0 2 79 93
7 1 9 28 78
29 0 7 148 74
6 0 11 222 81
42 0 4 134 44
19 1 8 239 47
32 1 2 172 80
39 1 3 166 20
4 0 3 186 21
34 2 11 303 56
21 0 7 222 77
2 0 9 106 29
34 3 13 359 86
10 0 5 99 32
10 1 14 131 6
36 2 4 178 59
45 0 2 252 3
9 0 12 172 45
12 0 8 286 71
47 0 9 135 56
11 0 7 299 81
3 2 3 207 67
40 0 5 131 86
49 0 11 359 8
48 0 12 217 25
2 1 7 380 80
6 1 3 303 53
40 1 10 217 2
47 1 14 191 77
15 1 2 255 10
13 1 6 222 69
24 0 2 265 6
35 0 7 460 39
40 2 12 242 20
48 1 0 242 86
28 1 0 328 15
28 2 11 367 44
37 2 4 237 28
36 3 1 237 98
1 1 0 343 76
32 2 1 335 22
29 1 11 411 69
45 1 14 268 57
6 2 9 356 37
33 1 3 356 19
48 2 10 328 32
0 1 1 357 13
42 1 8 357 8
0 2 2 370 65
4 1 1 370 78
49 1 3 375 95
39 2 10 360 89
23 1 2 435 28
6 3 2 463 84
33 2 14 375 9
48 3 4 360 31
0 3 8 435 20
42 2 9 393 53
0 4 5 455 76
44 0 7 499 71
44 1 4 570 99
38 1 11 480 19
42 3 7 570 45
29 2 9 480 81
48 4 8 455 14
4 2 9 561 3
49 2 5 531 44
26 0 5 575 19
39 3 6 449 38
23 2 3 470 10
4 3 5 594 76
31 0 6 487 93
17 0 1 448 32
32 3 14 384 51
2 2 4 669 63
12 1 1 480 66
16 0 0 419 44
23 3 14 480 6
46 0 7 615 68
35 1 13 499 84
32 4 6 580 71
26 1 3 594 13
39 4 9 564 91
23 4 8 486 27
4 4 10 670 10
31 1 8 580 78
17 1 8 658 73
2 3 0 732 15
12 2 3 607 45
16 1 10 680 46
23 5 1 546 57
46 1 2 683 71
35 2 4 732 98
14 2 3 652 37
30 0 14 486 45
30 1 2 754 87
3 3 11 499 58
0 5 13 583 82
6 4 4 830 33
11 1 11 557 49
38 2 9 655 83
14 3 13 689 75
7 2 0 747 62
45 2 12 325 75
41 0 6 651 47
45 3 7 683 95
44 2 8 731 78
23 6 10 726 54
33 3 7 778 60
26 2 11 607 54
45 4 4 863 6
44 3 10 809 83
30 2 8 841 27
12 3 10 892 27
41 1 13 764 98
13 2 12 400 24
38 3 1 738 58
22 1 11 661 39
47 2 1 796 40
24 1 11 700 13
44 4 3 892 88
26 3 12 661 69
7 3 12 809 17
13 3 13 862 20
26 4 14 730 56
0 6 10 919 42
5 0 5 670 30
8 0 14 786 19
10 2 2 841 42
38 4 7 838 61
43 2 8 868 14
35 3 8 882 95
33 4 9 838 19
47 3 2 883 82
1 2 3 980 77
15 2 5 700 98
19 2 4 869 84
22 2 14 805 60
1 3 9 1057 73
34 4 7 899 49
21 1 8 977 53
2 4 2 965 75
13 4 4 953 37
10 3 12 883 74
10 4 7 957 56
45 5 13 882 31
44 5 13 980 9
24 2 1 836 33
38 5 14 899 7
14 4 1 869 56
10 5 3 1057 38
10 6 6 1095 55
45 6 5 913 79
24 3 9 1130 88
47 4 12 965 75
5 1 4 990 20
35 4 12 1040 22
46 2 11 754 84
11 2 1 925 40
45 7 9 1218 86
15 3 3 1095 15
46 3 13 989 64
47 5 11 1040 92
1 4 5 1130 76
36 4 8 1030 76
9 1 1 965 84
38 6 0 906 88
49 3 10 961 38
26 5 2 1040 32
39 5 0 994 49
23 7 4 1010 62
31 2 7 1013 92
26 6 10 1072 80
14 5 2 1072 77
46 4 8 1106 53
35 5 14 1062 48
32 5 0 1043 25
39 6 2 1149 42
4 5 8 1159 46
31 3 11 1132 44
17 2 6 1150 70
2 5 1 1049 27
31 4 4 1176 20
17 3 2 1220 30
2 6 8 1205 98
12 4 11 1176 79
16 2 4 1196 79
46 5 10 1159 67
35 6 10 1226 28
14 6 12 1149 21
30 3 10 1254 76
30 4 7 1330 64
0 7 14 1110 10
6 5 13 1053 69
11 3 4 1275 57
14 7 6 1220 8
37 3 14 1120 18
9 2 14 1138 52
34 5 5 1206 16
27 2 2 1250 59
19 3 5 1222 84
36 5 5 1306 12
27 3 5 1318 11
3 4 10 1330 14
33 5 2 1309 87
47 6 4 1332 17
18 1 5 1329 27
20 1 4 1349 43
2 7 10 1344 38
12 5 7 1394 75
16 3 7 1469 13
39 7 11 1255 26
4 6 2 1396 98
34 6 0 1222 46
27 4 13 1329 41
19 4 0 1306 92
37 4 13 1370 46
25 3 0 1398 34
25 4 12 1432 60
25 5 3 1492 63
43 3 2 1494 43
18 2 11 1356 79
20 2 13 1416 48
22 3 7 1482 41
7 4 13 1464 38
41 2 7 1523 32
41 3 9 1555 35
7 5 1 1502 66
5 2 10 1382 80
43 4 12 1537 21
18 3 2 1537 59
27 5 4 1392 68
3 5 2 1596 59
33 6 10 1462 60
47 7 7 1555 72
26 7 8 1303 30
18 4 7 1627 77
20 3 11 1464 79
2 8 3 1555 57
12 6 6 1469 71
16 4 6 1540 48
39 8 7 1704 89
4 7 0 1494 12
31 5 2 1655 83
17 4 9 1590 91
8 1 11 1543 4
15 4 4 1460 55
34 7 8 1333 93
21 2 14 1190 1
11 4 6 1588 16
37 5 1 1568 88
37 6 2 1738 10
28 3 5 1356 91
28 4 7 1793 93
13 5 1 1656 53
42 4 6 1604 71
33 7 4 1522 48
49 4 1 1709 6
0 8 4 1570 50
42 5 2 1748 65
17 5 4 1681 63
16 5 14 1588 78
17 6 13 1744 33
21 3 5 1447 99
10 7 10 1522 84
10 8 1 1715 96
24 4 0 1506 92
5 3 8 1462 16
11 5 2 1813 7
15 5 12 1558 48
29 3 0 1598 7
9 3 10 1606 50
49 5 6 1715 95
32 6 12 1606 13
17 7 11 1777 38
12 7 0 1605 88
16 6 11 1815 67
30 5 4 1744 35
30 6 3 1779 4
0 9 12 1620 29
6 6 7 1886 52
11 6 8 1820 13
9 4 11 1882 77
27 6 9 1681 3
27 7 6 1810 6
3 6 13 1777 6
28 5 12 1886 38
3 7 7 1938 70
22 4 12 1924 40
13 6 0 1709 82
43 5 9 1684 58
7 6 3 1783 68
40 3 0 1791 17
40 4 8 1833 48
13 7 9 1791 34
42 6 5 1813 87
8 2 2 1820 66
8 3 12 1964 51
37 7 10 1748 90
37 8 9 1838 80
39 9 14 1793 80
33 8 11 1959 86
25 6 10 1838 90
47 8 5 1900 10
44 6 2 1886 50
26 8 13 1783 49
18 5 3 1851 99
20 4 7 2008 40
2 9 5 1910 80
12 8 13 1832 14
16 7 9 1918 72
46 6 4 1779 44
35 7 11 2045 27
26 9 6 1832 74
39 10 8 1881 10
4 8 13 1846 55
31 6 3 1950 51
17 8 10 1928 42
8 4 13 2015 61
1 5 4 1823 87
15 6 14 1873 91
19 5 2 1936 4
34 8 6 1906 87
21 4 2 1940 39
46 7 12 2015 1
11 7 9 1990 18
37 9 8 1918 53
48 5 9 2008 58
37 10 12 2016 41
28 6 10 1970 90
28 7 13 2076 21
36 6 9 2066 4
29 4 6 1993 71
6 7 6 2064 11
42 7 13 2097 4
4 9 7 2048 92
41 4 3 2001 81
36 7 2 2070 58
19 6 11 2072 62
49 6 14 1964 87
14 8 9 2070 52
31 7 1 2001 68
0 10 9 2122 30
24 5 4 1910 20
30 7 1 2069 57
22 5 9 2152 45
43 6 11 2134 82
7 7 14 2051 6
9 5 2 2128 38
40 5 7 2140 46
48 6 7 2186 31
40 6 6 2186 6
26 10 9 2197 79
42 8 3 2101 35
8 5 4 2076 16
8 6 5 2092 72
1 6 10 2060 61
15 7 1 2126 11
21 5 0 1979 81
45 8 0 2060 95
41 5 1 2137 96
22 6 8 2197 14
5 4 3 2136 76
21 6 1 2233 58
49 7 13 2101 47
17 9 3 2212 82
16 8 2 2166 87
11 8 13 2148 96
38 7 5 2164 17
14 9 0 2155 53
9 6 8 2211 60
33 9 6 2192 50
18 6 14 2057 27
20 5 12 2057 57
2 10 12 2114 56
5 5 13 2244 45
8 7 9 2276 20
10 9 11 2216 86
38 8 12 2181 81
35 8 0 2208 21
18 7 1 2291 26
47 9 10 2121 12
1 7 13 2289 51
15 8 9 2296 28
19 7 9 2324 23
22 7 0 2229 27
1 8 2 2340 61
1 9 6 2401 99
21 7 9 2347 94
2 11 14 2170 54
45 9 3 2294 87
44 7 12 2262 38
24 6 12 2300 79
38 9 3 2381 69
14 10 14 2224 12
45 10 1 2381 66
44 8 0 2300 76
24 7 5 2379 63
47 10 0 2376 48
5 6 1 2447 97
35 9 5 2442 55
46 8 9 2441 63
11 9 10 2244 84
45 11 8 2447 35
15 9 10 2328 42
37 11 6 2500 98
12 9 2 2401 36
16 9 5 2497 64
30 8 9 2504 43
0 11 6 2598 53
6 8 10 2370 2
11 10 5 2561 53
37 12 11 2598 28
9 7 3 2450 2
34 9 12 2379 39
27 8 14 2236 3
19 8 1 2544 56
27 9 10 2372 54
3 8 14 2239 88
28 8 9 2547 42
37 13 7 2626 12
3 9 6 2651 66
33 10 8 2482 7
25 7 14 2327 94
25 8 7 2638 56
25 9 13 2694 27
43 7 4 2216 85
18 8 8 2489 61
20 6 6 2717 90
22 8 1 2600 8
15 10 6 2807 13
13 8 8 2550 54
11 11 14 2614 70
7 8 4 2301 60
41 6 14 2684 42
3 10 8 2717 65
41 7 4 2726 15
22 9 2 2608 29
7 9 5 2614 93
13 9 5 2707 47
5 7 9 2589 70
8 8 7 2694 85
43 8 14 2726 88
18 9 4 2741 11
0 12 3 2651 52
43 9 10 2814 33
18 10 13 2752 20
20 7 9 2807 83
22 10 4 2752 89
15 11 13 2820 85
13 10 10 2847 13
11 12 0 2684 94
39 11 4 2841 15
7 10 11 2707 47
41 8 11 2754 35
3 11 4 2856 96
33 11 1 2608 19
26 11 0 2778 25
30 9 0 2803 98
12 10 14 2814 88
41 9 12 2789 92
22 11 13 2905 92
47 11 3 2703 5
24 8 8 2782 29
26 12 4 2952 69
7 11 6 2820 63
13 11 2 2860 28
5 8 6 2883 54
8 9 6 2937 95
10 10 9 2890 47
43 10 3 2847 39
4 10 4 3021 42
31 8 10 2860 91
17 10 14 2902 71
2 12 11 2789 55
12 11 4 3063 23
16 10 1 2627 21
14 11 5 2754 81
30 10 11 2901 62
30 11 5 2963 49
3 12 9 2952 95
28 9 6 3032 40
3 13 5 3047 56
40 7 9 3047 43
40 8 11 3090 16
42 9 11 3106 9
37 14 3 2886 25
39 12 1 2856 49
33 12 5 3103 14
25 10 2 2888 49
47 12 6 3072 3
44 9 1 2905 85
26 13 1 3021 9
18 11 9 3090 66
20 8 14 2973 8
2 13 6 3075 35
12 12 12 3086 52
16 11 13 2997 58
46 9 0 2901 27
35 10 2 2937 80
26 14 7 3030 51
39 13 13 3055 45
4 11 6 3110 68
19 9 6 3178 99
34 10 2 3017 22
11 13 12 3138 74
36 8 11 3115 24
29 5 8 2811 6
6 9 0 2928 7
42 10 10 3115 30
14 12 11 3139 72
0 13 7 3081 19
9 8 13 3100 50
40 9 1 3106 51
31 9 13 3150 7
17 11 7 3100 70
8 10 10 3145 37
1 10 7 3170 38
15 12 0 2935 15
19 10 13 3277 68
34 11 1 3157 1
21 8 10 3182 41
46 10 3 2928 10
11 14 3 3212 89
48 7 11 3211 62
28 10 1 3158 15
28 11 8 3173 24
36 9 0 3139 86
29 6 4 3086 32
6 10 14 2981 79
42 11 0 3225 56
4 12 14 3178 67
41 10 2 3039 55
36 10 14 3245 45
19 11 10 3345 5
49 8 12 3212 42
14 13 7 3211 79
31 10 9 3157 97
0 14 0 3281 24
24 9 6 3277 97
30 12 13 3345 44
22 12 3 3301 74
13 12 3 3375 78
43 11 6 3374 70
7 12 2 3094 26
9 9 9 3254 65
40 10 2 3157 74
48 8 3 3453 41
40 11 4 3231 81
42 12 14 3290 67
8 11 0 3305 21
8 12 8 3326 94
1 11 12 3254 98
15 13 7 3290 21
21 9 12 3352 93
45 12 10 3350 68
41 11 10 3418 98
22 13 10 3516 97
5 9 2 3231 38
21 10 6 3445 61
49 9 0 3326 72
17 12 5 3170 78
16 12 12 3445 75
38 10 6 3506 76
14 14 10 3613 98
9 10 7 3319 71
33 13 12 3520 52
18 12 6 3582 96
20 9 5 3248 99
2 14 13 3389 15
5 10 11 3273 76
8 13 1 3420 64
10 11 4 3312 38
38 11 13 3582 12
43 12 5 3444 63
35 11 9 3319 10
33 14 13 3594 97
18 13 10 3711 55
47 13 13 3691 13
1 12 8 3420 34
15 14 11 3349 24
19 12 3 3494 31
22 14 5 3613 16
1 13 11 3454 34
34 12 14 3357 71
21 11 4 3506 24
45 13 6 3678 17
44 10 9 3329 97
24 10 7 3390 66
38 12 4 3594 71
45 14 11 3695 18
44 11 14 3428 19
24 11 13 3704 59
47 14 8 3704 33
5 11 14 3447 84
35 12 1 3484 89
46 11 5 3629 21
48 9 2 3494 55
29 7 12 3572 15
46 12 14 3650 50
1 14 14 3700 44
36 11 6 3695 89
9 11 0 3398 67
38 13 8 3737 61
49 10 4 3665 93
39 14 5 3650 59
23 8 13 3763 57
31 11 5 3709 69
46 13 1 3700 13
35 13 3 3573 87
32 7 11 3713 7
23 9 11 3820 98
4 13 11 3918 75
31 12 0 3778 97
17 13 0 3875 15
12 13 5 3778 74
16 13 8 3798 86
23 10 6 3918 32
46 14 6 3950 76
35 14 6 4026 76
30 13 12 3587 75
30 14 6 4102 38
6 11 12 3662 36
9 12 5 3852 95
34 13 10 3766 4
27 10 12 3698 98
19 13 7 3525 83
36 12 3 3784 17
27 11 0 3890 82
3 14 1 3713 16
28 12 4 3758 97
25 11 4 3855 93
24 12 3 3801 2
44 12 5 3947 68
18 14 0 3972 48
20 10 8 3884 29
12 14 9 3852 78
16 14 3 3884 10
32 8 4 3948 88
4 14 12 3993 97
31 13 14 3875 94
17 14 12 4090 80
8 14 3 3894 8
19 14 12 4170 31
21 12 13 3820 32
48 10 5 4015 44
28 13 3 3902 34
28 14 14 3969 27
29 8 2 3587 28
6 12 8 3913 78
42 13 12 4201 68
41 12 5 4059 61
49 11 2 3758 92
31 14 12 4269 58
23 11 5 4120 32
23 12 7 4152 21
6 13 1 3991 92
9 13 6 4140 71
34 14 9 3930 84
27 12 3 3972 21
36 13 7 4173 30
27 13 11 3993 61
25 12 6 4211 27
24 13 10 3803 83
44 13 6 4238 51
20 11 1 4083 8
32 9 10 4036 26
21 13 3 3993 31
48 11 1 4091 13
29 9 3 4024 6
6 14 5 4152 19
42 14 1 4269 90
41 13 8 4120 74
49 12 8 4194 38
24 14 14 3996 20
43 13 0 4020 82
7 13 10 4062 58
9 14 4 4211 24
40 12 14 4016 74
48 12 14 4104 53
40 13 3 4090 64
21 14 11 4054 48
38 14 10 4120 28
7 14 8 4232 46
41 14 0 4194 30
44 14 11 4289 25
23 13 12 4327 61
13 13 7 4203 42
13 14 14 4245 86
5 12 0 4224 55
48 13 6 4289 33
29 10 14 4331 53
36 14 13 4203 81
49 13 9 4232 98
32 10 5 4171 83
5 13 12 4388 93
49 14 7 4330 55
32 11 7 4385 73
25 13 5 4254 39
25 14 9 4330 44
43 14 13 4284 57
20 12 0 4279 40
5 14 7 4481 67
10 12 8 4278 4
27 14 1 4359 95
20 13 10 4319 64
48 14 13 4341 63
20 14 2 4383 57
32 12 3 4458 73
32 13 9 4531 39
10 13 13 4404 72
29 11 5 4384 73
10 14 0 4476 91
29 12 1 4457 65
40 14 13 4476 15
29 13 13 4522 29
29 14 10 4551 37
23 14 0 4567 66
32 14 8 4570 58
