9 0 12 0 79
39 0 4 0 67
36 0 7 0 84
44 0 4 67 84
7 0 3 0 83
39 1 14 67 75
20 0 11 0 39
43 0 7 84 71
0 0 10 0 46
24 0 5 0 60
47 0 11 39 25
13 0 8 0 36
5 0 2 0 31
49 0 11 64 29
3 0 6 0 3
32 0 9 0 2
22 0 2 31 23
10 0 10 46 54
21 0 12 79 15
11 0 5 60 72
20 1 13 39 48
38 0 2 54 93
48 0 7 155 11
19 0 8 36 34
36 1 3 84 47
21 1 4 151 22
4 0 1 0 5
18 0 6 3 40
40 0 14 142 44
46 0 7 166 39
3 1 3 131 94
34 0 2 147 41
23 0 5 132 36
31 0 0 0 22
32 1 10 100 20
1 0 14 186 9
4 1 10 120 53
7 1 2 188 18
1 1 5 195 39
32 2 12 120 49
6 0 0 22 39
0 1 4 173 43
15 0 1 5 65
28 0 2 206 12
16 0 1 70 53
9 1 5 234 23
16 1 0 123 7
21 2 1 173 93
44 1 0 151 50
45 0 9 2 57
6 1 11 93 7
21 3 13 266 85
26 0 14 195 12
21 4 6 351 9
0 2 0 216 25
38 1 10 173 34
27 0 8 70 61
14 0 6 360 43
40 1 3 225 17
41 0 1 266 45
49 1 6 403 60
36 2 8 131 17
5 1 0 241 2
22 1 9 59 20
12 0 1 311 71
31 1 2 218 95
44 2 2 313 74
16 2 8 148 34
39 2 13 351 89
18 1 4 216 55
20 2 7 205 27
43 1 12 169 3
0 3 6 463 99
24 1 12 172 68
47 1 1 382 84
33 0 4 271 12
16 3 3 242 53
4 2 0 243 57
29 0 13 440 57
2 0 11 100 54
41 1 9 311 16
24 2 4 283 84
18 2 1 466 21
18 3 12 487 11
29 1 3 497 56
28 1 12 498 76
19 1 0 300 18
10 1 5 257 54
14 1 7 403 76
37 0 9 327 1
41 2 5 327 96
3 2 4 367 91
11 1 0 318 84
45 1 7 479 22
25 0 14 207 62
7 2 4 458 86
36 3 13 497 38
11 2 14 402 29
35 0 2 387 96
38 2 0 402 6
5 2 8 243 56
46 1 5 423 14
22 2 10 207 46
39 3 0 440 82
42 0 2 483 1
33 1 8 299 45
21 5 0 522 38
35 1 6 562 13
5 3 4 544 64
15 1 8 344 30
41 3 12 574 68
49 2 9 463 27
11 3 10 431 59
46 2 9 490 64
1 2 2 484 58
26 1 2 542 14
25 1 10 490 35
7 3 10 544 89
36 4 9 554 11
11 4 9 565 60
35 2 9 625 73
22 3 7 501 91
24 3 11 367 35
8 0 12 642 32
41 4 7 642 48
22 4 11 592 45
1 3 6 575 16
43 2 14 431 61
43 3 11 637 34
8 1 10 674 11
46 3 14 554 87
28 2 4 608 95
10 2 14 641 54
23 1 9 698 93
31 2 4 703 28
32 3 5 437 32
1 4 3 591 98
7 4 6 633 93
32 4 6 726 49
6 2 2 556 32
43 4 9 791 60
41 5 0 690 30
39 4 5 522 39
39 5 2 588 82
16 4 12 674 43
34 1 14 695 33
41 6 11 720 79
27 1 14 728 62
46 4 4 731 34
23 2 3 791 23
27 2 11 799 33
22 5 4 765 67
21 6 5 561 98
11 5 6 775 98
20 3 14 790 27
48 1 8 374 7
40 2 1 487 26
6 3 13 588 74
0 4 2 670 90
15 2 10 685 49
28 3 13 703 63
29 2 1 553 47
19 2 14 817 99
12 1 12 717 61
12 2 3 814 33
30 0 3 847 12
16 5 2 760 85
45 2 6 873 43
40 3 13 766 73
33 2 0 720 81
29 3 6 916 98
24 4 9 851 92
18 4 0 801 58
14 2 1 600 42
37 1 7 690 14
17 0 2 845 11
17 1 7 856 3
5 4 12 778 55
17 2 14 916 33
49 3 13 839 57
44 3 5 659 16
6 4 8 662 90
26 2 9 943 53
0 5 3 859 21
38 3 5 675 99
27 3 7 859 61
14 3 2 856 59
40 4 5 839 34
41 7 3 880 90
49 4 7 920 79
36 5 10 734 33
5 5 9 996 96
46 5 2 915 33
22 6 8 832 6
39 6 10 767 35
42 1 10 802 62
33 3 11 832 29
21 7 8 838 25
35 3 4 832 16
5 6 6 1092 6
15 3 4 848 14
41 8 14 970 84
49 5 2 999 67
11 6 11 873 41
46 6 1 948 37
1 5 7 999 58
26 3 1 996 20
25 2 2 1066 62
7 5 12 833 63
36 6 11 914 49
11 7 12 914 87
35 4 1 1016 6
22 7 0 859 69
24 5 14 1054 62
8 2 1 1022 18
41 9 6 1098 48
4 3 9 1092 14
7 6 5 896 34
1 6 9 1106 81
32 5 14 1116 17
22 8 5 930 82
31 3 13 896 8
16 6 6 1146 9
39 7 7 1057 58
46 7 0 985 78
15 4 6 1155 64
8 3 4 1040 54
10 3 3 970 59
31 4 5 1012 59
32 6 2 1133 71
1 7 8 1187 51
40 5 6 1219 38
33 4 2 1204 41
4 4 5 1106 90
7 7 13 930 97
11 8 8 1238 27
35 5 0 1063 23
8 4 7 1115 96
10 4 2 1245 49
41 10 10 1146 79
43 5 1 1040 72
46 8 12 1063 84
28 4 14 1133 52
31 5 10 1225 63
32 7 0 1204 79
6 5 4 1094 66
39 8 9 1187 63
34 2 1 1112 80
34 3 11 1192 76
27 4 6 1257 73
10 5 13 1294 68
22 9 3 1029 76
43 6 5 1196 34
8 5 9 1250 67
47 2 0 1283 15
15 5 7 1219 34
38 4 1 1192 4
38 5 3 1196 29
47 3 4 1298 59
13 1 11 1268 23
15 6 13 1362 35
35 6 14 1185 88
16 7 4 1357 64
24 6 8 1265 94
26 4 7 1253 99
36 7 4 1421 9
22 10 6 1330 5
49 6 0 1298 66
26 5 5 1352 30
45 3 10 1288 2
30 1 1 1196 54
3 3 9 1317 2
36 8 5 1430 51
18 5 14 1273 8
18 6 3 1281 38
29 4 10 1290 55
28 5 6 1335 60
19 3 3 1319 28
14 4 10 1345 50
37 2 3 1347 34
3 4 2 1319 50
11 9 2 1369 31
45 4 13 1397 10
35 7 7 1352 72
42 2 1 1250 45
39 9 1 1295 4
34 4 0 1364 74
22 11 12 1335 71
43 7 13 1407 33
8 6 6 1395 73
47 4 9 1357 85
20 4 1 1299 23
15 7 14 1397 66
4 5 4 1430 8
15 8 12 1463 16
4 6 7 1438 52
25 3 3 1381 15
25 4 0 1438 8
38 6 14 1463 24
38 7 4 1487 84
46 9 13 1440 27
47 5 2 1442 53
35 8 3 1424 37
16 8 14 1487 92
24 7 1 1359 89
26 6 8 1382 48
25 5 9 1446 18
49 7 3 1461 22
26 7 3 1483 9
45 5 1 1448 37
30 2 11 1291 73
5 7 14 1579 36
3 5 0 1446 89
32 8 7 1490 25
24 8 3 1492 1
18 7 8 1430 19
18 8 2 1495 25
29 5 11 1364 3
28 6 9 1464 86
19 4 7 1515 2
14 5 14 1615 3
37 3 6 1468 49
3 6 12 1535 78
11 10 1 1485 79
45 6 8 1485 46
35 9 8 1531 33
46 10 6 1517 46
42 3 11 1367 3
33 5 9 1550 87
35 10 13 1564 98
30 3 6 1563 33
4 7 12 1613 76
12 3 5 1481 55
16 9 11 1579 65
36 9 1 1564 26
44 4 11 1644 86
0 6 12 1689 27
43 8 3 1493 69
0 7 1 1716 17
18 9 7 1520 55
7 8 8 1564 84
8 7 2 1520 61
43 9 8 1648 36
48 2 4 1571 70
9 2 14 1618 51
9 3 7 1669 60
13 2 10 1395 36
2 1 14 1669 46
24 9 2 1581 48
29 6 9 1637 29
19 5 6 1596 41
32 9 3 1562 78
48 3 14 1715 19
9 4 10 1729 9
9 5 9 1738 54
13 3 6 1637 41
2 2 2 1715 96
24 10 10 1738 36
19 6 1 1733 35
14 6 12 1716 26
3 7 7 1729 5
45 7 5 1536 89
33 6 7 1734 57
48 4 5 1734 13
13 4 5 1747 56
2 3 5 1811 46
19 7 13 1768 6
32 10 4 1641 33
13 5 0 1803 68
2 4 7 1857 16
39 10 11 1730 64
7 9 9 1792 61
49 8 12 1742 27
18 10 13 1774 39
29 7 14 1734 33
28 7 3 1640 67
19 8 5 1857 70
10 6 7 1873 56
14 7 8 1742 41
37 4 4 1674 11
41 11 2 1811 14
3 8 5 1927 30
45 8 11 1794 31
25 6 11 1825 21
7 10 14 1853 32
36 10 14 1885 99
35 11 10 1774 14
38 8 12 1769 53
46 11 10 1788 93
22 12 13 1813 82
42 4 6 1678 7
33 7 12 1822 68
21 8 3 1707 64
15 9 5 1957 45
46 12 8 1881 75
1 8 0 1871 10
26 8 4 1685 51
25 7 12 1890 28
36 11 2 1984 18
8 8 3 1771 15
1 9 1 1881 31
43 10 4 1736 88
8 9 11 1846 67
10 7 4 1929 9
23 3 1 1912 13
26 9 12 1918 12
13 6 4 1938 81
4 8 11 1913 59
47 6 3 1786 29
38 9 13 1895 17
10 8 9 1938 23
4 9 3 1972 15
16 10 10 1881 15
45 9 14 1984 27
30 4 12 1930 23
18 11 10 1896 92
18 12 11 1988 30
29 8 0 1881 24
9 6 6 1792 85
44 5 13 1912 32
20 5 12 1953 80
3 9 11 2018 10
45 10 12 2033 47
33 8 1 1925 79
48 5 2 2002 23
19 9 11 2028 4
32 11 1 2004 20
39 11 12 2080 8
5 8 13 1944 29
49 9 4 2019 20
1 10 13 1973 49
26 10 0 1930 60
40 6 8 1956 45
8 10 14 2011 34
29 9 7 1929 92
17 3 4 2039 62
17 4 9 2101 70
44 6 10 1988 2
32 12 13 2024 84
24 11 0 1990 35
23 4 2 2025 80
31 6 3 1987 87
7 11 11 2032 48
41 12 4 2101 42
46 13 11 2080 70
11 11 13 2108 69
12 4 0 2025 83
46 14 3 2150 9
42 5 13 2177 15
14 8 9 2171 66
21 9 10 1990 45
20 6 4 2143 35
40 7 4 2178 71
34 5 6 1877 3
6 6 10 2035 76
0 8 5 2002 16
15 10 3 2159 36
28 8 5 2018 26
16 11 13 2192 1
26 11 6 1990 51
43 11 6 2041 1
28 9 1 2044 25
16 12 7 2193 6
45 11 0 2108 85
30 5 7 2199 75
18 13 5 2044 94
29 10 5 2138 51
9 7 4 2249 88
44 7 14 2045 22
45 12 3 2195 86
2 5 13 2193 17
2 6 12 2210 72
39 12 3 2281 30
40 8 0 2249 16
17 5 10 2171 6
6 7 12 2282 53
0 9 11 2150 88
27 5 9 2237 3
12 5 8 2108 9
37 5 8 2117 78
21 10 11 2238 96
26 12 11 2334 80
24 12 7 2274 28
13 7 1 2069 49
10 9 12 2335 58
14 9 0 2265 52
37 6 1 2195 8
45 13 4 2337 81
30 6 10 2274 69
3 10 10 2343 22
36 12 6 2042 41
18 14 9 2240 39
29 11 12 2393 66
28 10 0 2317 85
19 10 12 2459 95
14 10 13 2317 8
37 7 11 2414 8
3 11 13 2365 76
11 12 7 2302 64
35 12 5 2189 81
42 6 12 2554 22
34 6 4 2418 55
8 11 5 2270 37
47 7 10 2365 70
20 7 5 2307 67
15 11 0 2402 80
20 8 3 2374 22
15 12 2 2482 5
4 10 13 2441 39
25 8 7 2366 72
25 9 6 2438 65
38 10 8 2195 50
38 11 7 2438 53
47 8 5 2435 50
13 8 14 2118 45
35 13 12 2576 84
25 10 1 2503 82
49 10 14 2163 5
30 7 14 2343 93
5 9 5 2485 57
3 12 1 2585 50
9 8 3 2396 83
9 9 8 2479 55
2 7 0 2482 51
14 11 4 2473 33
3 13 8 2635 45
33 9 10 2435 97
48 6 10 2532 94
2 8 3 2533 33
32 13 11 2422 60
2 9 9 2566 91
39 13 8 2680 53
7 12 0 2533 23
49 11 5 2542 43
29 12 4 2506 38
28 11 8 2733 12
14 12 3 2566 40
37 8 14 2436 68
41 13 8 2745 82
25 11 5 2585 16
7 13 1 2635 81
36 13 12 2660 28
38 12 6 2503 24
22 13 14 2504 70
42 7 7 2576 71
33 10 3 2606 16
21 11 14 2574 36
15 13 9 2657 2
1 11 10 2626 65
26 13 13 2480 81
25 12 13 2601 40
8 12 13 2641 65
1 12 12 2691 48
43 12 2 2487 3
8 13 0 2706 44
10 10 11 2482 88
23 5 12 2739 44
4 11 14 2610 40
47 9 6 2527 93
10 11 6 2620 82
38 13 11 2570 59
48 7 0 2750 2
19 11 2 2554 59
36 14 0 2752 7
21 12 7 2647 37
4 12 6 2702 54
40 9 9 2659 96
3 14 14 2680 28
34 7 3 2622 32
23 6 0 2783 95
31 7 11 2629 84
32 14 8 2827 67
1 13 11 2739 62
4 13 8 2894 57
7 14 7 2716 61
1 14 4 2801 51
6 8 14 2708 46
0 10 8 2951 64
15 14 11 2801 63
28 12 7 2777 86
16 13 9 2755 95
9 10 11 2864 87
16 14 5 2850 82
21 13 2 2684 46
44 8 6 2756 22
45 14 2 2730 38
6 9 7 2863 27
21 14 9 2850 89
26 14 10 2691 9
0 11 7 3015 9
38 14 9 2939 62
27 6 12 2783 1
14 13 5 2932 39
40 10 2 2768 86
41 14 13 2827 26
49 12 10 2700 79
5 10 3 2654 86
22 14 1 2716 72
12 6 11 2951 87
31 8 7 3024 22
44 9 8 3015 73
39 14 6 2778 74
20 9 9 3001 85
43 13 10 2779 98
0 12 14 3024 50
24 13 6 2852 37
47 10 13 2853 23
33 11 5 2971 61
4 14 2 2951 52
29 13 2 3003 19
2 10 10 2877 18
24 14 13 2889 41
29 14 8 3088 59
2 11 4 2895 84
28 13 11 3038 92
19 12 9 3086 7
10 12 8 3147 10
14 14 11 3130 50
37 9 13 2930 38
11 13 3 2740 86
25 13 8 3157 93
11 14 4 2979 77
35 14 11 3180 95
5 11 1 2788 69
42 8 3 2826 19
33 12 13 3032 63
5 12 7 3046 54
49 13 1 2857 9
25 14 4 3250 41
8 14 8 3250 32
43 14 0 2878 90
40 11 10 2895 30
34 8 10 2925 20
23 7 7 3100 81
31 9 1 3046 43
6 10 1 3089 83
0 13 13 3095 55
28 14 10 3130 73
9 11 2 3022 93
44 10 9 3093 16
6 11 6 3172 49
0 14 9 3150 22
27 7 10 3203 19
40 12 12 2925 46
49 14 8 3282 85
5 13 10 3222 76
12 7 9 3172 19
31 10 14 3089 85
44 11 7 3181 8
20 10 8 3367 70
47 11 14 3174 98
33 13 14 3272 25
2 12 6 3221 87
19 13 4 3291 88
10 13 0 3157 87
37 10 12 2971 72
5 14 11 3298 89
42 9 8 3437 87
33 14 6 3308 51
10 14 1 3244 54
23 8 14 3297 44
31 11 9 3191 99
6 12 3 3221 72
34 9 5 3032 77
27 8 0 3244 80
23 9 4 3379 44
27 9 4 3423 40
20 11 10 3437 36
48 8 12 3043 55
40 13 7 3189 26
6 13 5 3293 22
19 14 10 3473 71
12 8 2 3191 49
12 9 4 3463 68
30 8 5 3315 64
40 14 11 3387 7
37 11 5 3379 70
17 6 3 3293 3
17 7 5 3449 35
17 8 6 3484 57
44 12 3 3296 64
6 14 9 3315 53
27 10 1 3463 16
42 10 5 3524 55
31 12 12 3290 9
31 13 6 3541 11
31 14 8 3552 79
34 10 12 3299 60
34 11 7 3359 62
27 11 5 3579 23
47 12 12 3359 2
47 13 8 3631 17
13 9 7 3421 67
30 9 13 3379 46
37 12 0 3449 32
42 11 14 3579 12
34 12 9 3421 70
47 14 7 3648 87
20 12 0 3481 43
30 10 8 3648 44
37 13 2 3481 81
42 12 9 3591 50
30 11 0 3692 81
12 10 13 3531 4
44 13 12 3361 70
48 9 6 3552 93
9 12 13 3535 80
9 13 0 3773 72
13 10 12 3488 89
2 13 1 3479 31
48 10 13 3645 77
9 14 1 3845 5
13 11 2 3577 60
2 14 8 3692 51
48 11 9 3722 92
13 12 3 3637 1
13 13 13 3722 58
37 14 10 3562 86
42 13 4 3641 10
23 10 10 3648 85
13 14 9 3814 28
30 12 2 3773 1
44 14 1 3850 83
20 13 2 3774 80
48 12 11 3814 39
17 9 13 3780 76
17 10 12 3856 38
23 11 11 3853 58
12 11 14 3591 24
42 14 0 3845 36
20 14 6 3854 60
34 13 8 3743 68
17 11 11 3911 28
17 12 8 3939 78
23 12 6 3914 62
23 13 13 3976 18
12 12 7 3735 41
48 13 1 3933 33
34 14 13 3994 91
23 14 8 4017 94
27 12 3 3638 7
27 13 13 4085 82
48 14 3 3966 75
12 13 6 3976 49
12 14 10 4025 77
30 13 4 3774 78
30 14 9 3852 98
17 13 1 4017 7
27 14 2 4167 4
17 14 0 4024 17
