40 0 1 0 64
49 0 9 0 39
36 0 11 0 49
20 0 4 0 85
18 0 4 85 32
28 0 1 64 31
11 0 8 0 33
22 0 9 39 33
27 0 10 0 75
18 1 9 117 95
14 0 6 0 76
33 0 5 0 86
1 0 3 0 90
44 0 9 212 4
30 0 4 117 16
45 0 2 0 34
10 0 7 0 63
43 0 14 0 17
21 0 12 0 76
28 1 8 95 63
25 0 13 0 8
25 1 2 34 41
46 0 10 75 28
19 0 0 0 18
15 0 1 95 76
20 1 1 171 90
8 0 13 8 80
47 0 7 63 25
45 1 5 86 61
36 1 4 133 74
42 0 12 76 21
25 2 4 207 74
19 1 3 90 31
3 0 10 103 74
46 1 3 121 90
31 0 0 18 57
24 0 2 75 14
34 0 6 76 44
34 1 9 216 43
5 0 11 49 43
27 1 5 147 24
15 1 8 171 40
27 2 0 171 27
0 0 2 89 76
30 1 3 211 81
29 0 8 211 23
46 2 9 259 5
8 1 12 97 56
10 1 3 292 56
39 0 2 165 22
44 1 4 281 75
43 1 9 264 22
26 0 0 198 86
35 0 10 177 81
19 2 2 187 97
48 0 7 88 29
36 2 8 234 35
42 1 2 284 8
41 0 6 120 89
38 0 0 284 11
18 2 1 261 70
17 0 13 88 96
6 0 0 295 83
42 2 6 292 80
35 1 2 292 32
27 3 9 286 14
33 1 4 356 11
19 3 13 284 94
29 1 13 378 25
48 1 0 378 42
17 1 3 348 14
13 0 12 153 67
21 1 6 372 1
1 1 1 331 55
11 1 12 220 86
48 2 2 420 56
12 0 9 300 81
2 0 8 269 35
31 1 8 304 48
4 0 2 476 95
3 1 4 367 13
17 2 2 571 67
22 1 6 373 48
43 2 5 286 57
46 3 14 264 85
5 1 12 306 84
38 1 14 349 44
46 4 13 403 83
5 2 9 390 7
0 1 10 258 34
39 1 5 343 83
26 1 11 284 96
34 2 12 390 78
26 2 8 380 60
39 2 13 486 55
37 0 14 393 96
45 2 8 440 88
23 0 0 420 65
46 5 5 486 6
19 4 12 468 74
2 1 0 485 56
46 6 2 638 69
18 3 6 421 27
24 1 5 492 3
23 1 3 485 19
21 2 10 373 46
47 1 10 419 44
42 3 5 495 2
22 2 3 504 71
42 4 14 497 66
28 2 4 380 21
23 2 8 528 6
39 3 8 541 95
5 3 7 397 70
29 2 6 448 22
41 1 4 401 80
18 4 0 541 79
1 2 10 463 16
45 3 12 542 54
30 2 12 596 18
30 3 1 614 73
37 1 7 489 73
15 2 0 620 96
13 1 3 575 41
31 2 1 687 31
6 1 8 636 97
21 3 0 716 31
17 3 4 638 37
23 3 13 541 45
10 2 2 707 77
35 2 4 675 38
11 2 1 718 35
17 4 0 747 7
23 4 11 586 94
24 2 0 754 34
22 3 0 788 27
24 3 12 788 13
32 0 3 616 42
2 2 2 784 32
44 2 1 753 8
39 4 11 680 42
9 0 9 397 43
14 1 4 713 80
32 1 6 658 34
20 2 13 586 87
47 2 9 463 54
44 3 14 761 35
2 3 1 816 64
46 7 0 815 6
5 4 14 796 43
5 5 6 839 37
28 3 10 479 37
45 4 0 821 95
0 2 12 801 28
13 2 5 616 99
16 0 7 562 90
40 1 9 517 68
40 2 4 793 14
34 3 11 722 36
44 4 7 796 67
20 3 9 673 57
44 5 6 876 88
0 3 8 829 8
0 4 9 837 10
20 4 10 730 87
48 3 3 658 94
27 4 1 880 33
0 5 0 916 74
20 5 0 990 11
48 4 11 758 9
7 0 3 752 86
21 4 5 747 21
17 5 8 837 23
25 3 6 964 9
7 1 7 863 4
32 2 12 829 93
11 3 2 816 69
32 3 11 922 63
10 3 8 860 17
35 3 0 1001 83
11 4 14 885 32
17 6 12 922 76
24 4 13 801 46
22 4 12 998 67
24 5 9 847 79
44 6 0 1084 40
39 5 12 1065 42
9 1 10 817 49
14 2 1 913 42
47 3 14 917 94
44 7 10 1124 90
2 4 3 880 70
5 6 2 885 42
28 4 13 847 68
45 5 10 1214 22
13 3 8 877 29
16 1 13 915 50
33 2 14 1011 33
41 2 11 985 98
40 3 5 807 70
7 2 13 965 94
11 5 4 917 86
30 4 13 1059 26
29 3 3 950 40
35 4 14 1084 32
33 3 7 1044 85
12 1 13 1085 86
8 2 9 926 54
8 3 6 980 87
3 2 1 955 78
8 4 3 1067 22
3 3 6 1067 88
30 5 0 1124 19
21 5 3 1089 57
16 2 1 1033 33
49 1 2 927 12
15 3 9 980 89
4 1 1 1066 68
18 5 5 877 37
36 3 6 1155 11
41 3 8 1083 54
26 3 4 1003 6
37 2 2 939 39
27 5 13 1171 17
4 2 14 1134 65
40 4 2 978 63
31 3 7 1129 57
15 4 10 1236 22
9 2 8 1137 13
47 4 5 1011 35
9 3 12 1150 27
6 2 12 1177 12
31 4 14 1199 11
43 3 1 1134 60
34 4 2 1041 8
6 3 1 1194 19
29 4 1 1213 5
48 5 14 1210 31
24 6 3 1146 82
49 2 6 1166 34
31 5 5 1210 79
39 6 6 1200 62
9 4 13 1188 94
17 7 11 1083 82
6 4 5 1289 50
43 4 0 1194 68
21 6 13 1282 69
12 2 3 1228 1
2 5 7 1186 78
9 5 11 1282 91
43 5 3 1262 86
38 2 11 1373 32
12 3 14 1241 18
4 3 8 1199 93
32 4 0 1262 13
10 4 6 1262 17
35 5 12 1189 74
11 6 10 1258 26
24 7 11 1405 76
22 5 2 1065 11
14 3 5 1339 65
20 6 7 1264 96
47 5 12 1263 62
5 7 1 1218 92
28 5 3 1348 78
45 6 6 1279 47
0 6 14 1259 92
13 4 7 1360 62
16 3 9 1069 53
32 5 2 1275 38
16 4 6 1326 21
33 4 0 1275 9
1 3 12 1325 77
37 3 11 1481 69
7 3 9 1122 52
36 4 2 1313 81
33 5 8 1292 33
49 3 8 1325 24
34 5 1 1310 12
14 4 3 1426 4
36 5 7 1422 72
14 5 9 1430 62
13 5 13 1422 80
16 5 10 1347 35
33 6 13 1502 80
31 6 4 1289 68
15 5 13 1582 1
9 6 1 1373 79
47 6 8 1349 63
9 7 5 1452 80
6 5 4 1357 18
31 7 10 1382 99
43 6 6 1348 31
34 6 8 1412 4
6 6 7 1494 41
29 5 7 1535 9
0 7 13 1583 30
20 7 8 1416 69
48 6 5 1532 80
7 4 12 1402 22
21 7 1 1452 96
17 8 7 1544 51
25 4 12 1424 42
20 8 14 1485 77
7 5 8 1485 76
32 6 5 1612 93
11 7 5 1705 98
40 5 0 1284 33
49 4 7 1595 41
19 5 10 1481 73
15 6 7 1636 22
20 9 6 1562 95
47 7 11 1550 51
45 7 9 1492 91
36 6 14 1562 76
42 5 10 1554 33
25 5 9 1583 98
19 6 5 1803 40
3 4 12 1466 32
31 8 9 1681 44
24 8 10 1587 14
34 7 5 1843 8
34 8 14 1851 2
5 8 4 1375 70
27 6 3 1430 93
15 7 5 1851 49
27 7 7 1658 5
0 8 6 1657 10
30 6 6 1667 54
29 6 9 1725 29
10 5 10 1601 51
39 7 4 1445 12
44 8 12 1498 9
43 7 7 1663 16
26 4 7 1679 78
35 6 13 1613 76
19 7 14 1853 34
48 7 12 1612 52
36 7 12 1664 49
42 6 8 1587 22
41 4 10 1652 75
38 3 4 1457 43
18 6 13 1689 98
17 9 6 1721 68
6 7 14 1887 66
35 7 1 1689 6
33 7 2 1582 92
29 7 0 1754 51
48 8 4 1664 53
17 10 10 1789 58
13 6 6 1789 39
21 8 11 1601 85
1 4 0 1805 86
12 4 5 1900 16
2 6 13 1787 23
31 9 12 1725 71
4 4 11 1686 68
3 5 3 1523 26
22 6 5 1916 23
43 8 2 1679 75
38 4 2 1754 10
0 9 7 1757 82
39 8 9 1754 82
26 5 6 1828 87
34 9 10 1853 78
39 9 10 1931 52
44 9 5 1939 99
43 9 13 1810 65
26 6 13 1915 5
35 8 8 1695 17
19 8 1 1887 88
48 9 9 1836 82
36 8 5 2038 67
42 7 0 1891 21
41 5 7 1839 97
38 5 6 1915 5
18 7 2 1787 86
6 8 10 1983 24
35 9 5 2105 28
33 8 12 1796 59
1 5 2 1891 83
44 10 13 2038 93
30 7 8 1721 44
45 8 4 1717 53
10 6 5 2133 3
43 10 12 1875 46
21 9 8 1765 40
28 6 12 1921 48
25 6 7 1936 65
25 7 1 2001 94
46 8 4 1770 57
19 9 6 1975 52
15 8 4 1900 12
20 10 3 1657 60
8 5 14 1953 93
47 8 3 1717 59
45 9 3 1776 7
36 9 3 2105 29
42 8 9 1918 70
25 8 11 2095 24
19 10 11 2119 48
3 6 5 2136 8
46 9 6 2027 87
31 10 6 2114 59
24 9 8 1805 6
34 10 4 1931 43
34 11 7 2001 27
5 9 0 1912 91
27 8 4 1974 5
15 9 6 2173 27
27 9 6 2200 89
0 10 4 1979 45
30 8 14 2046 92
29 8 12 1969 61
46 10 12 2114 93
8 6 2 2046 36
10 7 1 2136 9
39 10 14 2138 41
44 11 8 2131 39
43 11 10 2007 56
26 7 1 2145 26
35 10 9 2133 76
19 11 8 2170 72
48 10 1 2171 8
42 9 7 2028 14
41 6 5 2144 40
38 6 5 2184 62
18 8 12 2207 85
17 11 1 2179 66
6 9 2 2082 98
42 10 1 2245 32
35 11 6 2289 66
27 10 12 2292 53
33 9 9 2209 21
29 9 14 2179 84
48 11 13 2179 32
17 12 14 2263 13
13 7 1 2277 1
21 10 14 2276 30
1 6 9 2230 26
11 8 6 2355 95
48 12 8 2242 94
12 5 2 2180 94
2 7 6 2450 46
31 11 2 2274 13
4 5 13 2211 75
3 7 11 2167 2
17 13 9 2276 40
22 7 7 2042 97
43 12 11 2169 75
46 11 7 2207 75
5 10 3 2134 30
38 7 13 2286 15
46 12 11 2282 70
0 11 11 2352 74
39 11 7 2282 40
26 8 5 2246 48
34 12 13 2301 9
26 9 3 2294 81
39 12 0 2322 86
37 4 0 2408 42
45 10 1 2278 94
23 5 12 2345 4
46 13 8 2352 86
2 8 4 2496 8
18 9 3 2375 53
24 10 4 2504 27
23 6 14 2349 46
21 11 9 2316 4
47 9 2 2287 68
42 11 4 2531 70
22 8 8 2438 71
28 7 0 2450 66
23 7 7 2395 52
29 10 2 2355 50
41 7 13 2310 62
18 10 10 2428 25
1 7 8 2509 92
45 11 7 2447 14
30 9 2 2405 8
30 10 7 2461 6
37 5 4 2601 77
15 10 14 2395 17
13 8 14 2412 21
31 12 13 2372 10
6 10 11 2426 11
21 12 2 2413 61
17 14 5 2316 43
23 8 9 2447 93
10 8 13 2382 7
35 12 7 2467 19
11 9 9 2540 31
23 9 6 2540 14
24 11 7 2531 34
22 9 13 2509 23
24 12 6 2565 65
32 7 1 2372 34
2 9 10 2504 75
44 12 11 2437 59
9 8 2 2474 13
14 6 0 2516 50
32 8 14 2433 66
20 11 11 2496 37
2 10 12 2579 45
28 8 14 2516 86
13 9 0 2566 38
16 6 2 2487 11
40 6 13 2532 82
2 11 11 2624 5
9 9 7 2565 81
43 13 4 2678 99
38 8 12 2624 92
12 6 11 2629 84
4 6 12 2716 54
32 9 8 2601 62
27 11 8 2663 66
0 12 3 2428 24
20 12 5 2533 87
48 13 10 2579 94
7 6 10 2673 81
25 9 3 2452 83
7 7 11 2754 47
32 10 13 2663 39
11 10 0 2604 11
32 11 4 2777 68
10 9 0 2615 63
35 13 11 2801 27
11 11 13 2702 82
24 13 1 2630 51
22 10 14 2602 54
24 14 14 2681 85
44 13 3 2535 90
39 13 1 2681 28
9 10 14 2766 34
14 7 7 2646 93
47 10 13 2784 85
44 14 2 2625 69
5 11 8 2729 5
28 9 9 2602 18
13 10 11 2828 68
16 7 8 2734 53
33 10 1 2709 65
41 8 3 2625 98
40 7 7 2739 55
7 8 4 2845 92
11 12 11 2896 85
30 11 9 2620 89
29 11 4 2937 4
33 11 6 2774 19
46 14 1 2774 68
12 7 0 2713 11
8 7 8 2787 83
8 8 10 2870 99
3 8 14 2800 27
8 9 11 2981 27
3 9 2 2827 29
30 12 11 3008 2
16 8 12 2787 44
49 5 12 2831 85
15 11 11 3010 34
4 7 6 2793 2
18 11 14 2827 88
36 10 0 2724 52
41 9 1 2842 38
26 10 9 2709 64
37 6 9 2773 95
27 12 14 2915 85
4 8 5 2795 60
40 8 6 2795 17
15 12 12 3044 48
9 11 6 2812 19
47 11 0 2869 48
6 11 9 2868 21
43 14 8 2870 6
34 13 3 2723 16
6 12 13 2889 29
29 12 10 2969 87
49 6 0 2917 74
39 14 3 2739 48
12 8 6 2831 18
38 9 1 2880 79
12 9 8 2876 41
4 9 3 2855 99
32 12 9 2889 43
10 10 12 3092 87
11 13 7 2981 71
22 11 4 2941 91
14 8 14 3000 74
47 12 6 2917 64
5 12 10 3056 57
5 13 13 3113 70
28 10 6 2981 77
13 11 2 2896 88
16 9 4 3032 58
33 12 11 3044 96
41 10 12 3179 70
40 9 11 3140 51
7 9 2 2984 95
10 11 11 3191 66
3 10 13 3183 62
38 10 10 3113 30
30 13 10 3143 46
29 13 5 3056 36
12 10 4 3090 72
8 10 4 3162 15
3 11 9 3245 48
30 14 5 3189 21
16 10 11 3257 76
49 7 3 2991 46
15 13 3 3092 28
4 10 7 3052 13
18 12 7 3065 32
36 11 1 2959 33
26 11 10 3189 20
37 7 8 2917 5
27 13 11 3333 51
4 11 4 3177 3
40 10 3 3191 96
47 13 4 3180 40
49 8 14 3074 30
12 11 12 3249 15
38 11 7 3143 29
4 12 9 3293 66
32 13 10 3209 72
22 12 10 3281 55
14 9 11 3384 76
47 14 1 3220 75
5 14 5 3210 80
28 11 11 3460 22
0 13 5 3290 87
16 11 14 3333 32
33 13 10 3336 17
1 8 13 3245 23
37 8 5 3377 37
7 10 0 3079 15
36 12 9 3359 72
49 9 13 3268 89
36 13 13 3431 54
14 10 10 3460 10
0 14 1 3377 38
25 10 8 2922 21
25 11 14 3365 75
26 12 2 3209 44
36 14 10 3485 19
1 9 11 3482 50
23 10 10 3504 49
23 11 1 3553 70
18 13 8 3097 31
28 12 7 3482 31
11 14 3 3287 61
27 14 2 3384 96
14 11 8 3470 76
33 14 3 3353 33
1 10 6 3532 74
21 13 7 3513 44
28 13 2 3513 87
25 12 5 3440 26
15 14 2 3600 32
8 11 1 3623 7
3 12 8 3546 25
29 14 11 3532 31
21 14 4 3557 29
16 12 5 3466 62
49 10 10 3553 2
4 13 0 3359 57
18 14 11 3563 26
41 11 2 3632 39
26 13 14 3440 91
13 12 4 3586 88
31 13 3 3386 48
9 12 3 3434 67
6 13 3 3501 6
7 11 5 3528 33
25 13 10 3555 30
40 11 12 3287 27
49 11 11 3589 87
19 12 9 3431 50
45 12 14 3531 70
42 12 11 3676 78
25 14 0 3585 67
19 13 4 3674 20
10 12 14 3601 92
26 14 12 3531 12
35 14 3 3507 77
19 14 7 3694 6
42 13 13 3754 46
41 12 9 3671 23
38 12 8 3571 21
13 13 10 3674 95
1 11 14 3693 81
16 13 3 3584 60
1 12 5 3774 15
37 9 6 3606 56
7 12 1 3630 85
49 12 1 3715 57
34 14 0 3652 17
14 12 13 3800 55
13 14 9 3769 2
16 14 0 3669 23
31 14 11 3754 32
9 13 0 3692 3
9 14 4 3695 67
6 14 6 3662 86
20 13 12 3543 83
48 14 6 3748 32
7 13 6 3780 38
20 14 2 3671 40
7 14 14 3818 54
32 14 7 3700 37
40 12 8 3592 79
49 13 5 3789 84
45 13 13 3855 40
42 14 3 3800 38
3 13 0 3695 78
10 13 4 3762 64
3 14 7 3773 8
8 12 5 3873 69
10 14 9 3826 60
41 13 14 3872 12
38 13 9 3886 58
1 13 4 3826 14
12 12 10 3769 50
2 12 5 3942 7
4 14 10 3819 60
22 13 11 3786 12
38 14 3 3944 29
37 10 10 3879 21
45 14 11 3895 31
23 12 2 3711 1
2 13 9 3949 62
23 13 4 3840 3
22 14 1 3798 62
28 14 5 3949 18
23 14 5 3967 23
41 14 0 3884 94
1 14 7 3840 31
37 11 3 3973 65
2 14 14 4011 73
14 13 12 3855 95
40 13 10 3900 63
40 14 14 4084 28
12 13 7 3871 79
12 14 1 3950 77
37 12 13 4038 5
37 13 12 4043 40
14 14 2 3950 94
8 13 7 3950 77
8 14 0 4027 50
49 14 4 3873 34
37 14 1 4083 8
