33 0 15 0 25
4 0 1 0 22
11 0 3 0 68
0 0 8 0 48
32 0 13 0 46
30 0 9 0 50
19 0 9 50 68
12 0 0 0 41
38 0 15 25 9
42 0 4 0 38
25 0 6 0 58
0 1 19 48 40
44 0 13 46 16
13 0 6 58 17
34 0 15 34 42
16 0 3 68 21
35 0 4 38 41
27 0 9 118 88
37 0 12 0 44
32 1 6 75 22
0 2 17 88 54
36 0 16 0 6
27 1 17 206 75
2 0 8 48 33
27 2 10 281 81
49 0 15 76 62
1 0 12 44 85
30 1 2 50 71
42 1 3 89 10
29 0 2 121 93
29 1 4 214 95
10 0 13 62 61
39 0 7 0 29
40 0 11 0 21
25 1 1 58 59
41 0 15 138 29
18 0 4 309 63
2 1 6 97 34
34 1 8 81 77
43 0 2 214 21
0 3 15 167 71
5 0 16 6 52
43 1 7 235 20
32 2 4 372 11
44 1 14 62 54
23 0 18 0 5
23 1 7 255 75
38 1 1 117 16
18 1 14 372 95
30 2 15 238 71
43 2 4 383 51
25 2 15 309 65
5 1 3 99 51
10 1 4 434 84
26 0 15 374 4
6 0 19 88 82
14 0 1 133 39
38 2 2 235 56
48 0 3 150 31
35 1 12 129 42
45 0 0 41 27
30 3 7 330 5
4 1 3 181 99
17 0 16 58 52
16 1 5 89 46
6 1 4 518 43
24 0 4 561 37
36 1 17 281 6
17 1 13 123 30
16 2 13 153 33
26 1 6 378 7
49 1 5 138 95
48 1 10 362 83
27 3 6 385 40
32 3 12 383 49
38 3 16 291 27
5 2 4 598 44
35 2 3 280 69
10 2 7 518 3
47 0 8 158 33
35 3 18 349 81
18 2 15 467 18
0 4 1 238 52
48 2 7 521 9
20 0 18 430 93
1 1 11 129 18
47 1 14 467 50
31 0 17 287 75
41 1 8 191 6
27 4 3 425 61
37 1 2 291 54
4 2 13 280 7
34 2 10 445 71
28 0 13 287 5
17 2 8 197 38
0 5 2 345 70
8 0 9 206 92
42 2 12 432 93
16 3 16 318 54
7 0 9 298 45
32 4 5 432 34
5 3 14 642 38
12 1 10 516 65
49 2 18 523 8
5 4 1 680 64
18 3 19 485 94
30 4 11 335 60
20 1 2 523 95
12 2 2 618 34
36 2 9 343 12
44 2 1 744 53
3 0 12 525 51
30 5 17 395 29
19 1 15 485 37
6 2 15 561 57
41 2 7 530 45
20 2 17 618 8
32 5 10 581 30
8 1 13 298 2
11 1 10 611 72
49 3 19 579 3
27 5 0 486 94
16 4 14 680 22
24 1 17 626 96
1 2 3 486 54
6 3 0 618 1
46 0 6 425 56
1 3 16 540 42
40 1 2 652 97
5 5 2 749 11
19 2 13 522 39
36 3 19 582 86
13 1 11 395 40
8 2 15 618 88
49 4 17 722 27
41 3 5 575 15
40 2 10 749 4
23 2 15 706 43
43 3 18 531 96
12 3 18 652 71
15 0 11 435 9
2 2 15 749 77
29 2 10 753 11
7 1 10 764 11
4 3 4 642 7
18 4 17 749 73
31 1 4 649 60
11 2 14 702 74
26 2 18 723 36
19 3 4 709 13
12 4 14 776 19
15 1 17 822 83
16 5 11 702 64
32 6 11 766 79
13 2 9 435 40
20 3 16 626 27
3 1 9 576 41
7 2 8 775 63
11 3 0 776 97
37 2 0 873 36
28 1 4 722 99
48 3 0 909 34
7 3 4 838 59
19 4 14 795 76
20 4 10 775 53
49 5 9 749 19
43 4 17 905 51
19 5 8 871 77
20 5 8 948 75
10 3 6 521 73
23 3 9 768 17
24 2 6 722 81
18 5 18 822 51
23 4 3 785 10
26 3 17 956 35
34 3 1 797 19
39 1 0 943 91
34 4 18 873 80
44 3 2 797 57
26 4 0 1034 80
49 6 12 768 36
3 2 5 617 74
11 4 7 873 63
1 4 1 816 41
35 4 10 828 95
17 3 17 991 70
12 5 12 804 49
16 6 17 1061 20
31 2 19 709 77
13 3 8 1023 28
15 2 5 905 30
15 3 1 935 3
37 3 13 909 40
18 6 1 938 35
1 5 2 857 71
26 5 19 1114 95
3 3 16 691 97
7 4 14 897 69
14 1 9 785 89
25 3 2 928 78
5 6 10 923 62
18 7 9 973 57
0 6 10 985 41
17 4 5 1061 22
11 5 12 936 33
27 6 12 969 78
8 3 7 936 90
15 4 12 1047 31
47 2 7 1026 22
13 4 15 1051 6
1 6 9 1030 68
15 5 18 1078 93
24 3 2 1006 12
14 2 16 874 37
6 4 12 1078 89
25 4 18 1171 68
2 3 14 966 42
46 1 13 949 7
29 3 12 1167 14
44 4 16 911 46
0 7 7 1048 76
36 4 7 1124 26
48 4 1 973 62
34 5 11 953 31
24 4 18 1239 92
25 5 11 1239 50
25 6 7 1289 38
44 5 0 1114 84
33 1 2 1018 98
29 4 17 1181 99
14 3 17 1280 7
30 6 14 1008 17
37 4 4 949 68
17 5 10 1083 15
49 7 14 1025 97
0 8 13 1124 52
23 5 19 1209 92
4 4 18 1331 72
2 4 3 1008 95
31 3 15 1057 48
20 6 12 1181 3
18 8 8 1051 38
39 2 12 1184 85
8 4 18 1403 45
25 7 14 1327 97
11 6 9 1098 96
2 5 7 1327 2
30 7 6 1025 29
40 3 17 1287 85
16 7 12 1269 76
39 3 10 1269 51
34 6 0 1198 66
44 6 11 1289 1
17 6 18 1448 66
13 5 17 1372 62
5 7 9 1194 20
36 5 1 1150 52
10 4 15 1105 35
19 6 3 1103 6
0 9 18 1514 24
45 1 16 957 54
7 5 5 1083 39
7 6 15 1140 44
43 5 1 1202 42
2 6 19 1329 71
15 6 10 1320 86
4 5 5 1403 24
46 2 12 1345 31
13 6 0 1434 83
32 7 8 1089 72
7 7 7 1329 61
14 4 15 1287 84
12 6 13 1176 87
32 8 2 1161 77
1 7 8 1161 82
31 4 0 1517 87
17 7 12 1514 26
6 5 13 1263 11
27 7 18 1538 24
6 6 1 1274 41
47 3 10 1406 70
35 5 19 1400 16
11 7 19 1416 4
38 4 12 1540 50
14 5 2 1371 60
22 0 11 1290 22
31 5 3 1604 52
47 4 9 1476 59
32 9 18 1562 47
19 7 2 1431 6
32 10 9 1609 55
48 5 13 1274 83
35 6 17 1434 45
35 7 6 1479 52
22 1 17 1479 56
45 2 3 1656 90
44 7 19 1420 76
1 8 18 1609 54
21 0 8 1243 83
39 4 1 1320 86
28 2 17 1535 60
18 9 7 1390 65
34 7 17 1595 90
39 5 18 1663 34
29 5 5 1427 86
41 4 19 1496 60
0 10 5 1538 5
24 5 5 1543 86
34 8 4 1685 18
44 8 6 1531 26
15 7 9 1664 49
30 8 12 1590 98
24 6 12 1688 63
42 3 19 1556 6
0 11 6 1557 43
36 6 6 1600 70
40 4 7 1455 21
6 7 7 1476 50
41 5 17 1685 29
9 0 6 1670 89
6 8 18 1697 68
31 6 6 1759 98
29 6 7 1526 41
14 6 5 1629 61
39 6 8 1697 73
1 9 4 1703 49
35 8 2 1531 48
15 8 2 1713 34
46 3 9 1713 55
14 7 10 1690 73
27 8 16 1562 19
3 4 0 1604 26
46 4 2 1768 85
19 8 5 1690 53
14 8 8 1770 64
33 2 3 1746 71
28 3 14 1595 87
44 9 7 1567 7
7 8 18 1765 67
14 9 14 1834 73
16 8 7 1574 77
20 7 19 1562 42
5 8 5 1743 54
21 1 17 1714 14
7 9 6 1857 72
16 9 18 1832 97
49 8 1 1406 87
24 7 7 1751 88
26 6 1 1493 51
40 5 4 1752 55
38 5 19 1604 57
43 6 5 1797 52
17 8 1 1544 55
34 9 12 1751 15
24 8 0 1839 28
21 2 11 1728 66
45 3 7 1839 25
10 5 11 1794 36
6 9 5 1849 2
11 8 11 1830 63
38 6 0 1867 55
35 9 1 1599 35
32 11 3 1817 63
6 10 9 1851 4
34 10 3 1880 76
7 10 13 1929 74
10 6 10 1830 79
49 9 11 1893 62
24 9 14 1907 57
8 5 2 1853 88
48 6 18 1929 61
22 2 10 1909 54
22 3 19 1963 50
37 5 16 1581 49
42 4 7 1864 72
43 7 8 1849 37
33 3 7 1936 68
20 8 14 1964 5
26 7 14 1969 59
18 10 6 1929 69
33 4 13 2004 8
13 7 4 1807 95
16 10 15 1929 28
5 9 0 1922 15
13 8 14 2028 44
43 8 13 2012 85
34 11 19 2013 58
44 10 5 1851 69
9 1 11 1955 21
35 10 0 1937 72
37 6 7 2004 45
48 7 17 1990 41
18 11 5 1998 60
45 4 2 1941 97
27 9 7 2049 44
5 10 18 1990 83
29 7 11 1976 26
17 9 4 1902 34
15 9 15 1957 91
48 8 8 2031 58
3 5 2 2038 4
11 9 5 2058 31
8 6 11 2002 90
8 7 19 2092 94
43 9 9 2097 18
45 5 17 2038 68
45 6 19 2186 14
25 8 10 1963 72
0 12 3 1956 68
14 10 7 2093 3
35 11 5 2089 80
7 11 19 2200 59
46 5 19 2259 35
25 9 4 2035 94
15 10 16 2048 56
19 9 18 2073 41
36 7 8 2089 93
36 8 3 2182 81
13 9 10 2072 91
10 7 9 2115 88
21 3 15 2048 96
33 5 16 2104 72
47 5 6 1998 51
35 12 7 2169 81
49 10 2 2042 86
23 6 16 2176 22
18 12 0 2058 90
29 8 16 2198 50
15 11 6 2104 80
9 2 17 2106 61
4 6 6 2184 19
38 7 8 2182 87
37 7 3 2263 58
3 6 13 2097 25
19 10 7 2250 72
11 10 18 2114 1
11 11 1 2115 98
33 6 12 2176 57
2 7 18 2115 73
45 7 4 2200 54
3 7 18 2188 12
28 4 5 2169 64
36 9 13 2263 31
32 12 14 2072 58
21 4 3 2321 11
13 10 12 2233 79
42 5 11 2092 38
7 12 17 2259 16
25 10 0 2148 59
37 8 18 2321 44
28 5 11 2233 36
23 7 11 2269 36
39 7 5 2233 12
36 10 15 2294 89
49 11 7 2322 21
4 7 9 2203 81
43 10 15 2383 44
38 8 9 2284 44
18 13 3 2332 68
26 8 16 2248 93
40 6 6 2203 34
0 13 4 2254 10
42 6 15 2427 73
33 7 14 2233 39
47 6 0 2207 80
22 4 12 2312 51
41 6 18 2365 97
4 8 7 2343 23
40 7 19 2294 62
38 9 5 2328 47
8 8 1 2213 34
37 9 15 2500 65
15 12 7 2366 33
25 11 3 2400 42
13 11 2 2312 39
31 7 2 2351 8
38 10 7 2399 29
7 13 2 2359 26
15 13 8 2399 77
26 9 9 2341 5
3 8 6 2237 17
31 8 12 2363 55
38 11 11 2428 82
28 6 8 2476 78
45 8 12 2418 29
17 10 14 2272 13
20 9 1 2247 24
12 7 1 2271 61
22 5 18 2462 9
20 10 6 2271 73
23 8 5 2375 7
26 10 13 2346 61
8 9 8 2554 1
31 9 13 2418 97
39 8 19 2356 14
14 11 11 2510 75
13 12 13 2515 68
36 11 12 2447 99
47 7 2 2385 84
28 7 0 2554 32
29 9 15 2565 74
26 11 4 2407 4
40 8 16 2356 78
44 11 10 2163 88
30 9 3 2442 61
21 5 6 2344 36
27 10 14 2285 96
3 9 11 2585 76
21 6 16 2434 20
22 6 16 2471 15
20 11 5 2382 88
14 12 13 2585 3
17 11 9 2346 65
28 8 9 2586 4
33 8 8 2555 83
38 12 18 2510 80
3 10 1 2661 6
36 12 11 2661 99
25 12 9 2590 5
12 8 3 2503 79
28 9 18 2590 18
24 10 11 2760 58
13 13 18 2608 79
6 11 3 2582 65
20 12 0 2586 57
29 10 3 2647 21
7 14 16 2486 90
10 8 3 2668 54
20 13 7 2643 20
12 9 9 2595 61
3 11 19 2667 79
48 9 14 2381 96
48 10 16 2576 87
41 7 14 2477 91
28 10 12 2608 26
40 9 8 2638 11
47 8 16 2663 47
40 10 9 2656 34
37 10 5 2565 72
30 10 19 2746 87
2 8 1 2667 19
46 6 14 2568 82
39 9 3 2722 51
12 10 17 2656 29
27 11 4 2411 23
4 9 8 2649 72
29 11 9 2690 6
21 7 13 2588 5
46 7 18 2687 63
1 10 0 2643 21
17 12 6 2411 87
12 11 15 2685 22
17 13 11 2818 38
41 8 6 2568 13
23 9 13 2593 71
42 7 0 2664 88
9 3 8 2721 18
48 11 15 2707 18
48 12 11 2856 56
8 10 0 2752 81
39 10 11 2912 1
31 10 1 2686 55
4 10 15 2725 50
47 9 12 2710 88
45 9 8 2739 14
9 4 16 2739 77
37 11 9 2696 65
41 9 16 2816 8
1 11 19 2833 1
23 10 17 2685 77
34 12 5 2637 92
42 8 14 2752 44
42 9 9 2796 66
4 11 0 2833 95
48 13 19 2912 2
40 11 0 2928 17
22 7 5 2729 36
34 13 2 2729 34
22 8 15 2775 20
28 11 16 2824 87
41 10 3 2824 50
39 11 15 2913 38
8 11 4 2833 64
47 10 13 2798 27
33 9 4 2897 17
9 5 7 2816 20
2 9 11 2913 25
2 10 4 2938 45
33 10 5 2914 90
6 12 16 2911 20
21 8 12 2798 72
31 11 8 2753 68
42 10 10 2862 79
42 11 18 2941 47
28 12 2 2911 74
2 11 12 2983 88
45 10 5 3004 8
9 6 0 2945 42
46 8 4 2983 35
20 14 11 2938 99
22 9 4 3018 79
46 9 5 3018 54
9 7 14 2987 59
47 11 5 3072 18
22 10 1 3097 51
20 15 3 3037 39
21 9 2 2985 38
9 8 4 3097 79
31 12 16 2931 59
31 13 7 2990 90
18 14 16 2990 32
2 12 17 3071 19
14 13 0 2987 48
44 12 15 2951 29
42 12 13 2988 61
30 11 0 3035 58
7 15 11 3037 66
33 11 0 3093 31
44 13 12 3071 73
40 12 1 3148 3
46 10 10 3072 52
1 12 17 3090 58
31 14 5 3090 50
34 14 14 3046 66
11 12 13 3049 39
28 13 6 2985 26
27 12 13 3088 90
11 13 17 3148 65
37 12 6 3011 53
36 13 2 3023 71
30 12 10 3124 6
32 13 0 3124 89
22 11 13 3178 84
0 14 14 3112 49
30 13 1 3151 60
1 13 15 3148 1
24 11 15 3149 23
38 13 4 3176 43
43 11 3 3076 60
37 13 10 3130 48
46 11 7 3124 77
12 12 19 2914 74
48 14 5 3140 95
1 14 5 3235 69
9 9 15 3176 12
16 11 8 2821 54
49 12 10 3178 37
5 11 19 2988 79
23 11 10 3215 70
27 13 1 3211 94
48 15 12 3235 21
40 13 5 3304 43
19 11 16 3022 71
29 12 0 3213 67
9 10 2 3188 56
19 12 6 3093 46
11 14 2 3244 72
41 11 2 3316 46
25 13 13 3262 19
19 13 11 3139 24
45 11 6 3139 1
9 11 13 3281 14
31 15 10 3285 98
28 14 15 3188 90
23 12 12 3285 10
35 13 8 2875 4
6 13 8 2931 56
35 14 11 3163 3
29 13 18 3280 87
32 14 17 3213 71
3 12 8 2987 49
32 15 1 3305 94
36 14 14 3161 74
29 14 19 3367 46
34 15 9 3112 8
49 13 0 3280 11
4 12 14 3235 31
14 14 19 3413 74
44 14 17 3284 32
35 15 14 3266 4
11 15 6 3316 20
6 14 11 3166 46
0 15 11 3212 9
24 12 1 3399 4
46 12 15 3278 82
36 15 5 3347 7
41 12 10 3383 72
20 16 4 3219 74
10 9 17 3316 96
41 13 9 3455 86
1 15 10 3455 58
27 14 8 3305 80
22 12 2 3362 40
38 14 10 3513 75
13 14 5 3354 1
16 12 2 3402 81
26 12 5 3355 43
13 15 1 3403 20
33 12 17 3412 81
8 12 3 3136 70
18 15 11 3221 40
3 13 14 3270 39
25 14 12 3295 27
16 13 0 3483 95
43 12 12 3322 68
28 15 3 3278 45
5 12 8 3385 55
17 14 3 3323 85
42 13 5 3398 6
26 13 8 3440 30
31 16 14 3383 57
45 12 14 3440 60
33 13 10 3588 6
5 13 17 3493 48
11 16 4 3336 7
29 15 6 3413 84
33 14 6 3594 97
32 16 15 3399 95
32 17 16 3494 13
23 13 0 3578 24
30 14 13 3295 84
39 12 2 3483 74
23 14 1 3602 78
38 15 3 3588 10
27 15 19 3487 97
24 13 19 3584 95
49 14 4 3343 11
41 14 13 3541 7
33 15 18 3691 98
43 13 6 3691 3
6 15 2 3557 36
26 14 2 3593 93
1 16 13 3548 40
40 14 12 3390 38
44 15 9 3541 51
19 14 10 3594 46
6 16 6 3694 33
8 13 12 3428 55
16 14 9 3592 81
23 15 14 3680 77
4 13 10 3640 67
39 13 16 3557 92
21 10 19 3679 79
48 16 4 3354 51
4 14 12 3707 67
48 17 9 3673 13
49 15 6 3727 67
26 15 12 3774 76
7 16 0 3602 56
37 14 11 3261 90
1 17 14 3757 59
10 10 16 3649 22
24 14 16 3679 80
22 13 7 3402 59
27 16 11 3584 24
2 13 13 3588 40
43 14 11 3694 6
14 15 3 3598 67
3 14 7 3461 1
21 11 9 3758 10
26 16 11 3850 42
33 16 9 3789 82
14 16 4 3665 39
40 15 15 3494 44
19 15 0 3658 50
2 14 0 3708 42
31 17 18 3789 43
20 17 15 3538 75
24 15 8 3759 12
45 13 9 3871 13
23 16 2 3757 56
19 16 17 3708 12
6 17 14 3816 56
38 16 13 3628 70
44 16 4 3704 4
42 14 2 3813 64
45 14 18 3884 16
15 14 14 3872 35
4 15 19 3774 22
18 16 10 3707 11
10 11 5 3671 70
11 17 16 3759 63
27 17 5 3741 44
46 13 8 3771 94
29 16 1 3680 11
40 16 13 3698 45
37 15 1 3691 98
37 16 19 3796 60
43 15 16 3822 20
33 17 11 3892 82
46 14 3 3865 81
46 15 1 3946 25
12 13 4 3708 68
26 17 3 3946 99
16 15 10 3718 72
5 14 12 3850 38
15 15 4 3907 63
21 12 14 3907 27
13 16 16 3842 96
35 16 9 3884 96
31 18 9 3980 72
34 16 16 3938 65
4 16 16 4003 12
29 17 13 3743 89
9 12 18 3900 21
40 17 18 3921 17
46 16 0 3971 24
44 17 18 3938 74
46 17 11 3995 56
37 17 14 3934 71
42 15 6 3877 18
19 17 12 3888 39
22 14 0 3995 48
49 16 16 4015 84
5 15 15 3888 37
2 15 2 3877 17
41 15 12 3927 30
27 18 2 3894 54
14 17 18 4012 32
42 16 8 3895 2
29 18 8 3897 89
5 16 13 3925 42
30 15 8 3986 92
25 15 19 3856 54
1 18 6 3895 66
10 12 12 3957 10
15 16 0 4043 72
17 15 7 3462 89
17 16 15 3925 77
44 18 3 4045 75
13 17 19 3938 62
25 16 17 3910 69
31 19 11 4052 35
42 17 17 3979 6
48 18 6 3961 31
16 16 4 3970 80
11 18 15 4002 33
44 19 8 4120 75
7 17 12 3967 47
38 17 14 4005 38
36 16 18 4044 43
21 13 4 4050 27
7 18 3 4120 95
0 16 16 4099 81
1 19 7 3961 29
23 17 4 4077 42
21 14 18 4087 90
47 12 19 4000 34
45 15 10 3900 41
9 13 1 3971 43
17 17 2 4002 22
32 18 19 4034 97
48 19 2 4024 96
46 18 16 4180 23
36 17 4 4119 86
36 18 0 4205 1
5 17 6 3992 81
49 17 8 4195 34
32 19 7 4131 46
4 17 17 4015 28
26 18 7 4177 30
8 14 6 4073 7
23 18 6 4119 16
40 18 14 4043 3
39 14 13 3967 60
0 17 0 4206 30
28 16 10 3941 35
30 16 16 4203 23
42 18 16 4226 91
15 17 19 4131 46
16 17 6 4135 75
41 16 0 4236 28
19 18 19 4177 92
41 17 11 4264 13
6 18 10 3976 13
2 16 9 4052 81
12 14 5 3785 60
3 15 4 4205 27
22 15 6 4210 27
9 14 9 4133 89
7 19 1 4215 39
6 19 17 4043 50
37 18 17 4093 27
0 18 9 4236 93
24 16 3 4215 82
5 18 7 4207 89
41 18 4 4277 27
47 13 17 4120 47
5 19 11 4296 60
10 13 1 4254 4
21 15 1 4258 8
12 15 8 4229 23
26 19 10 4207 46
13 18 3 4297 62
16 18 19 4269 18
15 18 13 4177 22
25 17 8 4252 2
25 18 5 4254 56
35 17 16 4317 53
20 18 13 4199 44
33 18 19 4287 52
15 19 3 4359 73
0 19 12 4329 17
40 19 3 4432 83
10 14 8 4258 76
28 17 1 4266 54
29 19 14 4046 66
20 19 9 4329 24
9 15 19 4339 31
36 19 10 4253 93
37 19 8 4334 48
30 17 5 4310 25
28 18 19 4370 27
34 17 7 4296 67
14 18 12 4346 69
39 15 6 4237 43
41 19 1 4320 42
24 17 9 4353 53
16 19 1 4362 81
10 15 18 4334 40
43 16 0 4264 81
4 18 2 4120 68
27 19 15 4035 52
24 18 13 4406 5
49 18 3 4515 48
10 16 14 4374 85
13 19 7 4363 70
8 15 16 4370 33
47 14 4 4304 4
19 19 1 4443 54
39 16 17 4280 36
43 17 19 4397 96
11 19 8 4382 26
38 18 6 4280 28
3 16 15 4232 44
18 17 12 4415 75
35 18 13 4411 14
23 19 8 4408 48
47 15 15 4308 41
18 18 13 4490 97
10 17 0 4459 84
43 18 14 4493 30
49 19 13 4587 97
12 16 16 4403 82
30 18 4 4335 23
34 18 6 4363 84
14 19 6 4447 25
47 16 3 4563 56
8 16 14 4523 21
10 18 19 4543 93
34 19 13 4684 42
38 19 17 4316 2
43 19 10 4523 9
33 19 1 4497 82
4 19 11 4356 88
30 19 18 4374 57
25 19 16 4485 51
10 19 2 4636 65
45 16 13 4726 81
18 19 2 4701 51
35 19 15 4425 80
47 17 11 4619 42
47 18 18 4661 26
28 19 7 4433 23
8 17 17 4544 35
39 17 4 4358 23
22 16 14 4544 65
9 16 10 4532 71
45 17 1 4807 35
45 18 11 4842 18
45 19 15 4860 79
47 19 1 4842 66
12 17 6 4485 33
46 19 17 4579 79
9 17 5 4603 92
12 18 7 4518 94
17 18 0 4543 67
12 19 11 4860 42
8 18 10 4603 62
8 19 5 4695 61
9 18 3 4695 47
9 19 12 4742 71
3 17 10 4665 75
17 19 19 4636 44
3 18 3 4742 1
24 19 10 4740 75
22 17 9 4609 44
39 18 9 4653 82
39 19 14 4735 30
42 19 1 4908 37
3 19 17 4743 18
22 18 3 4743 40
22 19 8 4783 83
2 17 10 4815 72
21 16 7 4612 83
21 17 10 4887 10
21 18 5 4897 61
2 18 16 4887 70
2 19 5 4958 67
21 19 0 4958 69
