28 0 4 0 73
47 0 13 0 45
44 0 16 0 19
33 0 6 0 69
45 0 11 0 63
30 0 2 0 95
13 0 10 0 3
18 0 10 3 97
22 0 12 0 48
41 0 6 69 26
24 0 11 63 60
32 0 17 0 87
39 0 12 48 6
23 0 18 0 65
21 0 19 0 39
5 0 6 95 90
39 1 16 54 59
15 0 1 0 16
31 0 16 113 24
33 1 1 69 3
17 0 8 0 1
35 0 15 0 99
30 1 12 95 99
8 0 19 39 88
8 1 8 127 10
21 1 13 45 64
29 0 9 0 50
0 0 18 65 54
8 2 4 137 40
16 0 10 100 19
46 0 7 0 2
14 0 2 95 30
9 0 1 72 45
3 0 10 119 99
41 1 1 117 45
18 1 19 127 89
13 1 7 3 52
17 1 11 123 24
11 0 12 194 7
8 3 9 177 96
33 2 12 201 11
43 0 16 137 58
43 1 11 195 99
29 1 17 87 34
42 0 7 55 64
28 1 1 162 73
23 1 5 65 11
2 0 10 218 67
36 0 16 195 76
19 0 6 185 90
9 1 17 121 16
31 1 4 177 23
30 2 11 294 35
27 0 16 271 7
25 0 4 200 24
47 1 17 137 22
47 2 1 235 11
10 0 19 216 24
49 0 1 246 16
15 1 9 273 62
16 1 2 125 64
33 3 18 212 76
8 4 18 288 46
38 0 9 335 57
34 0 5 76 67
41 2 8 162 80
40 0 11 329 11
24 1 19 240 32
34 1 18 334 59
36 1 15 271 77
28 2 10 285 33
6 0 0 0 25
2 1 7 285 69
0 1 12 212 96
43 2 14 294 16
24 2 15 348 37
36 2 19 348 23
0 2 17 308 96
16 2 1 262 75
17 2 19 371 43
17 3 12 414 5
41 3 11 340 44
13 2 1 337 3
35 1 14 310 82
18 2 18 393 71
23 2 10 318 82
28 3 6 318 73
36 3 14 392 29
6 1 2 189 99
48 0 5 143 28
2 2 1 354 5
43 3 8 310 46
12 0 18 464 76
44 1 3 19 72
11 1 4 224 77
1 0 13 109 84
25 1 1 359 78
32 1 7 354 39
45 1 3 91 25
6 2 4 301 17
28 4 8 391 19
6 3 10 400 64
34 2 19 414 84
36 4 18 540 25
3 1 12 419 16
4 0 2 288 9
33 4 7 393 57
38 1 19 498 61
22 1 8 410 56
45 2 8 466 74
43 4 4 356 72
31 2 1 437 68
18 3 5 464 87
39 2 3 116 99
17 4 15 419 31
13 3 19 559 85
11 2 8 540 97
8 5 7 450 48
15 2 4 428 49
4 1 7 498 5
32 2 14 421 66
29 2 7 503 95
20 0 10 464 79
34 3 17 498 50
24 3 17 548 13
38 2 2 559 39
15 3 16 477 9
23 3 14 487 50
9 2 3 215 63
35 2 9 392 3
10 1 3 278 83
21 2 9 395 55
12 1 6 540 81
36 5 3 565 44
16 3 17 561 20
45 3 9 540 40
7 0 16 486 94
7 1 0 580 18
32 3 9 580 67
16 4 8 637 99
43 5 5 551 40
10 2 18 565 53
40 1 19 644 83
6 4 3 609 83
26 0 18 618 8
24 4 3 692 56
32 4 4 647 91
41 4 19 727 9
1 1 7 598 93
21 3 2 598 81
30 3 8 736 55
18 4 14 551 78
47 3 3 748 99
6 5 7 692 62
15 4 2 679 45
14 1 15 450 19
28 5 9 647 48
22 2 18 626 7
41 5 2 736 28
10 3 7 754 60
6 6 13 754 46
22 3 2 764 34
14 2 1 505 31
33 5 19 736 55
15 5 11 724 41
15 6 7 814 23
19 1 10 543 29
23 4 2 798 39
11 3 1 637 98
11 4 11 765 20
49 1 7 837 71
40 2 3 847 83
42 1 12 435 89
37 0 1 735 92
35 3 8 791 61
38 3 6 621 22
13 4 9 695 34
48 1 10 572 26
15 7 3 930 43
26 1 2 837 74
33 6 5 791 36
21 4 6 679 6
13 5 0 729 26
9 3 5 827 16
48 2 16 598 47
31 3 17 581 13
18 5 0 755 85
10 4 13 814 67
38 4 11 785 60
0 3 4 738 62
39 3 5 843 30
2 3 15 469 14
49 2 9 908 49
41 6 5 873 70
40 3 17 930 87
48 3 15 645 77
29 3 8 852 44
20 1 15 722 62
31 4 7 908 98
1 2 2 911 22
7 2 10 598 70
41 7 14 943 95
24 5 16 748 6
20 2 12 784 25
27 1 17 1017 93
40 4 7 1017 34
48 4 9 957 89
39 4 0 873 73
11 5 16 785 56
12 2 3 973 33
22 4 1 827 59
41 8 3 1038 40
10 5 16 881 78
6 7 15 800 21
22 5 11 886 65
14 3 19 791 44
33 7 10 827 95
8 6 10 922 74
19 2 5 943 25
23 5 4 837 56
40 5 18 1051 45
42 2 17 1110 62
37 1 2 933 47
35 4 16 959 92
38 5 3 1078 90
26 2 8 911 93
21 5 7 1051 73
9 4 11 951 86
47 4 2 980 65
48 5 11 1046 82
31 5 11 1128 67
18 6 1 886 18
10 6 10 996 19
0 4 5 968 71
39 5 9 1046 56
2 4 18 1096 53
41 9 12 1078 20
40 6 14 1096 78
48 6 12 1128 94
29 4 2 1045 31
20 3 7 1124 47
7 3 6 685 92
41 10 7 1171 63
24 6 0 946 74
20 4 2 1171 4
48 7 17 1222 41
12 3 4 1006 35
7 4 4 1041 34
5 1 19 835 92
35 5 2 1175 67
37 2 12 1222 95
19 3 9 1102 68
16 5 0 1020 85
12 4 14 1174 85
42 3 19 1172 30
30 4 18 1149 67
29 5 11 1195 80
46 1 9 1170 89
9 5 4 1075 74
3 2 18 1216 84
17 5 9 1259 54
43 6 3 1168 48
43 7 15 1216 15
29 6 14 1275 59
42 4 6 1202 13
23 6 9 1313 58
30 5 17 1263 54
27 2 13 1110 75
25 2 12 1317 44
34 4 14 1334 91
6 8 12 1361 98
12 5 0 1259 29
44 2 9 1371 80
1 3 6 1215 7
25 3 7 1361 5
32 5 13 1185 71
45 4 2 1242 14
3 3 2 1300 51
5 2 17 1317 96
49 3 13 1256 25
5 3 10 1413 44
11 6 5 1039 66
44 3 17 1451 48
21 6 15 1231 17
38 6 15 1248 54
7 5 7 1366 29
21 7 10 1457 44
26 3 3 1216 9
29 7 13 1334 53
4 2 14 1425 2
39 6 2 1351 39
13 6 6 1222 75
23 7 17 1499 59
24 7 7 1395 83
35 6 18 1300 66
49 4 2 1390 62
1 4 5 1222 83
40 7 5 1305 13
26 4 11 1275 82
3 4 9 1451 84
35 7 17 1558 81
46 2 2 1452 99
31 6 18 1366 58
13 7 3 1297 92
13 8 16 1389 83
6 9 18 1459 50
29 8 3 1389 24
32 6 2 1551 48
3 5 13 1535 18
10 7 11 1357 51
2 5 2 1599 12
16 6 9 1535 56
42 5 11 1408 64
35 8 19 1639 62
40 8 16 1472 59
4 3 19 1701 71
2 6 14 1611 17
46 3 11 1551 89
28 6 2 1611 7
25 4 10 1501 87
3 6 8 1553 21
34 5 4 1425 93
22 6 6 1297 1
36 6 2 1618 15
5 4 3 1457 88
33 8 11 1640 63
38 7 16 1531 2
16 7 16 1591 98
38 8 4 1533 83
17 6 10 1588 1
13 9 12 1472 8
48 8 7 1478 89
15 8 0 1288 35
26 5 0 1357 87
33 9 16 1703 78
21 8 11 1703 27
13 10 14 1628 79
14 4 9 1591 2
9 6 9 1593 58
47 5 15 1302 96
48 9 1 1567 74
31 7 0 1444 81
18 7 11 1730 19
14 5 10 1593 17
10 8 0 1525 14
38 9 13 1616 73
0 5 11 1749 42
39 7 1 1641 9
2 7 9 1651 93
49 5 12 1480 98
41 11 0 1539 44
40 9 4 1616 93
48 10 8 1641 95
29 9 15 1413 18
20 5 11 1791 14
31 8 14 1707 62
1 5 8 1736 56
7 6 9 1744 65
41 12 9 1809 63
8 7 6 1298 82
24 8 10 1610 50
20 6 8 1805 41
27 3 1 1650 82
40 10 8 1846 16
8 8 11 1805 91
47 6 12 1578 95
48 11 4 1736 44
39 8 11 1896 80
11 7 13 1689 57
28 7 12 1673 74
4 4 1 1772 60
12 6 11 1976 10
7 7 13 1809 19
46 4 12 1747 73
17 7 14 1769 47
14 6 16 1781 82
11 8 0 1746 54
27 4 5 1732 34
25 5 11 1986 60
32 7 10 1660 17
7 8 19 1828 85
34 6 0 1800 53
47 7 5 1766 47
0 6 10 1791 62
30 6 7 1567 15
26 6 14 1816 40
19 4 11 2046 18
44 4 14 1856 79
30 7 6 1582 25
0 7 8 1862 93
40 11 6 1862 85
3 7 5 1813 54
21 9 8 1955 57
46 5 1 1832 12
46 6 6 1947 78
3 8 4 1867 8
14 7 7 1863 14
45 5 14 1935 98
10 9 1 1844 48
13 11 4 1875 69
46 7 3 2025 57
42 6 15 1472 42
19 5 7 2064 47
30 8 5 1867 2
42 7 10 1853 39
5 5 15 1545 79
11 9 9 1872 58
44 5 0 1935 71
21 10 17 2012 15
7 9 5 1913 55
21 11 4 2027 33
26 7 12 1856 6
29 10 10 1892 37
4 5 5 1968 98
39 9 8 2012 87
13 12 5 2066 58
4 6 0 2066 3
20 7 5 2124 8
26 8 4 2060 70
1 6 12 1862 94
30 9 1 1892 60
35 9 12 1956 41
3 9 19 1913 38
49 6 6 2025 63
5 6 2 1633 78
40 12 12 1997 76
37 3 11 2064 55
11 10 19 1951 20
10 10 12 2073 57
49 7 0 2088 79
19 6 13 2111 82
22 7 19 1971 65
27 5 7 2111 28
5 7 13 2193 3
25 6 9 2046 53
30 10 9 2099 35
37 4 15 2119 78
44 6 6 2088 29
15 9 5 2132 42
35 10 7 2139 77
7 10 2 1968 44
35 11 3 2216 9
23 8 8 2099 5
19 7 1 2193 35
9 7 18 1651 39
31 9 9 2134 11
30 11 13 2196 14
27 6 14 2139 8
25 7 19 2099 18
47 8 10 1929 8
47 9 11 2119 57
49 8 18 2167 29
15 10 15 2197 88
16 8 14 2147 35
33 10 0 2167 72
34 7 8 2104 56
40 13 9 2145 54
34 8 10 2160 30
36 7 10 2190 17
6 10 17 2027 56
0 8 9 2199 98
43 8 2 2012 14
36 8 5 2207 96
0 9 13 2297 10
49 9 19 2196 82
5 8 11 2196 17
11 11 10 2207 30
44 7 5 2303 14
38 10 7 2216 36
7 11 17 2083 87
26 9 9 2297 83
29 11 19 2278 72
4 7 15 2285 26
39 10 10 2237 74
13 13 15 2311 67
23 9 19 2350 33
24 9 1 2228 60
35 12 1 2288 56
49 10 10 2311 84
1 7 0 2239 52
40 14 13 2307 91
26 10 17 2380 86
3 10 3 2225 80
35 13 11 2344 80
46 8 16 2082 38
31 10 8 2160 99
6 11 14 2182 57
29 12 18 2350 72
32 8 8 2259 12
3 11 6 2305 4
10 11 15 2378 52
2 8 11 2424 28
16 9 4 2182 70
42 8 9 2380 89
4 8 6 2311 60
2 9 5 2452 57
46 9 13 2398 17
28 8 7 2252 77
25 8 6 2371 91
3 12 0 2309 81
34 9 2 2190 98
22 8 7 2329 8
36 9 8 2303 64
5 9 1 2344 11
33 11 9 2469 28
38 11 12 2252 68
14 8 3 2305 82
13 14 17 2466 1
23 10 12 2383 81
24 10 6 2462 12
35 14 4 2424 90
49 11 4 2514 76
1 8 9 2497 6
40 15 15 2430 93
26 11 5 2509 90
46 10 14 2415 64
31 11 6 2474 75
13 15 18 2467 79
13 16 13 2546 64
6 12 11 2452 4
32 9 15 2523 95
10 12 8 2430 92
2 10 19 2509 9
16 10 12 2464 44
27 7 10 2395 32
25 9 2 2462 67
32 10 11 2618 86
34 10 12 2508 53
47 10 6 2549 60
0 10 15 2618 54
30 12 19 2518 14
26 12 6 2609 77
19 8 17 2467 28
49 12 17 2590 85
41 13 4 2590 73
48 12 0 2390 60
29 13 1 2422 73
20 8 14 2479 91
31 12 10 2549 41
1 9 15 2672 85
7 12 12 2561 59
41 14 17 2675 59
8 9 1 2495 45
24 11 13 2610 90
20 9 1 2570 70
27 8 0 2450 63
47 11 14 2609 38
48 13 14 2647 88
39 11 18 2546 6
11 12 15 2757 77
28 9 17 2734 48
4 9 4 2663 57
12 7 5 2599 52
7 13 18 2620 34
46 11 10 2590 80
38 12 8 2522 99
5 10 18 2654 34
40 16 2 2529 13
42 9 3 2469 89
37 5 19 2532 58
35 15 0 2514 68
38 13 14 2735 68
26 13 10 2686 13
21 12 1 2640 16
9 8 19 2590 50
47 12 18 2688 71
0 11 1 2672 13
39 12 4 2720 55
2 11 3 2558 78
49 13 11 2704 18
41 15 18 2759 82
13 17 8 2621 49
17 8 2 2542 67
11 13 17 2834 68
8 10 2 2609 85
33 12 14 2803 53
43 9 0 2582 15
29 14 6 2686 6
42 10 5 2651 57
28 10 11 2782 5
2 12 8 2670 19
36 10 7 2367 71
19 9 4 2775 9
9 9 16 2640 28
30 13 14 2856 37
27 9 19 2640 5
25 10 18 2841 59
47 13 0 2759 70
47 14 8 2829 98
10 13 6 2692 49
49 14 5 2722 78
15 11 8 2927 19
16 11 7 2508 16
33 13 15 2856 10
38 14 0 2829 61
34 11 16 2668 74
40 17 1 2685 56
24 12 18 2900 59
34 12 9 2742 60
36 11 13 2700 22
28 11 0 2890 47
6 13 8 2946 66
2 13 13 2722 62
0 12 16 2742 37
36 12 6 2741 87
0 13 7 2779 61
17 9 18 2959 62
17 10 17 3021 24
13 18 2 2694 57
35 16 10 2699 81
18 8 13 2784 20
28 12 14 2937 38
36 13 17 3045 73
48 14 3 2735 61
2 14 6 2828 50
44 8 8 3012 19
11 14 2 2902 63
1 10 1 2757 38
25 11 17 3118 81
32 11 6 2878 71
45 6 17 3199 26
28 13 13 2975 73
34 13 6 2949 46
36 14 0 3118 72
3 13 14 2975 26
4 10 16 2779 55
33 14 13 3048 86
38 15 18 3021 76
22 9 16 2834 19
45 7 0 3225 55
18 9 15 2866 96
13 19 11 2787 4
11 15 18 3097 6
15 12 14 3001 3
4 11 17 3225 47
40 18 0 3280 10
48 15 2 2965 99
20 10 9 2802 27
1 11 19 2795 82
7 14 11 2791 86
41 16 16 2853 41
8 11 15 2962 53
24 13 2 3064 32
20 11 18 3103 90
27 10 6 2995 27
8 12 16 3015 76
28 14 19 3048 83
12 8 10 2780 11
44 9 4 3031 27
21 13 18 3193 38
38 16 1 3097 88
26 14 19 3131 65
39 13 6 3022 39
23 11 6 3061 93
1 12 18 3231 3
31 13 13 3134 23
32 12 3 2949 19
16 12 6 3154 25
15 13 10 3004 8
33 15 3 3134 13
14 9 12 2620 95
9 10 14 3004 50
18 10 9 2962 50
14 10 8 3031 25
14 11 18 3234 67
24 14 14 3096 72
35 17 6 3179 58
49 15 3 3147 18
1 13 10 3234 94
40 19 10 3328 99
26 15 13 3196 21
46 12 17 3272 47
31 14 15 3157 13
6 14 19 3196 55
32 13 5 2968 49
10 14 9 3012 74
2 15 16 3091 85
16 13 11 3179 6
27 11 2 3096 90
25 12 14 3199 8
32 14 0 3290 63
34 14 7 2995 57
47 15 4 3058 57
0 14 14 3207 92
30 14 16 3176 82
26 16 7 3217 83
19 10 15 3170 45
49 16 8 3165 87
41 17 13 3217 87
48 16 6 3237 36
29 15 4 3115 86
20 12 16 3258 73
31 15 12 3170 35
7 15 3 3165 72
41 18 15 3304 89
8 13 5 3091 33
24 15 5 3168 76
20 13 19 3331 59
27 12 8 3252 32
47 16 16 3331 4
48 17 13 3304 49
39 14 14 3299 39
11 16 6 3273 63
28 15 16 3335 24
4 12 8 3284 45
7 16 8 3329 28
46 13 15 3393 76
38 17 10 3427 15
5 11 0 3353 15
42 11 18 3301 62
37 6 0 3368 36
35 18 13 3353 86
38 18 17 3442 96
9 11 6 3336 68
47 17 19 3390 31
0 15 19 3421 90
2 16 17 3538 3
49 17 15 3469 65
41 19 10 3442 29
48 18 19 3511 41
29 16 16 3359 17
20 14 3 3390 21
27 13 9 3284 15
22 10 3 3411 31
10 15 4 3201 82
22 11 14 3442 57
19 11 12 3215 60
42 12 8 3363 99
37 7 10 3471 1
1 14 4 3328 32
7 17 14 3499 62
24 16 8 3462 87
27 14 12 3299 52
39 15 7 3338 42
12 9 1 3185 21
22 12 4 3499 67
10 16 2 3283 32
6 15 16 3376 3
22 13 9 3566 57
14 12 11 3301 75
33 16 2 3315 53
8 14 0 3404 67
19 12 14 3561 64
23 12 1 3206 46
42 13 13 3462 55
37 8 17 3541 23
35 19 5 3439 59
38 19 5 3538 80
21 14 3 3442 1
9 12 8 3549 39
31 16 5 3618 73
18 11 16 3379 66
10 17 14 3625 63
39 16 15 3534 78
29 17 12 3376 13
12 10 12 3389 1
5 12 8 3588 46
37 9 16 3564 71
16 14 15 3612 10
12 11 9 3623 96
42 14 2 3517 40
30 15 10 3472 37
29 18 0 3471 89
46 14 0 3560 99
9 13 0 3659 6
3 14 16 3635 48
17 11 16 3683 36
43 10 17 3564 39
43 11 9 3719 17
23 13 11 3376 23
30 16 3 3509 47
27 15 15 3622 63
25 13 0 3665 16
34 15 1 3252 23
6 16 1 3379 14
12 12 13 3719 45
44 10 19 3552 92
1 15 11 3399 17
25 14 5 3691 94
32 15 12 3390 66
42 15 1 3557 94
4 13 3 3556 47
2 17 4 3566 57
28 16 3 3603 80
25 15 16 3785 94
34 16 13 3764 27
22 14 17 3623 94
36 15 4 3623 8
33 17 8 3634 14
16 15 5 3785 23
17 12 7 3719 94
48 19 18 3552 1
14 13 0 3681 41
33 18 4 3648 4
8 15 3 3683 63
19 13 18 3625 32
23 14 3 3746 80
42 16 0 3722 25
37 10 18 3657 47
26 17 15 3685 58
21 15 14 3688 61
9 14 10 3665 35
47 18 9 3736 73
31 17 19 3691 35
18 12 4 3652 53
10 18 17 3717 91
0 16 0 3747 59
39 17 13 3791 37
20 15 4 3705 67
7 18 1 3651 22
9 15 15 3743 6
0 17 6 3806 64
30 17 0 3806 28
26 18 16 3879 95
19 14 2 3657 16
44 11 12 3644 97
30 18 4 3834 37
0 18 3 3870 96
18 13 12 3741 70
10 19 5 3808 68
4 14 11 3603 79
22 15 13 3828 32
45 8 18 3704 9
39 18 19 3828 66
17 13 6 3870 16
11 17 14 3749 67
8 16 17 3808 44
15 14 6 3886 96
20 16 6 3982 77
45 9 15 3749 92
17 14 13 3886 8
11 18 7 3816 23
24 17 12 3811 25
24 18 9 3836 23
20 17 13 4059 55
12 13 15 3841 31
37 11 9 3859 76
19 15 16 3974 26
16 16 18 3808 8
12 14 17 3872 43
42 17 16 4000 34
9 16 12 3836 13
17 15 4 3894 56
43 12 18 3816 52
43 13 6 4059 43
42 18 14 4034 4
23 15 16 4034 24
27 16 18 3868 11
25 16 8 3879 47
34 17 11 3791 49
12 15 2 3915 11
23 16 0 4058 13
30 19 15 3872 21
27 17 3 3966 96
25 17 13 4114 26
34 18 15 3893 54
6 17 6 4102 10
12 16 19 3926 47
44 12 2 3926 99
1 16 14 4038 66
25 18 3 4140 73
32 16 16 4058 69
45 10 10 3841 67
5 13 16 4127 47
49 18 14 4104 10
5 14 9 4174 90
11 19 3 4213 26
44 13 1 4025 74
21 16 0 4071 11
7 19 15 3947 35
26 19 1 4099 48
29 19 5 3876 24
4 15 13 4140 58
39 19 17 3915 37
23 17 13 4198 10
24 19 4 3950 64
49 19 16 4174 78
1 17 16 4252 79
46 15 8 3926 72
32 17 18 4127 73
42 19 4 4038 65
46 16 19 3998 31
28 17 5 3900 80
22 16 5 3980 49
36 16 12 3849 67
5 15 5 4264 58
17 16 1 4147 16
14 14 14 4114 92
47 19 7 3839 56
18 14 6 4112 48
0 19 2 4025 64
20 18 0 4114 54
1 18 17 4331 9
8 17 12 3916 82
20 19 17 4340 41
27 18 11 4062 25
45 11 7 3908 99
3 15 15 3982 51
5 16 12 4322 95
5 17 7 4417 33
44 14 13 4208 69
21 17 5 4322 56
21 18 12 4417 65
4 16 18 4200 99
23 18 7 4450 36
1 19 3 4340 34
3 16 1 4163 93
46 17 4 4103 52
31 18 2 4089 71
6 18 9 4264 24
32 18 19 4200 87
3 17 7 4486 76
16 17 13 4277 98
4 17 10 4299 90
46 18 18 4299 49
28 18 15 4033 41
22 17 15 4074 31
36 17 1 4256 92
5 18 14 4450 57
33 19 17 4381 52
16 18 19 4375 25
17 17 3 4374 18
15 15 17 4433 27
21 19 16 4482 47
14 15 4 4206 3
9 17 7 4562 26
31 19 3 4392 28
18 15 7 4588 20
14 16 13 4375 6
8 18 14 4507 51
8 19 13 4558 47
28 19 18 4348 26
4 18 12 4482 21
17 18 0 4392 49
14 17 17 4460 22
32 19 1 4348 8
44 15 7 4608 20
14 18 6 4482 34
45 12 19 4400 48
44 16 10 4628 40
12 17 8 3998 41
37 12 6 4516 34
19 16 19 4448 47
16 19 3 4420 99
12 18 16 4529 69
9 18 2 4588 15
17 19 5 4441 69
43 14 19 4495 9
43 15 1 4504 73
23 19 15 4486 43
27 19 4 4209 22
6 19 5 4510 93
12 19 7 4628 53
44 17 18 4668 41
45 13 6 4550 20
44 18 15 4709 95
22 18 10 4668 72
36 18 11 4348 61
15 16 13 4605 30
14 19 5 4603 20
9 19 13 4635 56
18 16 3 4608 41
18 17 8 4649 93
2 18 12 4503 95
5 19 4 4507 91
37 13 5 4623 95
46 19 5 4718 76
3 18 11 4562 32
43 16 7 4681 6
43 17 13 4691 65
25 19 15 4804 69
34 19 3 4649 47
44 19 11 4804 39
45 14 4 4598 87
3 19 17 4594 50
4 19 9 4503 78
22 19 0 4740 68
36 19 9 4581 97
15 17 18 4709 37
18 18 17 4742 91
45 15 12 4685 55
37 14 7 4718 25
37 15 4 4743 4
15 18 12 4746 19
15 19 19 4765 28
43 18 10 4756 58
18 19 2 4833 51
45 16 16 4740 65
45 17 1 4805 66
43 19 12 4814 13
45 18 13 4871 10
45 19 5 4881 4
19 17 0 4808 33
19 18 8 4841 89
37 16 3 4747 91
19 19 3 4930 39
37 17 8 4930 22
2 19 0 4841 75
37 18 14 4952 51
37 19 13 5003 53
