15 0 16 0 28
33 0 5 0 95
13 0 9 0 57
47 0 7 0 60
5 0 7 60 26
22 0 16 28 37
35 0 13 0 39
45 0 5 95 71
9 0 5 166 8
27 0 7 86 45
42 0 8 0 90
4 0 8 90 88
38 0 19 0 39
16 0 15 0 25
48 0 12 0 92
46 0 13 39 38
11 0 11 0 97
31 0 14 0 67
41 0 0 0 68
25 0 11 97 33
47 1 16 65 88
37 0 11 130 52
8 0 13 77 36
21 0 8 178 33
7 0 19 39 59
29 0 9 57 20
44 0 9 77 76
13 1 8 211 81
11 1 13 113 90
30 0 15 25 44
33 1 16 153 10
36 0 17 0 47
32 0 9 153 31
38 1 6 39 17
6 0 15 69 80
36 1 2 47 28
34 0 14 67 82
20 0 17 47 9
2 0 6 56 4
26 0 13 203 6
33 2 2 163 7
45 1 7 166 11
11 2 1 203 92
36 2 19 98 21
12 0 7 177 45
47 2 5 174 3
32 1 17 184 26
20 1 4 56 37
15 1 9 184 14
37 1 4 182 25
18 0 18 0 56
48 1 9 198 88
35 1 17 210 7
5 1 12 92 24
24 0 19 119 51
0 0 0 68 35
17 0 6 60 1
0 1 1 295 73
43 0 6 61 46
33 3 0 170 88
49 0 15 149 84
39 0 8 292 37
8 1 15 233 72
38 2 4 207 48
44 1 10 153 36
13 2 10 292 19
29 1 12 116 96
15 2 19 198 65
11 3 10 311 3
19 0 13 209 72
23 0 13 281 78
25 1 9 286 65
47 3 2 177 4
24 1 2 181 34
2 1 11 182 92
44 2 11 274 91
3 0 13 359 72
7 1 2 215 10
9 1 0 258 99
14 0 14 149 66
28 0 18 56 51
22 1 5 177 9
42 1 14 215 18
15 3 12 263 17
45 2 17 217 72
31 1 19 263 73
33 4 8 329 78
36 3 15 305 80
22 2 11 365 91
4 1 0 357 15
30 1 1 368 99
33 5 12 407 62
46 1 15 385 91
44 3 6 365 72
11 4 0 372 2
24 2 14 233 97
3 1 6 437 21
7 2 16 225 80
9 2 6 458 34
14 1 0 374 66
28 1 15 476 22
37 2 5 207 67
31 2 17 336 3
16 1 10 314 32
33 6 11 469 93
15 4 6 492 97
5 2 0 440 87
4 2 13 431 29
49 1 8 407 68
35 2 18 217 15
4 3 7 460 51
36 4 18 385 46
29 2 4 255 88
46 2 10 476 72
12 1 19 336 13
43 1 15 498 67
42 2 16 305 91
30 2 17 467 49
22 3 12 469 92
30 3 11 562 47
23 1 1 467 98
46 3 18 548 44
38 3 17 516 93
19 1 15 565 11
15 5 0 589 57
12 2 14 349 50
17 1 9 351 39
36 5 5 431 63
7 3 14 399 46
11 5 12 561 9
34 1 15 576 93
45 3 18 592 40
39 1 16 396 83
1 0 3 0 41
23 2 11 609 9
28 2 16 498 11
46 4 14 592 31
44 4 4 437 61
10 0 4 498 79
24 3 7 511 83
26 1 15 669 89
21 1 13 460 58
31 3 9 390 72
25 2 5 494 62
7 4 5 556 62
2 2 7 594 75
3 2 19 458 8
27 1 17 609 79
12 3 3 399 30
7 5 6 618 40
29 3 8 475 49
7 6 15 758 68
38 4 2 609 97
29 4 6 658 24
11 6 3 570 70
14 2 1 565 48
38 5 18 706 79
18 1 7 669 47
22 4 17 688 17
49 2 5 618 77
43 2 7 716 80
24 4 3 640 15
1 1 16 509 26
49 3 9 695 54
9 3 10 548 43
8 2 12 570 53
39 2 15 826 30
35 3 14 623 49
22 5 18 785 68
26 2 11 758 61
38 6 3 785 87
19 2 12 623 90
9 4 1 613 38
2 3 2 706 21
19 3 14 713 18
46 5 9 749 89
10 1 11 819 51
49 4 13 749 45
2 4 4 727 21
49 5 1 794 70
5 3 17 705 48
10 2 9 870 41
27 2 16 688 88
40 0 10 591 98
23 3 0 646 15
39 3 12 856 92
18 2 12 948 11
24 5 17 753 68
2 5 12 959 98
5 4 3 872 55
10 3 3 927 51
27 3 6 776 58
40 1 17 821 2
6 1 7 796 31
23 4 16 776 97
39 4 18 948 87
43 3 16 873 62
18 3 17 959 43
0 2 11 870 56
16 2 11 926 11
8 3 19 623 91
48 2 6 834 40
45 4 8 632 73
29 5 3 978 89
29 6 11 1067 24
43 4 14 935 43
37 3 12 1057 53
0 3 17 1002 28
43 5 9 978 65
12 4 16 935 85
32 2 12 1110 7
18 4 19 1002 57
30 4 7 827 60
21 2 1 864 88
8 4 4 748 65
46 6 7 887 4
48 3 16 1020 47
6 2 1 952 20
30 5 3 1067 12
10 4 1 978 41
16 3 18 1035 22
0 4 10 1030 81
44 5 3 1079 8
10 5 2 1019 44
28 3 9 1043 82
18 5 11 1091 27
3 3 16 1067 55
37 4 3 1110 97
39 5 17 1035 51
43 6 3 1207 9
14 3 8 705 81
10 6 5 1063 50
44 6 12 1117 78
6 3 0 972 51
13 3 2 1063 46
14 4 2 1109 30
38 7 13 872 40
20 2 2 1139 7
37 5 2 1207 8
2 6 14 1057 32
21 3 9 1125 49
27 4 14 1089 2
35 4 10 1111 34
9 5 3 1216 49
13 4 7 1109 40
28 4 6 1125 90
8 5 0 1023 98
0 5 7 1149 82
38 8 12 1195 2
20 3 7 1231 38
4 4 10 1145 82
10 7 16 1122 17
44 7 13 1195 56
6 4 18 1057 32
13 5 12 1197 39
14 5 6 1215 81
38 9 15 1197 97
20 4 1 1269 10
37 6 6 1296 23
2 7 5 1113 41
21 4 2 1215 50
24 6 6 1319 87
41 1 3 1265 38
6 5 5 1154 21
6 6 19 1175 12
20 5 5 1279 4
20 6 15 1294 75
42 3 4 813 52
38 10 14 1294 47
20 7 18 1369 54
4 5 4 1227 66
10 8 10 1227 26
44 8 5 1283 24
6 7 10 1253 79
13 6 5 1307 63
14 6 3 1303 46
38 11 7 1341 47
20 8 0 1423 2
37 7 16 1319 84
2 8 0 1425 29
21 5 10 1332 3
24 7 10 1406 78
41 2 14 1341 90
6 8 12 1332 1
6 9 6 1406 93
20 9 11 1425 15
42 4 11 1440 51
39 6 4 1293 91
16 4 14 1431 72
23 5 3 1349 86
9 6 2 1265 86
35 5 15 1369 50
28 5 8 1215 41
45 5 1 1279 9
22 6 8 1256 34
0 6 5 1370 5
44 9 0 1454 20
41 3 1 1431 38
27 5 19 1187 13
40 2 13 1251 60
21 6 14 1503 44
24 8 15 1484 57
20 10 10 1484 95
49 6 6 1499 34
13 7 4 1384 92
4 6 16 1403 26
5 5 15 1541 68
0 7 13 1375 48
24 9 9 1541 37
32 3 3 1435 67
23 6 7 1435 88
16 5 17 1503 88
39 7 0 1474 39
21 7 0 1547 8
11 7 15 1609 15
19 4 5 1375 81
4 7 6 1533 70
45 6 12 1333 7
3 4 2 1351 86
8 6 3 1502 60
15 6 17 1591 33
3 5 3 1562 17
22 7 19 1290 81
34 2 3 1579 10
15 7 2 1624 96
17 2 18 1423 20
39 8 11 1513 64
31 4 18 1443 8
23 7 5 1523 22
34 3 7 1589 46
41 4 9 1578 58
28 6 17 1624 88
24 10 0 1578 61
14 7 12 1349 95
42 5 18 1491 84
9 7 11 1577 91
3 6 10 1579 98
47 4 9 1636 56
38 12 10 1677 45
4 8 1 1603 7
37 8 0 1639 74
25 3 18 1575 11
18 6 5 1545 3
32 4 11 1668 25
32 5 2 1720 43
31 5 11 1693 70
29 7 14 1547 66
18 7 15 1624 54
22 8 3 1589 26
26 3 14 1613 16
35 6 5 1548 48
0 8 3 1615 36
10 9 8 1290 2
5 6 4 1609 54
38 13 8 1722 65
17 3 16 1443 62
11 8 5 1624 38
34 4 11 1763 13
45 7 16 1505 88
39 9 19 1577 65
23 8 14 1629 31
28 7 19 1712 33
44 10 18 1586 12
24 11 16 1639 51
26 4 12 1629 42
21 8 3 1651 82
31 6 1 1763 73
25 4 16 1690 36
3 7 9 1692 71
49 7 14 1660 64
24 12 1 1836 93
23 9 17 1712 59
16 6 5 1662 50
47 5 8 1787 1
39 10 14 1724 48
34 5 0 1776 57
4 9 17 1771 87
3 8 7 1763 18
9 8 18 1668 14
15 8 13 1720 3
5 7 13 1723 83
4 10 15 1858 81
35 7 16 1726 77
42 6 12 1671 53
22 9 10 1722 99
23 10 19 1771 70
19 5 18 1682 44
15 9 4 1723 32
17 4 12 1724 71
17 5 1 1929 41
22 10 13 1821 72
45 8 19 1841 19
39 11 6 1772 68
26 5 18 1726 20
40 3 11 1776 23
40 4 6 1840 52
6 10 17 1858 80
23 11 18 1841 42
1 2 5 1712 27
49 8 18 1883 55
12 5 4 1755 81
1 3 7 1781 31
29 8 7 1812 69
30 6 18 1938 22
41 5 18 1960 9
42 7 19 1860 8
38 14 9 1787 29
4 11 3 1939 76
10 10 7 1881 16
44 11 19 1868 51
13 8 17 1938 60
14 8 9 1816 22
47 6 15 1939 95
5 8 14 1806 17
5 9 6 1892 50
25 5 1 1970 4
11 9 9 1838 48
2 9 13 1893 42
3 9 1 1974 86
19 6 11 1799 79
25 6 2 1974 97
7 7 9 1886 26
30 7 19 1960 49
11 10 19 2009 12
9 9 7 1897 87
12 6 11 1878 32
17 6 2 2071 70
36 6 9 1912 76
7 8 17 1998 54
34 6 12 1833 30
45 9 4 1860 15
1 4 10 1821 62
23 12 10 1883 42
28 8 1 2060 91
46 7 19 2021 83
44 12 14 1919 61
10 11 13 1935 25
26 6 1 2151 30
31 7 4 1875 59
25 7 17 2071 22
7 9 11 2052 50
2 10 10 1935 71
13 9 14 1998 8
38 15 5 1816 96
43 7 18 1969 31
33 7 19 2104 23
49 9 12 1938 66
8 7 18 2000 60
29 9 15 2034 42
15 10 7 1984 70
19 7 6 1942 77
25 8 8 2093 76
40 5 2 2141 84
49 10 3 2015 16
35 8 1 2181 26
12 7 17 2093 64
32 6 15 2076 23
46 8 5 2104 57
48 4 3 2031 80
31 8 16 1934 91
48 5 8 2169 23
10 12 18 2060 38
31 9 8 2192 69
37 9 10 2006 75
14 9 16 2025 85
9 10 4 1984 45
14 10 4 2110 57
28 9 0 2151 99
22 11 1 2207 15
42 8 2 2225 90
15 11 18 2098 78
45 10 10 2081 45
31 10 5 2261 46
33 8 15 2127 94
36 7 16 2110 20
22 12 4 2222 93
4 12 2 2315 44
30 8 4 2315 40
33 9 4 2355 22
46 9 3 2161 63
11 11 17 2157 10
3 10 0 2250 84
7 10 10 2126 61
9 11 17 2167 12
14 11 19 2167 83
28 10 11 2250 69
37 10 1 2222 18
31 11 7 2307 31
16 7 19 2250 19
33 10 6 2377 85
15 12 5 2307 30
5 10 16 2130 87
4 13 9 2359 27
49 11 19 2269 11
35 9 3 2224 27
36 8 13 2130 5
29 10 1 2240 92
46 10 16 2224 70
12 8 5 2337 11
43 8 11 2319 66
42 9 5 2348 87
30 9 10 2355 24
39 12 5 2435 42
8 8 10 2379 62
38 16 11 2385 8
13 10 3 2251 7
29 11 2 2359 62
19 8 3 2258 20
23 13 4 2377 65
25 9 12 2169 17
47 7 3 2278 31
24 13 5 2477 35
2 11 18 2176 90
3 11 14 2334 88
7 11 3 2309 77
9 12 9 2386 45
14 12 5 2512 48
28 11 7 2338 6
22 13 2 2421 24
42 10 9 2435 32
31 12 0 2338 6
33 11 14 2462 73
22 14 9 2467 2
30 10 13 2379 51
46 11 4 2442 3
24 14 18 2512 57
9 13 15 2431 14
14 13 15 2560 94
28 12 14 2535 33
37 11 15 2654 53
6 11 14 2568 60
20 11 6 2462 4
42 11 15 2707 21
39 13 1 2477 10
16 8 12 2269 34
9 14 16 2445 58
35 10 9 2469 78
28 13 3 2568 25
41 6 5 2560 88
27 6 18 2569 21
40 6 9 2547 38
21 9 12 2303 72
20 12 19 2466 37
49 12 16 2503 9
13 11 16 2512 39
32 7 10 2441 31
19 9 8 2278 86
8 9 1 2487 52
34 7 6 2466 20
17 7 7 2344 8
34 8 1 2539 71
41 7 11 2648 63
28 14 12 2593 31
10 13 15 2728 17
32 8 0 2472 28
19 10 2 2445 58
8 10 17 2539 39
49 13 2 2512 79
45 11 3 2593 54
0 9 4 2445 37
44 13 17 2578 91
41 8 8 2711 9
27 7 1 2610 8
40 7 12 2624 3
21 10 16 2551 99
20 13 8 2720 19
49 14 17 2669 54
13 12 18 2590 9
4 14 19 2503 88
5 11 19 2591 18
0 10 19 2609 9
32 9 16 2650 57
23 14 6 2486 18
16 9 6 2504 87
39 14 13 2487 86
21 11 18 2650 50
11 12 4 2482 9
19 11 17 2723 44
22 15 15 2745 73
30 11 2 2591 2
46 12 17 2767 12
38 17 16 2707 42
19 12 4 2767 32
15 13 11 2711 68
12 9 15 2818 70
17 8 19 2618 11
36 9 0 2500 57
11 13 8 2739 76
34 9 8 2815 41
45 12 0 2647 86
1 5 11 2779 20
46 13 12 2779 44
26 7 4 2799 57
21 12 5 2700 57
31 13 10 2472 35
25 10 10 2507 82
2 12 19 2629 69
27 8 2 2618 37
12 10 10 2888 1
29 12 10 2889 48
10 14 17 2779 89
16 10 16 2749 80
0 11 9 2618 8
44 14 2 2669 17
10 15 14 2868 83
14 14 13 2654 11
47 8 19 2698 54
5 12 10 2937 83
22 16 6 2818 34
35 11 7 2547 38
45 13 9 2733 38
9 15 8 2856 27
27 9 8 2883 71
42 12 7 2728 67
4 15 18 2700 34
38 18 1 2749 74
16 11 1 2829 12
48 6 15 2888 7
46 14 8 2954 83
11 14 14 2951 27
31 14 2 2686 37
41 9 7 2795 35
25 11 19 2752 6
47 9 18 2752 20
37 12 19 2758 31
8 11 14 2978 13
21 13 17 2868 19
7 12 12 2823 40
29 13 13 2937 95
44 15 7 2830 13
13 13 1 2841 54
11 15 16 2978 8
30 12 5 2757 63
33 12 7 2843 59
36 10 1 2895 9
32 10 14 2991 42
38 19 0 2823 18
6 12 3 2647 17
36 11 7 2904 71
34 10 13 3032 35
20 14 14 3033 56
2 13 1 2904 87
26 8 9 2856 66
33 13 18 2902 12
45 14 15 2895 9
11 16 6 2986 44
36 12 3 2975 34
12 11 9 2922 93
47 10 13 3067 51
32 11 1 3033 16
20 15 13 3118 44
15 14 8 3037 92
37 13 18 2914 66
18 8 3 3009 40
48 7 0 2895 98
35 12 11 2799 76
5 13 1 3049 32
24 15 4 2856 49
0 12 12 2863 9
17 9 11 2875 66
0 13 14 3089 20
43 9 17 2887 42
33 14 17 2929 58
49 15 7 2975 23
8 12 5 2991 44
13 14 15 2904 68
29 14 17 3032 28
15 15 1 3129 48
11 17 7 3030 81
19 13 16 2986 33
47 11 12 3118 88
1 6 14 3109 17
23 15 15 2972 50
28 15 10 3020 7
46 15 1 3177 7
44 16 16 3019 74
10 16 6 3030 59
26 9 10 3027 83
31 15 3 3049 93
25 12 15 3022 96
7 13 4 2905 94
13 15 6 3089 21
43 10 0 2993 6
33 15 9 3015 93
8 13 7 3111 69
29 15 19 3060 43
15 16 3 3177 9
19 14 0 3019 37
25 13 14 3126 37
40 8 15 3118 1
35 13 12 3206 40
26 10 16 3110 7
12 12 0 3056 54
32 12 5 3049 10
8 14 6 3180 3
46 16 2 3184 32
48 8 11 2993 2
10 17 12 3246 45
31 16 13 3162 42
37 14 8 3129 49
14 15 18 2980 61
14 16 11 3041 92
47 12 4 3206 82
5 14 18 3081 71
22 17 7 3180 42
35 14 0 3246 2
45 15 14 3163 7
9 16 13 3204 68
27 10 5 3059 99
42 13 0 3248 13
4 16 5 3158 70
16 12 7 3222 26
48 9 5 3228 90
46 17 0 3261 36
11 18 18 3152 7
31 17 6 3204 89
41 10 6 3293 4
25 14 3 3186 26
37 15 13 3272 51
8 15 11 3183 97
21 14 7 3248 12
7 14 0 3297 36
29 16 16 3117 71
44 17 15 3119 63
13 16 19 3110 66
11 19 2 3216 80
30 13 8 3178 99
33 16 1 3184 47
36 13 14 3170 27
32 13 8 3277 26
6 13 11 3280 78
36 14 12 3291 87
34 11 19 3176 35
20 16 9 3162 60
26 11 17 3117 21
45 16 2 3296 74
36 15 10 3378 24
12 13 18 3159 13
32 14 19 3303 50
20 17 3 3222 90
37 16 7 3323 29
18 9 8 3303 86
48 10 10 3402 74
35 15 2 3370 40
5 15 9 3222 72
24 16 13 3323 42
0 14 15 3182 78
17 10 4 3288 75
0 15 2 3410 77
43 11 2 3487 43
8 16 8 3389 65
44 18 8 3454 9
13 17 13 3365 52
19 15 7 3352 92
25 15 7 3444 89
44 19 1 3463 84
3 12 12 3378 97
7 15 1 3547 67
28 16 4 3363 38
42 14 6 3297 60
31 18 15 3293 34
36 16 6 3402 63
30 14 6 3465 75
46 18 11 3358 26
3 13 5 3475 75
22 18 0 3333 12
43 12 1 3614 47
24 17 11 3384 12
1 7 18 3172 55
9 17 12 3475 5
8 17 2 3530 16
39 15 3 3312 96
26 12 3 3408 96
2 14 8 3463 71
43 13 19 3661 9
48 11 18 3476 23
48 12 17 3499 93
19 16 10 3476 95
17 11 0 3363 67
29 17 5 3550 9
26 13 19 3670 7
1 8 13 3417 57
12 14 6 3540 30
1 9 1 3661 21
30 15 0 3540 52
30 16 12 3592 59
12 15 12 3651 17
17 12 3 3504 32
6 14 13 3474 87
6 15 4 3561 64
42 15 13 3561 75
39 16 9 3408 98
16 13 8 3534 78
23 16 9 3506 28
9 18 19 3677 47
28 17 13 3636 46
22 19 14 3345 99
0 16 16 3487 31
41 11 15 3327 13
27 11 4 3625 49
40 9 0 3592 46
21 15 4 3674 84
49 16 0 3638 63
13 18 11 3417 54
5 16 11 3471 95
0 17 18 3518 44
32 15 7 3533 69
23 17 2 3546 57
16 14 3 3612 63
39 17 10 3571 35
21 16 19 3758 69
33 17 10 3606 73
45 17 11 3566 80
36 17 4 3758 6
12 16 1 3682 16
47 13 14 3444 68
32 16 4 3764 35
20 18 12 3668 46
15 17 14 3512 75
37 17 17 3592 52
18 10 0 3701 40
48 13 19 3827 94
35 16 4 3799 92
5 17 5 3566 39
0 18 8 3612 9
17 13 5 3605 74
0 19 6 3621 40
43 14 10 3679 30
33 18 13 3682 90
8 18 16 3546 57
13 19 0 3741 21
29 18 18 3562 53
15 18 15 3587 31
19 17 1 3698 77
25 16 0 3762 41
47 14 17 3644 69
2 15 15 3618 18
3 14 18 3615 70
7 16 7 3614 59
14 17 10 3709 49
28 18 5 3682 41
42 16 17 3713 38
15 19 10 3758 75
45 18 13 3772 75
31 19 12 3714 25
33 19 3 3772 18
36 18 8 3764 66
4 17 11 3646 62
30 17 16 3651 16
46 19 6 3661 49
3 15 4 3891 67
49 17 10 3833 1
43 15 13 3847 6
1 10 8 3830 61
49 18 11 3834 91
9 19 14 3724 61
8 19 9 3603 65
39 18 7 3673 51
35 17 6 3891 73
26 14 7 3724 31
19 18 9 3775 97
2 16 9 3872 41
47 15 11 3925 15
5 18 8 3891 37
35 18 19 3964 86
45 19 6 3964 80
27 12 10 3834 57
42 17 1 3775 36
4 18 14 3785 44
16 15 2 3675 3
48 14 13 3921 41
41 12 16 3667 54
29 19 0 3803 31
14 18 7 3758 83
18 11 6 4044 30
49 19 4 3958 50
43 16 5 3853 73
1 11 9 3913 63
25 17 6 4074 57
3 16 8 3958 36
23 18 12 3739 87
16 16 4 4008 97
47 16 0 3940 72
39 19 2 3724 48
4 19 12 3829 67
3 17 17 3994 11
5 19 2 3928 21
35 19 8 4050 6
42 18 10 3891 19
23 19 8 4056 57
19 19 19 4050 8
17 14 10 3910 8
17 15 14 3918 44
34 12 2 3949 52
26 15 6 4131 99
40 10 7 3841 44
40 11 5 3926 83
6 16 16 3721 47
1 12 19 4058 17
12 17 2 4001 3
1 13 12 4075 14
30 18 14 3962 24
41 13 12 4089 94
42 19 3 3910 68
10 18 0 4012 37
14 19 17 4005 91
47 17 6 4230 3
25 18 13 4131 23
2 17 3 3978 78
3 18 15 4005 97
25 19 4 4154 9
7 17 13 4154 55
30 19 9 3986 55
12 18 13 4209 2
17 16 17 4096 94
36 19 11 3940 65
7 18 8 4209 15
34 13 4 4163 90
1 14 0 4089 59
28 19 2 4004 8
10 19 19 4075 23
26 16 0 4230 14
7 19 18 4224 71
2 18 16 4056 60
48 15 7 3962 49
17 17 8 4224 61
43 17 4 4253 20
47 18 1 4233 59
27 13 11 4005 95
16 17 13 4211 27
48 16 14 4011 2
41 14 17 4190 89
47 19 10 4292 43
37 18 9 4041 34
32 17 6 4233 18
12 19 8 4285 19
37 19 14 4075 44
48 17 4 4273 9
43 18 12 4273 1
3 19 11 4102 55
41 15 10 4335 79
18 12 16 4116 55
32 18 13 4251 18
32 19 18 4295 77
18 13 13 4269 48
26 17 2 4244 85
17 18 15 4285 18
34 14 5 4253 18
16 18 9 4238 25
2 19 17 4279 85
16 19 0 4263 21
43 19 8 4304 12
34 15 18 4372 80
1 15 2 4329 91
26 18 5 4329 57
21 17 11 4157 14
27 14 9 4263 19
18 14 1 4317 37
1 16 15 4420 54
27 15 3 4282 73
40 12 14 4119 68
18 15 2 4420 14
24 18 12 4274 76
34 16 17 4452 29
20 19 16 4171 7
18 16 9 4434 49
48 18 2 4434 83
24 19 8 4350 17
17 19 13 4317 99
34 17 9 4483 17
41 16 19 4414 74
27 16 15 4474 64
48 19 1 4517 84
41 17 13 4488 31
21 18 6 4251 8
6 17 2 4517 66
18 17 4 4483 59
6 18 9 4583 64
41 18 2 4583 70
27 17 12 4538 64
40 13 16 4187 9
21 19 15 4538 10
34 18 10 4500 74
26 19 8 4386 15
34 19 16 4574 90
40 14 18 4452 32
40 15 19 4488 19
6 19 8 4647 47
1 17 4 4542 64
1 18 17 4606 21
41 19 4 4653 97
40 16 1 4601 67
40 17 3 4668 10
1 19 6 4627 47
27 18 0 4602 55
18 18 10 4574 15
27 19 13 4657 85
18 19 14 4589 99
40 18 8 4694 12
40 19 4 4750 99
