18 0 17 0 45
26 0 9 0 90
16 0 15 0 5
0 0 9 90 62
47 0 10 0 11
25 0 5 0 67
34 0 2 0 7
47 1 1 11 86
32 0 3 0 42
45 0 14 0 78
41 0 13 0 30
40 0 11 0 88
38 0 18 0 45
27 0 16 0 63
13 0 1 97 58
25 1 17 67 76
49 0 0 0 33
21 0 14 78 44
44 0 8 0 64
29 0 4 0 3
24 0 18 45 29
0 1 6 152 3
22 0 15 5 46
19 0 5 67 66
30 0 6 155 54
40 1 6 209 82
37 0 5 133 56
32 1 16 63 97
16 1 10 11 46
18 1 16 160 3
19 1 3 133 28
7 0 10 57 45
40 2 13 291 27
21 1 6 291 59
44 1 18 74 98
5 0 4 3 48
5 1 8 64 21
36 0 4 51 75
27 1 0 63 85
7 1 9 152 83
22 1 12 51 11
43 0 5 189 43
32 2 19 160 65
31 0 18 172 23
41 1 15 51 6
49 1 7 33 16
19 2 18 195 4
30 1 7 209 68
16 2 4 126 19
32 3 13 318 51
39 0 1 155 10
0 2 3 161 77
44 2 16 172 47
20 0 19 225 30
28 0 4 145 95
23 0 14 122 18
45 1 1 165 89
17 0 11 88 47
12 0 6 350 20
11 0 16 219 5
36 1 14 140 71
49 2 9 235 52
25 2 10 143 91
22 2 5 232 59
11 1 14 224 97
17 1 6 370 35
21 2 7 350 92
34 1 14 321 52
36 2 18 211 89
31 1 15 195 25
7 2 2 235 54
38 1 8 85 55
18 2 0 163 57
39 1 11 165 70
45 2 5 291 76
24 1 16 224 85
35 0 9 287 99
12 1 0 370 7
5 2 9 386 71
8 0 16 309 62
7 3 7 442 19
30 2 11 277 44
16 3 11 321 67
0 3 2 289 45
45 3 17 367 50
28 1 12 240 5
31 2 17 417 21
21 3 1 442 31
39 2 15 235 5
24 2 10 309 91
22 3 9 457 27
11 2 3 321 37
19 3 0 377 69
20 1 13 369 9
40 3 9 484 53
40 4 7 537 42
23 1 3 358 37
42 0 12 245 70
17 2 1 473 57
18 3 14 373 44
15 0 9 537 58
35 1 18 386 31
15 1 6 595 1
29 1 3 395 93
12 2 9 595 23
10 0 5 367 29
13 1 10 400 62
10 1 18 417 44
22 4 1 530 79
1 0 2 334 56
33 0 5 396 60
33 1 2 456 50
43 1 4 240 33
9 0 12 315 96
42 1 3 488 46
39 3 7 579 38
29 2 8 488 12
31 3 12 438 15
20 2 12 453 37
46 0 15 240 56
48 0 12 490 97
48 1 17 587 73
43 2 17 660 16
37 1 8 500 94
40 5 0 579 53
47 2 3 534 80
33 2 13 506 86
6 0 4 273 33
10 2 12 587 55
5 3 3 614 94
22 5 13 609 86
7 4 5 461 70
13 2 14 462 55
13 3 7 617 79
22 6 14 695 51
27 2 12 642 76
44 3 19 255 16
2 0 10 462 95
4 0 11 388 25
1 1 6 596 90
17 3 9 618 69
20 3 2 506 85
46 1 10 557 65
4 1 9 687 38
32 4 11 413 1
28 2 14 746 91
3 0 9 725 51
8 1 4 371 96
46 2 9 776 15
41 2 3 708 64
46 3 3 791 13
39 4 16 617 42
18 4 6 686 34
30 3 12 718 4
31 4 16 659 64
17 4 15 687 99
44 4 4 467 76
9 1 6 720 24
16 4 0 632 41
23 2 0 673 18
38 2 9 791 13
0 4 7 696 42
14 0 8 594 74
12 3 5 618 24
46 4 2 804 40
11 3 2 844 63
7 5 11 531 16
26 1 18 461 78
49 3 18 539 72
24 3 1 609 43
22 7 7 746 47
10 3 10 642 51
15 2 4 596 92
33 3 17 676 7
15 3 0 691 83
24 4 4 688 65
4 2 5 725 10
48 2 18 660 13
37 2 17 683 47
41 3 18 772 33
17 5 0 786 16
1 2 13 695 21
4 3 6 744 71
22 8 4 793 22
48 3 2 907 34
37 3 9 804 81
41 4 14 837 41
17 6 16 802 91
1 3 14 878 43
43 3 9 885 91
4 4 10 815 80
7 6 3 804 74
0 5 1 738 77
1 4 8 921 12
38 3 3 878 15
17 7 10 895 36
23 3 18 805 76
42 2 9 976 32
5 4 15 786 64
36 3 7 793 31
34 2 7 824 81
22 9 6 815 16
34 3 0 905 58
31 5 19 723 6
35 2 17 730 90
25 3 4 815 69
47 3 7 905 8
33 4 16 893 10
6 1 2 941 99
10 4 17 820 49
5 5 19 850 67
7 7 18 881 27
13 4 0 963 55
13 5 6 1018 27
27 3 8 933 72
44 5 10 931 50
2 1 11 557 15
4 5 19 917 41
1 5 18 933 94
17 8 8 1005 14
20 4 11 591 69
9 2 2 1040 88
4 6 17 958 76
3 1 0 1018 82
11 4 7 913 66
28 3 7 979 1
28 4 18 1027 52
6 2 10 1040 49
2 2 4 884 51
43 4 3 976 87
37 4 10 1089 21
15 4 18 1079 99
14 1 3 1063 26
8 2 14 921 7
20 5 18 1178 22
7 8 12 908 84
30 4 5 735 62
2 3 19 958 53
34 4 11 963 4
44 6 13 981 61
34 5 18 1200 53
26 2 19 1011 61
26 3 4 1072 61
14 2 19 1089 90
29 3 1 815 66
12 4 14 928 11
12 5 18 1253 38
47 4 14 939 72
48 4 11 967 5
9 3 11 1128 61
9 4 3 1189 10
21 4 13 1042 69
41 5 1 881 35
3 2 13 1111 63
32 5 9 1008 16
3 3 2 1174 66
45 4 15 850 89
39 5 4 1133 64
29 4 17 1034 19
31 6 10 1110 96
20 6 17 1200 23
46 5 8 1019 46
48 5 9 1024 84
43 5 16 1063 5
37 5 16 1110 84
40 6 15 939 6
47 5 0 1100 15
33 5 12 992 12
6 3 19 1179 66
10 5 14 1011 43
5 6 12 1004 21
7 9 13 1174 13
27 4 1 1005 40
44 7 3 1199 62
2 4 9 1108 67
4 7 1 1045 92
1 6 7 1027 81
17 9 3 1261 58
46 6 12 1065 74
32 6 12 1139 74
28 5 17 1223 87
12 6 3 1319 56
36 4 6 1045 39
49 4 19 1245 54
25 4 0 1115 13
11 5 10 1206 40
21 5 11 1189 53
21 6 2 1242 63
36 5 13 1187 70
34 6 6 1253 86
47 6 5 1115 8
32 7 4 1213 54
45 5 6 1339 68
41 6 11 1242 92
40 7 16 1194 80
38 4 16 1274 96
27 5 13 1257 42
13 6 5 1123 77
25 5 9 1175 72
49 5 14 1299 67
21 7 3 1375 94
44 8 14 1366 88
29 5 9 1247 85
24 5 2 1305 6
0 6 15 945 42
22 10 11 1334 24
19 4 7 1108 44
30 5 19 1299 86
40 8 8 1274 55
37 6 13 1299 98
16 5 16 1370 8
18 5 13 1397 27
19 5 2 1311 58
7 10 8 1329 6
40 9 4 1329 95
21 8 12 1469 74
5 7 17 1310 2
27 6 10 1299 4
7 11 4 1424 97
22 11 0 1358 80
43 6 10 1303 74
31 7 8 1335 68
41 7 16 1378 65
49 6 6 1407 71
19 6 11 1369 86
30 6 9 1385 85
16 6 5 1378 51
39 6 3 1469 99
0 7 17 1312 78
20 7 15 1223 97
28 6 0 1438 56
23 4 19 1385 30
45 6 12 1543 48
17 10 13 1424 10
12 7 8 1403 73
11 6 1 1246 95
49 7 8 1478 41
25 6 18 1291 98
22 12 3 1568 5
11 7 13 1434 51
17 11 5 1434 91
34 7 10 1377 32
31 8 14 1454 58
7 12 19 1521 47
38 5 10 1409 19
18 6 18 1424 74
39 7 0 1568 28
31 9 9 1512 75
7 13 16 1568 87
38 6 11 1455 18
18 7 7 1498 88
39 8 13 1596 30
45 7 10 1591 1
24 6 19 1568 69
35 3 11 1473 67
8 3 18 1498 84
5 8 0 1596 58
36 6 5 1525 5
31 10 3 1587 66
19 7 6 1478 64
30 7 18 1582 42
16 7 7 1586 11
0 8 0 1654 20
20 8 6 1542 50
28 7 6 1592 83
23 5 8 1519 88
45 8 3 1653 77
17 12 7 1597 64
11 8 11 1540 8
36 7 9 1587 60
11 9 19 1637 35
17 13 17 1661 44
21 9 4 1543 53
36 8 0 1674 13
18 8 4 1596 32
24 7 9 1647 4
35 4 15 1540 73
5 9 13 1654 38
21 10 0 1687 67
19 8 8 1607 16
42 3 5 1530 34
2 5 12 1591 53
20 9 16 1655 36
9 5 5 1564 77
15 5 14 1512 64
35 5 16 1691 74
15 6 2 1576 7
29 6 14 1576 66
10 6 6 1675 1
13 7 18 1624 13
10 7 7 1676 32
22 13 16 1765 57
9 6 15 1641 46
27 7 3 1730 66
42 4 13 1692 67
40 10 12 1644 83
9 7 7 1708 49
27 8 19 1796 63
42 5 19 1859 10
29 7 11 1642 96
31 11 1 1653 57
20 10 10 1691 12
48 6 10 1703 60
18 9 19 1869 4
30 8 10 1763 55
44 9 15 1687 37
9 8 10 1818 91
16 8 2 1597 67
23 6 4 1628 69
38 7 4 1697 5
0 9 18 1674 81
14 3 13 1759 73
1 7 11 1738 58
3 4 3 1796 21
8 4 6 1676 70
41 8 8 1623 54
23 7 9 1697 19
38 8 17 1705 62
14 4 18 1832 28
26 4 0 1754 34
42 6 4 1869 32
36 9 3 1817 32
34 8 16 1822 54
22 14 17 1822 79
34 9 4 1901 38
35 6 6 1765 69
25 7 8 1677 16
47 7 11 1796 77
33 6 11 1873 50
6 4 1 1710 77
10 8 8 1708 99
13 8 12 1727 53
27 9 6 1859 81
2 6 18 1860 26
1 8 9 1796 20
17 14 18 1886 79
20 11 9 1816 10
46 7 19 1873 34
4 8 15 1724 86
32 8 5 1641 87
28 8 1 1787 54
3 5 7 1817 66
8 5 19 1907 31
8 6 11 1938 35
46 8 17 1907 1
41 9 7 1883 68
46 9 0 1908 56
39 9 10 1909 82
18 10 1 1873 98
30 9 1 1971 69
31 12 6 1940 85
44 10 2 1724 89
9 9 1 2040 41
16 9 18 1965 68
23 8 13 1832 29
0 10 4 1939 39
14 5 5 1860 16
12 8 11 1973 22
46 10 13 1964 2
11 10 0 1964 63
7 14 15 1810 31
26 5 8 1807 4
24 8 8 1811 94
22 15 19 1938 42
10 9 16 1876 49
15 7 19 1980 22
33 7 8 1923 67
19 9 4 1978 19
32 9 15 1841 38
3 6 4 1997 72
8 7 15 1973 37
18 11 3 1971 25
1 9 19 2002 83
4 9 16 1925 33
48 7 0 2027 22
37 7 7 1951 5
43 7 2 1813 43
0 11 11 1995 91
38 9 0 2049 76
23 9 11 2086 41
42 7 17 1908 32
36 10 11 2127 22
8 8 8 2010 99
30 10 8 2109 67
16 10 13 2033 46
0 12 5 2086 13
45 9 7 1956 99
39 10 6 2025 92
24 9 12 1905 72
22 16 10 1991 46
19 10 1 2081 9
46 11 4 2069 96
32 10 2 1879 48
3 7 6 2117 35
8 9 17 2109 64
46 12 16 2165 12
46 13 6 2177 17
18 12 8 2176 7
17 15 12 1977 66
1 10 1 2090 41
4 10 14 1958 42
22 17 2 2037 99
48 8 15 2049 40
37 8 2 2136 76
17 16 2 2212 31
43 8 0 2125 81
0 13 13 2099 53
38 10 12 2125 61
35 7 19 2085 29
15 8 3 2002 29
29 8 5 2099 74
10 10 3 2031 84
13 9 2 2243 31
10 11 1 2131 53
22 18 8 2183 49
9 10 18 2081 37
27 10 9 1940 8
42 8 18 2118 5
40 11 5 2173 66
42 9 6 2194 4
29 9 15 2173 73
31 13 11 2149 56
20 12 7 2055 43
48 9 5 2239 3
18 13 15 2246 73
30 11 17 2176 71
44 11 5 2242 18
16 11 19 2114 16
23 10 12 2186 58
38 11 1 2186 14
0 14 19 2152 30
14 6 16 2177 30
1 11 15 2319 84
3 8 16 2207 74
8 10 12 2244 53
41 10 9 1951 52
23 11 10 2244 8
26 6 17 2247 52
42 10 14 2198 41
36 11 12 2297 1
34 10 9 2003 71
22 19 18 2232 54
35 8 1 2200 92
25 8 11 2205 79
47 8 15 2403 24
33 8 9 2074 65
6 5 16 2281 88
10 12 13 2184 57
7 15 6 2198 34
13 10 13 2274 11
2 7 17 2299 40
1 12 17 2403 16
17 17 4 2243 10
20 13 1 2292 1
46 14 1 2293 20
4 11 4 2253 90
32 11 10 2252 54
28 9 9 2139 15
46 15 5 2313 19
41 11 0 2206 13
46 16 14 2332 46
39 11 9 2154 64
31 14 2 2274 24
44 12 6 2260 38
12 9 2 2298 29
11 11 9 2218 17
7 16 14 2378 37
41 12 4 2343 6
39 12 14 2415 36
31 15 0 2298 34
11 12 4 2349 88
49 8 1 2313 55
24 10 0 2332 76
15 9 5 2332 48
33 9 1 2368 41
24 11 5 2408 83
4 12 2 2343 18
5 10 6 2298 12
45 10 9 2235 46
21 11 8 2232 24
19 11 14 2451 25
32 12 14 2476 44
17 18 19 2253 56
4 13 0 2408 17
48 10 19 2309 8
37 9 6 2310 6
17 19 14 2520 7
43 9 13 2285 23
42 11 11 2284 13
35 9 2 2361 86
25 9 3 2284 38
37 10 18 2316 62
15 10 17 2419 70
14 7 6 2316 69
3 9 10 2306 60
11 13 5 2491 15
28 10 8 2256 55
28 11 11 2311 10
6 6 15 2427 42
2 8 2 2447 13
43 10 14 2527 54
37 11 19 2378 40
15 11 7 2489 69
14 8 11 2385 43
8 11 0 2425 39
7 17 1 2415 76
30 12 3 2322 79
26 7 12 2299 59
26 8 13 2358 20
14 9 7 2558 48
48 11 7 2606 64
43 11 11 2581 83
37 12 15 2469 58
40 12 14 2581 11
47 9 12 2427 78
33 10 3 2409 47
6 7 8 2469 8
10 13 4 2437 40
5 11 10 2366 11
7 18 17 2491 31
13 11 15 2527 81
13 12 16 2608 7
27 11 18 2378 61
44 13 17 2522 10
2 9 16 2615 39
4 14 12 2505 91
1 13 5 2506 6
20 14 3 2456 33
4 15 18 2596 24
32 13 8 2520 51
28 12 19 2418 20
3 10 17 2532 92
8 12 1 2491 67
41 13 6 2385 36
18 14 12 2596 46
30 13 0 2464 66
31 16 7 2670 64
44 14 1 2558 1
9 11 8 2571 69
16 12 1 2559 18
23 12 6 2421 37
38 12 6 2458 22
0 15 10 2377 95
14 10 10 2606 67
12 10 4 2477 12
11 14 6 2506 33
7 19 0 2530 37
26 9 10 2673 29
49 9 4 2489 32
24 12 13 2491 21
15 12 13 2558 60
33 11 10 2702 59
15 13 1 2618 51
24 13 6 2539 45
4 16 7 2734 96
37 13 0 2567 18
41 14 12 2642 75
1 14 12 2717 64
4 17 13 2830 82
37 14 14 2592 97
41 15 17 2717 59
1 15 16 2781 63
43 12 12 2781 5
4 18 3 2912 77
0 16 8 2640 82
1 16 0 2844 16
38 13 15 2608 23
23 13 1 2669 17
5 12 5 2512 63
36 12 2 2460 56
34 11 19 2438 43
34 12 12 2786 58
31 17 5 2734 1
35 10 10 2761 90
25 10 16 2844 76
47 10 4 2521 53
6 8 0 2860 64
5 13 14 2689 27
13 13 11 2664 94
13 14 9 2758 11
27 12 4 2574 33
44 15 11 2758 36
2 10 7 2830 59
1 17 4 2860 12
20 15 4 2872 7
9 12 0 2924 37
3 11 15 2631 28
11 15 18 2620 11
30 14 13 2912 1
31 18 13 2913 82
44 16 9 2794 10
9 13 19 2961 85
16 13 3 2989 12
14 11 2 2673 91
12 11 16 2920 86
26 10 16 3006 6
19 12 16 3012 26
32 14 0 2961 48
3 12 8 2722 89
8 13 9 2804 20
43 13 6 2786 68
38 14 7 2889 3
36 13 17 2776 53
34 13 1 2844 56
35 11 5 2851 72
20 16 14 2879 15
9 14 4 3046 14
15 14 16 3038 59
35 12 14 2923 5
15 15 11 3097 19
29 10 10 2851 21
10 14 9 2824 10
13 15 17 2829 84
10 15 11 3116 58
9 15 17 3060 34
27 13 2 2764 98
42 12 1 2900 24
40 13 10 2872 69
9 16 16 3097 83
27 14 7 2892 94
42 13 8 2924 13
29 11 16 3180 62
31 19 4 3060 71
20 17 8 2937 45
48 12 8 2982 23
18 15 11 3174 14
30 15 14 2928 12
44 17 0 3009 41
9 17 9 3180 30
16 14 12 3001 11
23 14 7 2986 23
38 15 19 3046 80
0 17 16 3242 70
14 12 0 3050 3
1 18 10 2941 93
3 13 12 3012 58
8 14 2 2862 15
41 16 2 2877 41
23 15 15 3009 94
38 16 2 3126 92
14 13 12 3070 1
26 11 14 3012 60
42 14 7 3009 14
36 14 1 2924 84
34 14 15 3103 63
34 15 13 3166 73
35 13 12 3071 21
25 11 15 3166 70
47 11 17 3094 29
33 12 15 3236 43
6 9 5 2924 2
10 16 19 3174 78
13 16 4 3131 5
27 15 15 3279 98
2 11 3 3001 90
1 19 3 3091 39
20 18 0 3053 28
46 17 7 3023 97
4 19 8 3005 83
32 15 17 3123 74
28 13 3 3130 73
3 14 19 3252 38
8 15 10 3034 53
46 18 18 3120 75
41 17 10 3087 97
46 19 11 3195 73
39 13 5 2926 56
18 16 2 3218 66
25 12 19 3290 30
6 10 7 3120 86
28 14 10 3203 59
6 11 18 3206 72
2 12 13 3239 45
43 14 1 3008 45
14 14 17 3197 93
3 15 18 3290 14
28 15 13 3284 30
28 16 2 3314 14
6 12 9 3278 26
2 13 6 3284 36
43 15 7 3206 85
14 15 14 3290 52
8 16 3 3203 83
30 16 4 3136 66
26 12 1 3072 93
5 14 11 3268 92
2 14 15 3377 33
3 16 5 3304 89
28 17 16 3328 6
8 17 7 3291 25
26 13 6 3320 95
26 14 2 3415 55
29 12 18 3304 91
12 12 12 3092 1
35 14 13 3314 11
9 18 14 3342 37
3 17 1 3393 17
28 18 5 3393 48
28 19 15 3441 28
6 13 17 3304 86
8 18 5 3441 65
30 17 2 3470 94
26 15 11 3470 12
26 16 3 3482 92
29 13 13 3395 97
12 13 19 3320 23
35 15 4 3325 3
8 19 13 3506 78
16 15 14 3379 11
45 11 18 3395 50
39 14 2 3564 11
19 13 9 3304 64
32 16 6 3415 82
42 15 16 3334 85
33 13 19 3343 1
6 14 12 3390 51
10 17 0 3252 27
6 15 14 3441 1
29 14 2 3575 61
20 19 5 3506 3
40 14 1 3410 89
33 14 14 3442 97
6 16 3 3574 40
10 18 2 3636 34
27 16 5 3509 35
44 18 7 3316 52
11 16 17 3390 10
26 17 7 3574 22
49 10 17 3400 41
24 14 17 3441 10
10 19 15 3670 32
15 16 8 3116 25
33 15 18 3539 67
15 17 12 3441 67
24 15 7 3596 84
48 13 16 3419 66
37 15 4 3328 89
41 18 19 3344 24
48 14 6 3497 3
37 16 12 3508 18
41 19 5 3544 77
43 16 18 3606 7
0 18 12 3526 37
38 17 14 3539 86
23 16 17 3451 92
42 16 15 3702 36
5 15 2 3670 64
36 15 10 3262 47
34 16 8 3239 54
34 17 3 3614 56
35 16 3 3670 3
25 13 7 3680 85
47 12 16 3485 13
21 12 16 3498 9
39 15 8 3575 78
24 16 3 3680 50
11 17 8 3653 84
19 14 12 3563 45
40 15 2 3734 79
40 16 18 3813 50
23 17 2 3813 1
42 17 2 3814 18
18 17 9 3368 87
15 18 10 3508 67
35 17 8 3737 29
15 19 15 3738 71
29 15 0 3636 62
12 14 13 3584 6
13 17 19 3368 67
33 16 7 3765 81
33 17 6 3846 34
43 17 15 3809 44
9 19 13 3590 4
42 18 0 3832 1
39 16 17 3653 2
29 16 6 3880 95
48 15 13 3594 35
48 16 3 3730 61
43 18 8 3853 90
37 17 11 3526 48
40 17 17 3863 7
47 13 6 3975 66
33 18 4 3880 27
6 17 13 3629 33
5 16 18 3863 9
13 18 3 3791 19
13 19 8 3943 24
27 17 17 3870 90
44 19 12 3608 55
2 15 5 3621 76
32 17 7 3846 59
3 18 11 3574 88
39 17 12 3663 18
18 18 5 3697 55
30 18 16 3564 41
16 16 6 4041 67
23 18 16 3814 79
38 18 13 3662 87
0 19 14 3625 55
14 16 15 3853 41
12 15 15 3894 45
11 18 12 3737 55
26 18 15 3939 2
49 11 12 3792 27
24 17 11 3730 74
33 19 0 3907 39
24 18 15 3941 39
48 17 1 3791 7
37 18 1 3798 44
48 18 14 3798 32
37 19 3 3842 48
43 19 19 3943 97
38 19 5 3752 23
23 19 5 3893 34
42 19 10 3833 23
39 18 19 4040 32
29 17 19 4072 13
48 19 4 3907 44
40 18 3 3890 31
47 14 13 4041 64
47 15 9 4105 58
6 18 11 3804 74
5 17 7 3905 50
27 18 14 3960 59
2 16 14 4019 13
32 18 1 3905 46
12 16 17 3960 70
36 16 15 3980 91
49 12 10 3856 54
25 14 14 4032 93
11 19 15 4071 28
21 13 17 4030 31
36 17 19 4085 85
34 18 17 4061 34
47 16 19 4170 19
32 19 18 3951 60
45 12 11 3878 81
40 19 19 4189 46
27 19 11 4019 27
25 15 12 4125 39
49 13 13 4105 72
21 14 5 4061 84
29 18 7 4085 33
24 19 14 4125 55
19 15 15 4099 10
30 19 15 4109 43
16 17 9 4163 2
18 19 10 3910 6
19 16 10 4109 95
21 15 10 4204 50
5 18 16 3955 55
49 14 16 4177 1
19 17 17 4204 99
16 18 8 4165 5
39 19 18 4072 54
45 13 4 3959 18
12 17 7 4118 25
49 15 2 4178 14
25 16 13 4177 3
6 19 6 4108 6
5 19 1 4010 15
2 17 0 4032 72
12 18 1 4143 1
36 18 16 4178 14
49 16 5 4192 5
25 17 1 4180 39
21 16 19 4254 19
21 17 18 4273 78
36 19 8 4192 10
34 19 5 4197 35
47 17 8 4202 18
45 14 13 4180 60
25 18 6 4219 88
49 17 11 4197 13
21 18 9 4351 3
29 19 12 4164 62
19 18 19 4303 46
49 18 3 4210 85
19 19 13 4349 79
16 19 17 4303 99
45 15 8 4240 65
12 19 10 4254 79
49 19 15 4295 20
25 19 2 4307 87
21 19 15 4354 39
45 16 16 4305 37
35 18 7 4143 27
45 17 0 4342 8
35 19 0 4350 39
47 18 18 4351 45
2 18 1 4219 42
3 19 14 4180 14
14 17 4 3977 31
26 19 5 4232 91
47 19 2 4396 5
2 19 8 4305 56
14 18 1 4261 54
14 19 9 4354 57
45 18 19 4350 47
45 19 2 4401 31
