1 0 15 0 6
28 0 3 0 77
33 0 9 0 9
24 0 5 0 24
19 0 10 0 15
40 0 3 77 23
8 0 7 0 52
6 0 15 6 11
23 0 19 0 72
30 0 7 52 82
0 0 7 134 32
45 0 4 0 20
31 0 6 0 66
35 0 10 15 80
41 0 6 66 45
1 1 0 6 64
1 2 2 70 34
43 0 8 0 81
47 0 16 0 36
11 0 12 0 17
41 1 2 111 56
37 0 0 70 3
33 1 0 73 15
24 1 15 24 16
48 0 11 0 37
30 1 6 134 47
42 0 3 100 56
45 1 1 20 65
26 0 12 17 48
22 0 18 0 99
3 0 6 181 23
12 0 1 85 36
44 0 9 9 35
47 1 14 36 8
14 0 5 24 62
40 1 6 204 94
32 0 16 36 1
43 1 16 81 12
2 0 15 40 69
42 1 19 156 90
17 0 1 121 92
37 1 18 99 6
10 0 6 298 21
18 0 8 81 8
34 0 9 44 85
6 1 12 65 84
34 1 5 129 14
23 1 15 109 61
16 0 10 95 99
2 1 11 109 26
44 1 4 44 6
6 2 4 149 17
12 1 5 143 6
30 2 19 246 93
47 2 10 194 78
34 2 1 213 8
3 1 16 204 7
44 2 7 166 91
24 2 16 211 13
5 0 9 129 69
5 1 5 198 55
26 1 14 65 40
26 2 19 339 65
5 2 14 253 23
25 0 17 0 58
45 2 7 257 18
24 3 9 224 88
23 2 4 170 26
32 1 8 89 41
21 0 12 149 78
19 1 18 105 11
33 2 16 224 42
47 3 12 272 32
38 0 3 156 15
27 0 5 253 54
14 1 15 170 33
6 3 2 167 87
49 0 13 0 47
14 2 11 203 45
25 1 8 130 70
22 1 5 307 57
43 2 9 312 71
4 0 13 47 11
46 0 15 203 61
23 3 7 275 62
31 1 14 276 36
37 2 16 266 61
46 1 2 264 83
8 1 14 312 25
20 0 13 58 48
18 1 11 248 64
40 2 12 304 61
14 3 14 337 4
41 2 19 404 10
0 1 15 264 13
17 1 3 213 29
45 3 19 414 21
22 2 17 364 77
23 4 8 337 15
32 2 4 196 53
4 1 8 352 59
27 1 3 307 66
4 2 2 411 77
44 3 12 365 16
0 2 11 312 32
40 3 15 365 39
37 3 9 383 62
26 3 2 488 92
35 1 11 344 79
35 2 14 423 32
28 1 6 319 11
5 3 17 441 81
43 3 7 383 39
44 4 6 381 46
8 2 0 337 6
25 2 5 364 26
45 4 17 522 13
23 5 9 445 44
19 2 8 411 33
38 1 11 423 34
27 2 10 373 18
49 1 7 422 1
46 2 19 435 46
37 4 13 445 54
20 1 12 381 28
40 4 14 455 8
7 0 10 391 88
33 3 10 479 32
33 4 19 511 51
3 2 1 221 49
36 0 12 409 65
8 3 6 427 91
14 4 12 474 20
6 4 14 463 45
38 2 18 457 70
49 2 11 457 10
12 2 10 511 93
41 3 5 414 49
15 0 16 327 30
12 3 4 604 57
30 3 12 494 41
32 3 1 270 29
3 3 7 423 94
42 2 18 527 71
44 5 13 499 79
25 3 0 390 59
43 4 10 604 99
33 5 3 562 74
33 6 4 661 58
34 3 8 444 8
49 3 0 467 88
40 5 7 517 71
21 1 2 580 32
41 4 12 535 77
7 1 0 555 84
9 0 0 639 60
20 2 7 588 37
26 4 5 580 11
48 1 14 508 90
39 0 13 578 29
9 1 7 699 95
29 0 14 598 93
21 2 1 612 66
1 3 5 591 60
1 4 12 651 49
41 5 9 612 43
1 5 17 700 3
1 6 10 703 59
7 2 18 639 41
6 5 5 651 68
21 3 5 719 34
47 4 13 607 93
22 3 1 678 48
18 2 15 404 97
14 5 13 700 14
21 4 3 753 58
10 1 10 762 14
20 3 6 625 12
25 4 13 714 19
15 1 19 562 49
20 4 15 637 61
44 6 15 698 55
18 3 2 612 20
20 5 16 698 89
18 4 3 811 17
40 6 10 776 93
7 3 1 726 81
14 6 18 714 24
42 3 10 869 50
41 6 10 919 8
1 7 4 762 47
37 5 1 807 85
27 3 1 892 54
26 5 9 655 29
48 2 0 699 80
30 4 4 809 23
25 5 16 787 87
46 3 14 691 71
31 2 5 753 12
13 0 18 738 70
33 7 5 765 26
28 2 13 733 61
39 1 6 637 54
28 3 18 808 44
9 2 5 794 20
29 1 11 691 85
10 2 14 776 63
13 1 2 808 59
10 3 7 839 63
9 3 8 814 99
15 2 0 779 93
20 6 11 787 31
44 7 17 753 96
18 5 10 927 2
0 3 5 814 51
40 7 13 869 72
38 3 12 700 90
37 6 10 929 26
37 7 7 955 4
26 6 17 849 68
1 8 11 818 15
7 4 16 874 4
48 3 6 779 26
1 9 1 946 77
7 5 7 959 6
48 4 2 867 42
3 4 11 833 75
25 6 2 909 55
46 4 16 878 25
31 3 0 872 88
13 2 7 965 33
11 1 4 832 52
41 7 11 927 66
1 10 18 1023 24
33 8 12 791 51
11 2 1 1023 12
6 6 16 903 10
41 8 16 993 31
17 2 17 917 58
36 1 16 1024 1
35 3 7 998 35
1 11 3 1047 78
28 4 2 964 20
27 4 14 946 85
39 2 16 1025 11
28 5 19 984 39
9 4 14 1031 30
36 2 9 1025 29
36 3 3 1125 60
11 3 15 1035 60
37 8 3 1185 27
29 2 0 960 73
32 4 13 941 75
24 4 17 975 92
18 6 18 1047 65
5 4 12 842 43
10 4 11 993 89
43 5 15 1095 70
35 4 13 1033 67
40 8 17 1067 55
12 4 9 1054 28
38 4 15 1165 47
13 3 17 1122 8
22 4 12 885 33
31 4 3 1212 83
18 7 6 1112 92
21 5 14 1061 6
49 4 1 1035 38
10 5 0 1082 19
25 7 1 1073 12
15 3 12 918 82
25 8 19 1085 49
21 6 8 1067 93
13 4 14 1130 80
46 5 9 1082 8
23 6 6 1204 3
3 5 5 908 56
42 4 4 919 29
28 6 5 1023 21
44 8 1 1085 86
25 9 18 1134 41
44 9 5 1171 45
33 9 6 1207 25
33 10 17 1232 9
34 4 2 984 50
49 5 19 1134 83
16 1 19 1217 22
36 4 13 1185 55
40 9 16 1122 95
7 6 8 1160 72
21 7 17 1241 19
7 7 3 1295 98
6 7 18 1175 10
47 5 7 1033 31
22 5 14 1210 59
18 8 5 1216 29
14 7 9 1090 84
10 6 19 1239 84
20 7 2 1034 90
20 8 9 1174 92
44 10 11 1216 43
18 9 17 1260 27
20 9 19 1323 52
18 10 12 1287 62
40 10 1 1217 12
14 8 19 1375 58
42 5 5 1245 63
20 10 18 1375 99
46 6 1 1229 81
49 6 9 1266 83
38 5 17 1287 72
34 5 0 1101 94
13 5 15 1212 8
10 7 15 1323 85
49 7 17 1359 99
38 6 0 1359 25
13 6 4 1220 58
0 4 9 1349 74
17 3 18 1474 91
18 11 19 1433 49
44 11 2 1259 5
16 2 16 1239 94
23 7 0 1384 7
16 3 7 1333 70
40 11 2 1264 60
15 4 18 1565 67
39 3 10 1036 93
29 3 12 1349 76
4 3 0 1391 20
26 7 7 1403 70
2 2 8 1232 30
6 8 11 1259 14
26 8 3 1473 21
29 4 17 1458 33
4 4 19 1482 60
26 9 0 1494 49
23 8 10 1391 78
28 7 15 1408 80
45 5 0 1543 74
17 4 5 1565 18
8 4 12 1425 12
3 6 14 1269 92
38 7 19 1542 57
15 5 15 1632 25
34 6 11 1273 11
39 4 1 1310 2
10 8 4 1408 26
16 4 6 1403 69
14 9 2 1433 90
39 5 9 1423 86
29 5 1 1491 93
42 6 0 1617 1
44 12 14 1361 95
38 8 4 1599 20
37 9 5 1583 54
30 5 0 1618 98
0 5 16 1423 73
37 10 12 1637 84
10 9 9 1509 78
18 12 7 1482 95
34 7 14 1456 87
31 5 17 1491 4
35 5 15 1657 44
41 9 17 1495 74
1 12 9 1587 71
47 6 8 1262 11
41 10 13 1569 93
24 5 1 1584 17
48 5 9 1658 34
45 6 9 1692 44
26 10 18 1632 42
22 6 7 1577 51
33 11 1 1601 52
24 6 7 1628 27
48 6 15 1701 67
16 5 4 1619 41
43 6 3 1494 35
8 5 1 1653 79
8 6 11 1732 26
46 7 13 1662 60
13 7 3 1529 97
36 5 18 1674 47
16 6 15 1768 46
31 6 12 1721 84
11 4 19 1599 21
34 8 19 1620 44
17 5 11 1758 15
4 5 11 1773 33
25 10 14 1543 87
33 12 2 1653 87
16 7 3 1814 88
14 10 16 1523 95
7 8 13 1722 70
25 11 4 1660 52
7 9 6 1792 27
25 12 3 1902 85
11 5 16 1620 10
34 9 4 1712 35
49 8 8 1458 1
13 8 11 1806 96
17 6 14 1773 22
17 7 9 1795 79
4 6 9 1874 16
39 6 0 1716 81
28 8 11 1902 3
45 7 18 1736 39
17 8 16 1874 18
27 5 11 1905 42
9 5 1 1732 48
10 10 5 1637 53
14 11 6 1819 46
30 6 8 1716 12
0 6 0 1797 48
35 6 9 1890 37
1 13 14 1795 19
11 6 17 1630 18
8 7 19 1758 80
9 6 4 1780 11
18 13 16 1892 5
9 7 15 1814 55
32 5 0 1845 17
24 7 13 1792 23
5 5 11 1947 62
12 5 2 1740 9
22 7 10 1628 91
15 6 1 1780 63
19 3 13 1815 83
6 9 8 1728 86
6 10 7 1814 90
36 6 1 1843 69
39 7 7 1904 23
29 6 19 1838 98
42 7 17 1648 69
44 13 3 1987 14
38 9 13 1898 80
37 11 2 1749 3
30 7 14 1814 52
0 7 8 1845 13
45 8 16 1897 97
31 7 16 1994 68
35 7 5 1927 7
41 11 0 1862 49
1 14 19 1936 65
47 7 9 1927 41
41 12 1 1912 57
24 8 6 1865 10
48 7 5 1934 59
42 8 9 1968 97
45 9 10 1994 24
26 11 1 1969 67
22 8 6 1875 75
47 8 18 1968 12
33 13 7 1927 23
24 9 0 1911 88
48 8 12 1993 81
16 8 13 1978 87
43 7 4 1791 84
22 9 19 2001 24
23 9 3 2001 56
32 6 11 2009 53
43 8 18 1980 22
18 14 9 2065 93
40 12 4 1875 82
7 10 15 1869 9
14 12 4 1957 60
42 9 13 2065 85
41 13 18 2002 23
1 15 8 2001 88
37 12 6 1950 2
4 7 10 2018 13
27 6 16 2062 35
4 8 7 2031 72
44 14 19 2025 30
0 8 1 2036 6
40 13 0 1999 46
37 13 4 2017 12
35 8 1 2042 93
16 9 11 2065 11
7 11 9 2158 45
25 13 12 2074 39
11 7 11 2076 30
49 9 12 2113 28
13 9 19 2055 47
17 9 12 2141 95
28 9 1 2135 44
45 10 3 2057 33
17 10 19 2236 14
27 7 12 2236 55
9 8 12 2291 7
30 8 9 2203 78
0 9 4 2042 59
35 9 2 2135 73
11 8 6 2106 57
8 8 8 2089 6
9 9 2 2298 55
18 15 1 2179 38
32 7 17 2062 83
24 10 18 2025 88
5 6 3 2090 17
12 6 16 2097 93
22 10 4 2101 15
15 7 7 2103 99
19 4 15 1898 78
6 11 10 2031 94
6 12 13 2150 9
36 7 5 1993 88
39 8 18 2113 99
29 7 7 2202 84
42 10 16 2190 42
38 10 16 2232 88
0 10 14 2101 33
45 11 12 2298 14
31 8 9 2281 27
35 10 4 2208 6
47 9 17 2145 10
48 9 10 2125 74
14 13 3 2107 11
14 14 1 2217 29
7 12 19 2250 51
11 9 2 2353 65
30 9 10 2281 11
0 11 18 2212 18
11 10 13 2418 31
8 9 5 2095 16
45 12 2 2418 43
31 9 2 2461 65
35 11 16 2320 77
41 14 4 2214 26
47 10 5 2155 49
41 15 14 2240 97
24 11 11 2113 43
42 11 1 2246 20
26 12 13 2449 40
3 7 4 2240 58
12 7 19 2301 18
44 15 8 2095 4
14 15 0 2246 39
32 8 12 2312 62
43 9 17 2155 47
2 3 17 2202 90
42 12 12 2374 20
17 11 13 2489 66
18 16 0 2285 82
34 10 7 2286 69
34 11 18 2355 62
23 10 18 2417 90
16 10 8 2099 55
2 4 3 2292 43
12 8 7 2355 38
30 10 1 2292 2
3 8 17 2298 32
24 12 12 2394 70
5 7 0 2367 95
5 8 13 2555 39
5 9 10 2594 29
32 9 3 2374 93
21 8 10 2623 97
19 5 19 2319 32
33 14 11 2156 70
38 11 7 2393 44
27 8 0 2462 58
14 16 7 2437 24
49 10 18 2507 61
43 10 6 2202 64
4 9 1 2294 35
46 8 10 2720 14
8 10 3 2467 84
20 11 17 2330 51
0 12 13 2594 85
17 12 2 2555 47
4 10 17 2381 36
27 9 4 2520 33
35 12 3 2551 77
28 10 14 2337 13
43 11 19 2351 98
16 11 17 2417 51
7 13 11 2301 84
15 8 14 2350 5
40 14 8 2154 82
30 11 15 2294 25
37 14 19 2449 44
42 13 8 2394 3
44 16 0 2520 38
14 17 8 2461 22
40 15 18 2568 7
2 5 7 2461 17
10 11 16 2397 98
18 17 4 2553 41
2 6 12 2478 23
27 10 19 2553 52
4 11 12 2501 92
4 12 6 2593 31
2 7 13 2679 62
7 14 14 2385 92
13 10 9 2308 36
39 9 8 2483 49
28 11 17 2468 73
5 10 18 2623 21
43 12 2 2602 7
8 11 18 2644 33
16 12 18 2677 56
21 9 13 2741 42
19 6 4 2594 19
20 12 14 2477 48
17 13 4 2613 70
19 7 9 2613 52
20 13 5 2525 98
7 15 12 2593 41
3 9 2 2609 88
36 8 10 2734 62
12 9 14 2525 53
15 9 9 2665 93
19 8 6 2665 86
48 10 16 2495 17
33 15 18 2733 58
34 12 10 2796 35
19 9 16 2751 20
48 11 3 2628 41
33 16 15 2791 14
34 13 15 2831 55
49 11 2 2697 62
36 9 7 2796 22
40 16 5 2623 55
7 16 2 2759 20
21 10 9 2783 27
7 17 4 2779 19
6 13 17 2541 76
47 11 4 2798 19
22 11 9 2810 16
18 18 14 2594 43
14 18 17 2617 93
10 12 8 2532 23
20 14 0 2623 99
20 15 1 2722 47
44 17 10 2831 91
18 19 13 2783 16
20 16 4 2817 98
40 17 11 2678 38
42 14 7 2818 43
20 17 3 2915 17
46 9 18 2791 30
49 12 14 2759 76
38 12 9 2826 78
34 14 12 2886 77
13 11 5 2678 29
10 13 2 2779 84
49 13 16 2835 43
38 13 2 2904 79
13 12 12 2963 1
0 13 10 2922 13
17 14 0 2722 90
44 18 18 2922 9
23 11 13 2799 84
40 18 9 2904 86
15 10 11 2758 72
39 10 3 2932 98
29 8 15 2886 83
4 13 14 2835 92
26 13 16 2878 6
2 8 2 2983 17
6 14 0 2812 75
26 14 8 2884 39
29 9 13 2969 54
4 14 16 2927 53
26 15 10 2935 29
37 15 15 2969 89
26 16 11 2964 41
35 13 19 2628 84
35 14 8 2923 12
28 12 10 2964 96
5 11 1 2769 95
43 13 14 2927 12
44 19 16 2980 44
8 12 2 3000 13
25 14 15 3058 38
45 13 14 2939 17
23 12 1 2883 34
15 11 13 3023 13
19 10 0 2887 8
6 15 19 2887 62
6 16 1 2949 61
36 10 17 2818 44
39 11 11 3030 78
29 10 18 3023 15
42 15 6 2861 86
38 14 6 2983 53
30 12 11 3108 2
0 14 3 3030 57
45 14 6 3036 80
31 10 13 3036 90
35 15 18 3038 48
47 12 19 2949 99
48 12 7 2861 27
30 13 17 3110 39
31 11 1 3126 73
41 16 8 2935 94
1 16 6 3116 23
47 13 11 3110 73
41 17 3 3087 71
24 13 4 2915 74
42 16 14 2956 97
26 17 4 3005 82
3 10 19 3048 39
12 10 3 3158 88
32 10 15 3096 5
43 14 1 3199 75
2 9 16 3024 4
42 17 15 3101 22
17 15 6 3139 60
34 15 17 3149 92
34 16 13 3241 89
23 13 17 3241 13
16 13 1 3274 32
2 10 4 3087 18
12 11 11 3246 99
30 14 5 3149 79
49 14 3 3246 29
36 11 2 3013 3
40 19 19 3087 35
7 18 5 3228 62
21 11 11 3345 22
4 15 4 3105 89
0 15 19 3122 82
37 16 11 3367 81
35 16 0 3086 51
16 14 14 3306 29
25 15 7 3096 21
11 11 8 3029 18
49 15 4 3275 83
13 13 6 3199 13
17 16 8 3199 79
28 13 4 3358 69
45 15 15 3123 73
17 17 7 3278 6
27 11 17 3254 28
9 10 3 3275 17
30 15 18 3228 96
0 16 6 3212 71
35 17 17 3282 73
11 12 18 3324 95
8 13 10 3060 64
9 11 9 3292 79
9 12 10 3371 18
32 11 19 3204 94
24 14 10 3389 84
5 12 8 3278 62
12 12 17 3355 11
22 12 0 3137 56
15 12 5 3290 17
19 11 5 3307 22
6 17 6 3283 23
23 14 16 3254 95
32 12 18 3419 25
27 12 6 3306 31
39 12 15 3196 14
29 11 4 3427 17
42 18 2 3123 52
38 15 14 3335 42
30 16 2 3324 33
0 17 2 3357 32
45 16 13 3330 39
31 12 8 3340 1
35 18 12 3355 89
47 14 2 3389 95
48 13 4 3444 72
30 17 3 3357 81
31 13 4 3516 44
47 15 0 3484 38
24 15 19 3473 5
42 19 11 3448 21
26 18 6 3337 93
3 11 3 3438 59
12 13 12 3444 86
32 13 14 3444 65
43 15 5 3329 64
2 11 19 3478 70
17 18 10 3473 60
34 17 16 3349 20
34 18 6 3430 65
23 15 2 3484 61
16 15 2 3545 6
2 12 9 3548 19
12 14 13 3530 75
30 18 13 3605 74
3 12 18 3497 13
24 16 14 3509 36
5 13 7 3340 41
5 14 16 3381 74
5 15 15 3455 75
32 14 6 3509 68
21 12 19 3548 16
19 12 2 3551 42
33 17 14 3545 49
38 16 10 3533 64
27 13 7 3381 97
49 16 15 3530 97
43 16 12 3530 86
4 16 15 3627 70
46 10 17 3366 10
8 14 13 3679 61
4 17 18 3697 21
27 14 13 3740 51
33 18 8 3594 51
34 19 3 3497 13
19 13 17 3593 80
48 14 19 3564 37
33 19 13 3791 54
49 17 10 3627 60
36 12 8 3645 56
7 19 17 3673 29
21 13 18 3718 92
6 18 3 3510 96
47 16 6 3577 83
22 13 16 3455 80
14 19 10 3687 58
10 14 1 3306 53
20 18 8 3701 32
20 19 10 3745 70
46 11 5 3393 1
49 18 6 3687 29
38 17 5 3597 84
13 14 8 3733 17
10 15 3 3606 47
49 19 5 3716 73
38 18 8 3750 15
13 15 1 3750 34
0 18 17 3702 75
17 19 15 3697 57
23 16 11 3545 52
15 13 2 3593 73
39 13 5 3789 25
29 12 3 3653 33
4 18 5 3814 37
26 19 15 3754 19
2 13 14 3594 15
6 19 9 3606 99
29 13 2 3686 82
4 19 3 3851 12
37 17 8 3765 16
35 19 6 3716 27
28 14 16 3535 5
5 16 19 3601 7
43 17 13 3845 27
8 15 16 3740 41
25 16 10 3815 49
45 17 11 3597 6
23 17 14 3609 76
15 14 4 3666 5
19 14 1 3784 61
36 13 4 3701 75
39 14 2 3814 74
29 14 8 3781 52
38 19 1 3845 42
30 19 16 3781 40
0 19 12 3777 50
45 18 5 3851 14
31 14 7 3560 27
47 17 3 3863 11
48 15 18 3810 82
31 15 11 3603 96
41 18 7 3587 23
1 17 16 3821 2
47 18 1 3887 25
41 19 15 3773 97
24 17 3 3874 71
3 13 10 3864 14
12 15 8 3833 87
32 15 2 3888 44
43 18 0 3872 38
2 14 0 3910 17
23 18 12 3827 22
16 16 9 3705 97
2 15 5 3927 84
12 16 15 3920 16
36 14 11 3776 80
21 14 7 3810 41
37 18 17 3781 79
16 17 5 4011 54
11 13 3 3945 88
13 16 16 3823 34
28 15 8 3920 2
45 19 8 3922 43
27 15 8 3965 14
9 13 6 3743 59
11 14 0 4033 41
8 16 4 3781 77
9 14 18 3892 22
9 15 11 3914 26
32 16 9 3932 16
24 18 8 3979 68
5 17 6 3802 99
12 17 18 3936 29
22 14 11 3940 42
15 15 17 3860 39
19 15 12 3849 76
23 19 5 4065 41
32 17 7 3948 48
43 19 11 3982 10
2 16 1 4011 54
2 17 18 4065 17
12 18 0 4074 9
3 14 9 3948 49
5 18 2 3932 58
32 18 5 4106 58
21 15 4 3858 87
19 16 11 3992 15
27 16 2 3990 99
22 15 15 3982 69
46 12 0 4083 61
5 19 4 3990 8
25 17 6 3901 16
16 18 0 4144 92
25 18 9 3997 8
25 19 11 4007 85
11 15 5 4164 92
13 17 10 3878 34
39 15 14 3888 94
28 16 9 4005 73
27 17 18 4089 50
9 16 16 3940 35
10 16 18 4139 2
1 18 7 3996 32
11 16 14 4256 75
8 17 9 4078 31
9 17 19 3975 1
9 18 13 3976 25
32 19 10 4164 7
24 19 2 4089 69
12 19 6 4083 53
22 16 3 4051 73
15 16 6 4136 20
19 17 7 4028 86
36 15 0 4236 1
39 16 17 3982 91
29 15 10 4171 72
31 16 19 3976 73
47 19 15 4051 37
37 19 14 4331 68
1 19 13 4028 5
48 16 13 4033 78
48 17 17 4111 76
3 15 0 4237 53
46 13 4 4144 53
31 17 15 4088 12
13 18 0 4290 65
11 17 7 4331 18
11 18 10 4349 87
36 16 15 4237 65
28 17 0 4355 74
27 18 9 4139 14
39 17 12 4073 32
28 18 7 4429 30
9 19 17 4187 40
36 17 6 4302 76
36 18 19 4378 4
11 19 9 4436 56
29 16 9 4492 37
10 17 13 4141 98
13 19 13 4355 7
22 17 8 4124 86
31 18 18 4141 27
21 16 6 4378 32
10 18 17 4239 58
15 17 8 4210 27
21 17 0 4429 49
46 14 11 4197 20
3 16 13 4362 18
27 19 15 4302 31
39 18 4 4197 5
29 17 5 4529 95
31 19 10 4436 22
48 18 8 4237 59
3 17 15 4380 13
2 18 10 4458 55
16 19 12 4236 84
2 19 6 4513 81
3 18 8 4393 56
21 18 15 4478 1
19 18 14 4399 15
46 15 7 4459 19
8 18 15 4479 74
28 19 12 4459 42
15 18 10 4513 50
10 19 12 4501 62
39 19 19 4382 69
8 19 17 4553 67
21 19 16 4479 10
19 19 3 4414 73
3 19 12 4563 35
36 19 14 4414 66
15 19 3 4563 67
48 19 1 4296 14
46 16 3 4630 15
29 18 6 4624 45
22 18 13 4380 85
46 17 8 4645 12
29 19 16 4669 50
22 19 2 4465 58
46 18 12 4657 10
46 19 6 4669 35
