46 0 14 0 1
18 0 14 1 24
19 0 14 25 38
7 0 6 0 31
29 0 15 0 34
39 0 7 0 74
24 0 1 0 10
3 0 12 0 65
45 0 0 0 80
12 0 17 0 18
40 0 2 0 75
25 0 0 80 20
25 1 17 100 4
28 0 2 75 74
39 1 12 74 53
41 0 4 0 32
48 0 6 31 24
18 1 6 55 3
21 0 18 0 12
8 0 17 104 67
11 0 7 74 98
9 0 12 127 29
37 0 18 12 72
2 0 10 0 56
29 1 4 34 23
19 1 8 63 81
49 0 2 149 33
44 0 9 0 54
5 0 17 171 53
7 1 5 31 20
41 1 2 182 77
28 1 4 149 99
40 1 18 84 3
34 0 6 58 22
43 0 14 63 53
11 1 2 259 47
43 1 3 116 69
40 2 5 87 32
9 1 17 224 78
38 0 12 156 12
3 1 10 65 95
22 0 19 0 14
19 2 2 306 84
32 0 15 34 87
24 1 17 302 38
6 0 15 121 92
14 0 8 144 92
40 3 12 168 10
35 0 3 185 20
46 1 11 1 74
17 0 8 236 37
41 2 8 273 49
41 3 11 322 76
22 1 15 213 85
21 1 12 178 70
1 0 5 119 27
11 2 12 306 85
8 1 1 171 61
13 0 9 54 55
22 2 0 298 21
33 0 1 232 46
23 0 17 340 6
26 0 4 248 23
42 0 3 205 55
5 1 9 224 51
12 1 0 319 72
3 2 8 322 66
29 2 6 80 68
29 3 13 148 11
1 1 13 159 18
47 0 12 391 36
12 2 12 427 88
20 0 9 275 10
14 1 5 236 18
3 3 4 388 4
29 4 14 159 53
29 5 19 212 77
14 2 3 260 56
6 1 19 289 47
6 2 18 336 10
1 2 4 392 70
5 2 8 388 35
13 1 15 298 45
47 1 11 427 41
18 2 8 423 12
27 0 1 278 23
41 4 3 398 6
32 1 9 285 95
30 0 8 435 40
3 4 15 392 34
30 1 2 475 15
10 0 2 490 30
47 2 13 468 72
15 0 1 301 59
9 2 5 302 33
2 1 15 426 84
11 3 0 391 90
8 2 3 404 18
44 1 12 515 14
9 3 16 335 54
39 2 2 520 76
43 2 9 380 57
40 4 0 481 93
20 1 5 335 42
18 3 13 540 39
11 4 16 481 74
18 4 16 579 5
46 2 6 148 8
27 1 6 301 45
49 1 13 579 81
15 1 15 510 50
14 3 19 336 69
1 3 3 462 84
4 0 5 377 31
0 0 10 160 75
5 3 14 423 11
9 4 7 389 20
18 5 0 584 28
42 1 16 584 38
14 4 1 405 86
41 5 14 434 93
25 2 9 437 79
48 1 1 491 81
1 4 19 546 8
6 3 12 529 47
5 4 10 434 55
12 3 4 515 58
45 1 19 554 94
36 0 14 527 56
13 2 4 573 91
44 2 1 572 96
48 2 9 572 84
33 1 12 576 45
25 3 15 560 87
5 5 16 622 18
4 1 15 647 81
37 1 13 660 72
12 4 5 573 5
22 3 7 409 25
32 2 16 640 25
42 2 14 622 80
2 2 19 648 95
44 3 14 702 39
43 3 16 665 98
24 2 5 578 81
19 3 7 434 12
31 0 19 743 42
33 2 17 621 87
39 3 13 732 97
49 2 8 660 58
18 6 2 612 51
14 5 2 663 23
1 5 18 554 62
14 6 17 708 33
40 5 6 574 2
30 2 15 728 30
37 2 19 785 11
22 4 12 621 72
13 3 3 664 24
20 2 19 796 29
43 4 4 763 48
6 4 2 686 4
18 7 3 688 68
20 3 3 825 1
35 1 0 612 79
32 3 10 665 61
44 4 15 758 1
49 3 10 726 81
28 2 16 763 9
10 1 18 616 2
36 1 7 583 60
48 3 5 659 57
9 5 1 668 75
48 4 15 759 59
36 2 3 826 33
23 1 9 656 23
35 2 6 691 95
23 2 10 807 97
15 2 8 718 11
31 1 8 785 91
25 4 16 772 27
41 6 19 825 57
36 3 6 859 80
30 3 12 758 90
44 5 7 759 98
30 4 10 904 62
7 2 16 799 32
20 4 11 826 88
2 3 9 743 32
0 1 5 716 50
25 5 1 799 84
13 4 18 688 77
14 7 13 829 86
48 5 11 914 94
7 3 4 831 54
20 5 4 914 7
2 4 16 831 8
0 2 2 766 4
25 6 6 939 20
13 5 1 883 71
14 8 6 959 52
7 4 13 915 10
16 0 14 741 34
35 3 2 786 6
38 1 1 954 27
13 6 16 954 12
19 4 19 882 36
41 7 10 966 11
28 3 12 848 9
40 6 19 918 63
34 1 19 981 73
43 5 17 811 26
11 5 14 775 94
43 6 6 1011 30
40 7 9 981 4
9 6 8 876 88
38 2 10 981 16
3 5 18 765 55
22 5 4 921 38
19 5 5 918 96
24 3 18 820 77
6 5 3 859 75
14 9 10 1011 71
40 8 1 985 4
35 4 12 857 38
46 3 8 964 96
17 1 17 837 51
22 6 3 959 43
33 3 2 792 44
17 2 5 1014 79
22 7 6 1041 68
33 4 9 985 27
11 6 3 1002 24
33 5 10 1082 44
23 3 8 1060 72
26 1 12 895 7
5 6 13 925 89
12 5 1 989 81
20 6 12 921 11
17 3 13 1093 6
9 7 0 964 35
3 6 11 1008 35
29 6 5 1093 71
29 7 1 1164 65
6 6 5 1164 41
10 2 0 999 96
25 7 3 1026 46
9 8 19 1054 70
0 3 17 888 34
45 2 12 932 69
46 4 7 1060 20
21 2 0 1095 93
26 2 2 902 62
38 3 3 1072 23
37 3 2 964 15
34 2 2 1054 35
0 4 14 922 36
16 1 9 1012 20
11 7 15 1026 18
45 3 15 1044 69
43 7 10 1126 20
46 5 12 1080 7
49 4 18 897 2
35 5 16 966 36
28 4 14 958 74
24 4 2 1089 83
7 5 1 1229 96
21 3 8 1188 77
14 10 12 1087 97
6 7 0 1205 51
1 6 16 1002 91
13 7 14 1032 91
47 3 19 1124 31
18 8 9 1032 36
27 2 13 1099 96
41 8 9 1068 69
32 4 18 899 9
30 5 3 1095 15
3 7 16 1093 32
30 6 18 1110 13
10 3 19 1155 66
47 4 9 1155 28
15 3 13 1195 21
2 5 12 1184 43
11 8 17 1044 8
8 3 6 1109 81
44 6 8 1265 43
39 4 6 1190 71
43 8 0 1256 74
40 9 15 1113 18
9 9 6 1261 35
38 4 0 1330 12
25 8 12 1227 91
5 7 12 1318 91
4 2 6 1296 45
37 4 10 1146 72
12 6 10 1218 93
22 8 10 1311 38
32 5 13 1216 30
42 3 15 1131 25
43 9 18 1330 47
35 6 5 1205 37
21 4 2 1265 18
31 2 10 1349 70
39 5 4 1261 81
47 5 18 1377 52
47 6 5 1429 14
18 9 18 1429 6
14 11 15 1184 9
1 7 2 1283 24
14 12 11 1193 16
30 7 13 1246 3
6 8 14 1256 2
36 4 9 1183 68
15 4 4 1342 47
31 3 16 1419 8
30 8 9 1251 49
27 3 19 1221 35
38 5 13 1342 74
15 5 12 1409 52
1 8 0 1342 94
12 7 8 1311 95
45 4 13 1416 54
48 6 10 1419 31
4 3 7 1341 21
5 8 11 1409 16
13 8 13 1470 68
42 4 12 1461 73
2 6 7 1362 37
44 7 2 1308 57
43 10 1 1377 99
24 5 7 1399 40
19 6 16 1427 67
31 4 18 1435 45
33 6 15 1193 19
39 6 17 1342 28
49 5 4 1389 25
42 5 19 1534 56
18 10 15 1435 12
14 13 0 1436 38
1 9 10 1450 98
40 10 13 1538 85
30 9 0 1474 90
37 5 6 1341 65
22 9 17 1370 18
13 9 5 1538 55
18 11 10 1548 54
20 7 2 1365 41
43 11 15 1476 78
6 9 4 1414 73
18 12 11 1602 61
20 8 8 1406 51
35 7 8 1457 21
33 7 19 1590 51
23 4 11 1663 32
26 3 1 1476 49
5 9 15 1554 82
12 8 11 1695 36
20 9 1 1525 40
17 4 9 1300 28
9 10 3 1296 53
3 8 6 1406 78
29 8 17 1388 77
29 9 16 1494 48
6 10 8 1487 52
10 4 10 1602 3
25 9 10 1605 9
17 5 14 1328 40
20 10 13 1623 90
46 6 5 1593 26
27 4 18 1480 37
49 6 6 1484 17
15 6 17 1465 78
14 14 9 1474 69
1 10 11 1731 78
4 4 3 1362 74
0 5 19 1641 69
5 10 2 1636 84
9 11 14 1368 36
18 13 4 1663 11
42 6 18 1590 87
14 15 14 1543 34
41 9 18 1677 35
25 10 8 1614 24
48 7 7 1450 98
6 11 1 1565 38
5 11 3 1720 4
21 5 1 1603 13
8 4 0 1564 77
9 12 2 1720 82
37 6 4 1674 56
2 7 17 1543 25
29 10 12 1542 43
19 7 6 1501 46
49 7 7 1548 1
44 8 6 1547 29
5 12 5 1724 2
7 6 9 1543 6
41 10 6 1712 59
28 5 15 1636 83
40 11 14 1623 28
34 3 17 1568 4
43 12 5 1726 97
43 13 12 1823 94
40 12 3 1724 55
9 13 10 1802 26
38 6 2 1802 72
3 9 9 1549 52
22 10 14 1651 35
19 8 1 1616 90
32 6 11 1809 84
24 6 16 1542 43
6 12 7 1603 44
35 8 18 1712 62
46 7 4 1730 25
17 6 7 1647 19
41 11 1 1771 20
22 11 16 1686 49
21 6 16 1735 70
8 5 9 1641 35
13 10 19 1710 88
33 8 4 1755 83
23 5 16 1805 77
26 4 17 1572 98
42 7 6 1771 16
5 13 0 1726 95
12 9 15 1731 51
3 10 0 1821 10
29 11 11 1893 45
12 10 3 1782 53
20 11 6 1787 20
27 5 11 1938 34
32 7 14 1893 21
10 5 17 1670 81
27 6 17 1972 29
32 8 6 1914 88
8 6 12 1917 12
46 8 19 1798 18
27 7 7 2001 12
49 8 5 1823 72
4 5 17 2001 7
0 6 1 1791 52
42 8 7 2013 2
25 11 5 1895 98
45 5 7 2015 30
23 6 19 1882 35
26 5 14 1914 61
17 7 18 1774 60
26 6 6 2002 59
38 7 18 1874 48
37 7 14 1975 77
34 4 15 1782 22
0 7 4 1843 44
16 2 18 1922 32
11 9 5 1993 90
45 6 17 2045 86
43 14 11 1972 80
46 9 18 1954 84
49 9 11 2052 33
35 9 1 1843 48
28 6 9 1719 3
24 7 11 2085 64
7 7 7 2045 81
21 7 15 1805 35
9 14 15 1840 24
37 8 15 2052 68
28 7 8 1722 96
10 6 1 1891 4
34 5 12 1929 99
12 11 16 1882 61
44 9 10 1828 76
43 15 2 2052 74
19 9 13 1713 78
39 7 0 1831 70
14 16 4 1887 43
40 13 16 1943 80
43 16 7 2126 42
35 10 13 1891 78
10 7 8 1895 53
23 7 12 2028 62
15 7 19 1917 72
7 8 14 2126 73
9 15 4 1930 28
11 10 19 2083 55
26 7 15 2120 38
20 12 0 1901 42
38 8 15 2158 35
25 12 13 1993 28
5 14 1 1895 17
4 6 9 2008 43
37 9 9 2120 17
12 12 7 2168 72
22 12 8 1948 99
32 9 3 2002 83
42 9 5 2083 80
43 17 19 2168 2
35 11 9 2137 18
21 8 13 2021 97
31 5 6 2061 24
39 8 15 2193 67
47 7 6 2085 59
47 8 2 2144 97
18 14 5 2163 99
14 17 7 2240 1
1 11 7 2241 90
5 15 4 1958 92
21 9 14 2199 50
8 7 19 2170 28
37 10 7 2331 59
2 8 8 2047 10
29 12 10 1938 83
19 10 18 2038 22
49 10 16 2085 18
44 10 18 2060 36
5 16 6 2144 81
7 9 11 2199 75
41 12 5 2262 22
28 8 19 2198 44
40 14 8 2057 59
34 6 14 2249 99
43 18 13 2170 46
37 11 16 2390 17
12 13 6 2240 63
22 13 2 2241 48
32 10 1 2085 72
42 10 10 2163 43
35 12 11 2274 70
21 10 11 2344 32
31 6 14 2348 63
39 9 19 2260 26
47 9 15 2260 71
47 10 14 2411 92
18 15 19 2286 39
14 18 16 2407 71
1 12 1 2331 1
14 19 18 2478 84
30 10 5 2284 55
6 13 17 2131 23
36 5 8 2116 60
15 8 6 2303 86
31 7 13 2411 86
30 11 7 2390 65
27 8 10 2206 89
38 9 16 2478 53
15 9 9 2389 28
1 13 15 2332 24
12 14 19 2325 36
45 7 6 2389 80
48 8 0 1943 37
4 7 11 2376 35
5 17 7 2455 22
13 11 0 1980 76
42 11 2 2289 50
2 9 1 2332 85
44 11 3 2096 58
24 8 15 2356 91
19 11 11 2411 83
31 8 11 2497 16
33 9 16 2531 2
39 10 16 2533 97
49 11 3 2154 22
42 12 4 2339 68
18 16 1 2417 53
1 14 12 2356 96
40 15 17 2154 74
30 12 19 2455 85
37 12 1 2470 68
22 14 9 2417 87
13 12 8 2176 89
18 17 7 2477 3
6 14 10 2295 31
18 18 12 2480 33
35 13 14 2503 78
23 8 14 2581 15
26 8 0 2158 13
5 18 18 2562 7
12 15 13 2497 48
17 8 0 2171 14
9 16 18 2569 10
3 11 1 2538 58
29 13 18 2579 7
29 14 8 2586 93
6 15 9 2504 90
10 8 7 2480 12
13 13 7 2492 14
27 9 15 2447 69
32 11 4 2407 86
8 8 16 2630 82
27 10 4 2516 74
49 12 17 2228 44
4 8 1 2596 23
0 8 8 2679 42
1 15 14 2596 61
11 11 4 2590 67
8 9 7 2712 10
13 14 10 2506 92
22 15 13 2545 11
33 10 18 2586 21
17 9 10 2598 12
3 12 19 2596 9
6 16 11 2594 90
10 9 16 2712 36
17 10 1 2619 31
37 13 0 2538 69
34 7 16 2748 65
0 9 16 2813 12
16 3 6 2469 90
11 12 10 2657 52
45 8 5 2469 6
43 19 8 2721 32
46 10 15 2516 29
49 13 19 2605 28
16 4 17 2559 59
28 9 10 2709 23
2 10 18 2607 78
24 9 4 2657 1
7 10 0 2607 95
21 11 4 2658 88
37 14 12 2607 71
28 10 13 2732 3
10 10 15 2748 61
34 8 4 2813 54
12 16 9 2594 96
44 12 19 2633 93
44 13 11 2726 17
19 12 0 2702 85
39 11 3 2630 11
40 16 11 2743 51
10 11 14 2809 78
23 9 6 2596 72
15 10 0 2787 81
7 11 3 2702 81
11 13 8 2753 3
3 13 5 2605 73
26 9 9 2690 5
20 13 18 2685 40
40 17 10 2794 74
38 10 9 2695 9
33 11 11 2794 13
4 9 18 2725 63
37 15 5 2678 60
22 16 18 2788 16
32 12 8 2756 20
42 13 0 2868 12
2 11 13 2735 76
44 14 17 2743 38
19 13 4 2867 97
49 14 0 2880 69
16 5 10 2868 53
7 12 2 2783 31
21 12 7 2746 98
31 9 9 2704 68
33 12 7 2844 50
39 12 1 2650 77
47 11 0 2949 50
18 19 17 2781 48
40 18 4 2964 20
30 13 16 2825 87
22 17 11 2807 96
20 14 10 2921 25
6 17 13 2811 81
32 13 19 2776 73
23 10 1 2727 48
23 11 15 2809 34
15 11 2 2868 5
31 10 2 2873 57
30 14 17 2912 24
39 13 5 2738 56
27 11 3 2783 52
16 6 19 2921 92
38 11 8 2776 80
15 12 18 2873 29
34 9 7 2894 72
3 14 3 2835 18
45 9 18 2902 72
48 9 12 2678 64
4 10 12 2788 12
27 12 9 2835 98
17 11 2 2930 25
13 15 12 2800 64
27 13 0 2999 17
32 14 17 2936 39
8 10 8 2856 71
46 11 16 2912 92
27 14 16 3016 86
49 15 14 2949 92
4 11 13 2892 92
42 14 11 2903 19
6 18 16 3102 75
8 11 4 2984 94
37 16 11 2922 39
2 12 6 2811 94
49 16 15 3041 90
44 15 13 2984 81
41 13 13 3065 13
28 11 0 3016 18
34 10 1 2966 59
38 12 4 3078 68
22 18 1 3025 36
32 15 7 2975 71
24 10 0 3034 48
46 12 2 3004 18
17 12 15 3131 15
21 13 5 2844 37
8 12 2 3078 51
31 11 7 3046 18
25 13 2 3129 2
41 14 17 3078 35
36 6 16 3177 41
30 15 1 3061 61
30 16 11 3122 50
7 13 10 2946 81
20 15 17 3113 31
2 13 5 2905 60
40 19 7 3064 46
38 13 7 3146 15
3 15 17 3144 52
22 19 5 3061 84
19 14 15 3146 50
32 16 0 3082 52
24 11 10 3082 80
6 19 6 3177 84
35 14 19 3013 1
46 13 0 3134 38
17 13 16 3218 84
41 15 0 3172 99
21 14 9 2933 82
1 16 9 3015 90
8 13 13 3129 54
13 16 17 3196 66
33 13 8 2927 17
23 12 0 3271 51
26 10 5 3145 75
42 15 1 3122 25
5 19 19 3014 58
30 17 4 3172 48
36 7 1 3218 82
15 13 14 3041 36
31 12 3 3064 60
30 18 6 3261 77
27 15 12 3102 76
38 14 19 3161 62
15 14 11 3172 7
1 17 8 3105 67
12 17 14 3077 92
45 10 9 3105 65
29 15 2 3131 65
29 16 0 3322 83
10 12 5 3220 25
25 14 19 3223 76
17 14 6 3338 83
20 16 14 3169 8
46 14 10 3172 93
27 16 8 3178 96
49 17 12 3178 43
15 15 5 3245 68
1 18 17 3262 7
4 12 4 3220 78
0 10 11 3179 50
9 17 13 3183 98
42 16 13 3281 17
41 16 15 3271 95
25 15 7 3299 22
48 10 2 3196 69
21 15 3 3124 53
8 14 5 3313 25
9 18 9 3281 86
37 17 17 3269 42
2 14 4 3298 37
29 17 3 3405 8
19 15 12 3221 78
49 18 1 3300 53
44 16 4 3335 74
7 14 18 3027 90
41 17 16 3366 99
28 12 1 3353 3
34 11 11 3229 98
9 19 11 3367 2
38 15 5 3338 23
3 16 2 3265 57
19 16 10 3299 91
32 17 2 3322 37
24 12 8 3274 15
35 15 10 3390 21
46 15 13 3298 8
17 15 11 3421 85
41 18 7 3465 74
21 16 10 3411 21
8 15 18 3338 37
13 17 11 3506 13
33 14 13 3306 95
23 13 7 3539 24
26 11 11 3519 74
42 17 17 3311 52
12 18 18 3375 21
3 17 14 3322 59
29 18 7 3563 5
12 19 2 3396 61
20 17 15 3366 86
27 17 2 3457 66
32 18 5 3361 72
10 13 4 3409 75
27 18 14 3523 86
32 19 12 3433 40
8 16 15 3452 34
46 16 17 3363 32
27 19 5 3609 37
49 19 9 3367 76
4 13 19 3299 9
0 11 3 3413 12
42 18 8 3363 31
25 16 4 3484 88
45 11 2 3523 45
23 14 4 3572 71
26 12 7 3593 65
17 16 3 3506 87
29 19 9 3568 74
34 12 5 3646 44
42 19 9 3642 31
24 13 3 3593 21
19 17 9 3673 83
33 15 0 3405 83
35 16 17 3411 85
28 13 11 3593 45
10 14 6 3484 44
23 15 2 3643 18
15 16 3 3614 28
26 13 18 3658 66
7 15 15 3486 33
36 8 15 3519 17
48 11 8 3394 56
36 9 2 3661 89
15 17 16 3642 97
31 13 4 3643 81
25 17 11 3638 67
36 10 17 3750 59
30 19 14 3609 21
0 12 0 3488 71
0 13 6 3559 89
25 18 14 3705 32
0 14 7 3658 31
10 15 13 3528 12
47 12 8 3450 4
2 15 0 3559 68
11 14 18 3724 28
8 17 11 3705 2
44 17 16 3739 20
11 15 1 3752 29
4 14 0 3627 30
0 15 12 3689 14
45 12 14 3737 89
36 11 13 3809 71
44 18 5 3759 39
4 15 10 3657 22
37 18 8 3454 78
44 19 0 3798 98
19 18 3 3756 49
31 14 0 3896 3
39 14 14 3826 62
36 12 5 3880 49
36 13 12 3929 75
34 13 13 3880 19
38 16 11 3707 14
35 17 7 3689 39
16 7 16 3759 1
7 16 19 3519 64
21 17 17 3809 93
39 15 11 3888 41
47 13 1 3781 96
35 18 15 3728 34
21 18 6 3902 60
11 16 13 3899 73
8 18 14 3888 71
10 16 3 3805 81
37 19 3 3886 62
34 14 9 3899 23
16 8 4 3760 8
11 17 9 3972 96
45 13 3 3948 67
16 9 5 3929 10
28 14 5 3939 38
7 17 17 3902 96
19 19 17 3998 31
39 16 10 3929 50
35 19 4 3768 98
10 17 12 4004 23
23 16 3 4015 5
15 18 10 3979 49
7 18 8 3998 21
11 18 11 4068 57
26 14 3 4020 60
20 18 16 3760 84
38 17 14 3959 89
25 19 18 3752 37
4 16 14 4048 19
21 19 19 3962 93
31 15 1 3899 17
39 17 18 3979 40
47 14 3 4080 6
47 15 7 4086 99
1 19 6 3962 72
36 14 19 4055 45
15 19 7 4185 93
31 16 5 3977 68
38 18 6 4048 12
45 14 16 4015 6
48 12 14 4067 71
4 17 8 4067 70
41 19 12 4027 96
3 18 7 4278 27
10 18 11 4125 41
47 16 16 4185 1
2 16 14 4138 11
11 19 6 4125 55
8 19 10 4028 60
39 18 8 4137 35
20 19 7 4305 25
46 17 9 4068 67
4 18 2 4137 4
0 16 13 3972 13
48 13 17 4138 23
45 15 11 4166 28
36 15 10 4100 22
13 18 2 4141 48
48 14 13 4161 30
33 16 14 4149 33
4 19 16 4186 17
2 17 11 4194 66
24 14 12 4123 27
31 17 15 4045 97
33 17 5 4182 29
39 19 9 4172 79
13 19 6 4189 57
28 15 6 4246 24
10 19 9 4251 87
36 16 18 4122 60
48 15 3 4191 97
48 16 16 4288 86
36 17 11 4260 83
23 17 5 4211 37
23 18 13 4248 56
31 18 17 4161 42
36 18 4 4343 71
7 19 12 4150 1
2 18 2 4260 66
0 17 18 4182 53
48 17 18 4374 29
2 19 3 4326 83
0 18 15 4235 43
16 10 12 4151 10
38 19 17 4203 67
28 16 7 4330 91
34 15 0 3922 95
3 19 13 4305 89
24 15 19 4150 16
46 18 3 4409 81
17 17 12 4161 34
33 18 3 4490 92
17 18 4 4414 42
33 19 6 4582 62
23 19 18 4403 13
26 15 10 4122 14
17 19 19 4456 92
0 19 9 4338 43
45 16 1 4194 76
46 19 1 4490 17
26 16 16 4374 79
34 16 18 4416 87
16 11 15 4278 25
45 17 8 4270 28
28 17 17 4421 36
24 16 14 4182 60
47 17 17 4457 70
47 18 10 4527 58
31 19 12 4203 54
47 19 4 4585 92
36 19 0 4414 22
45 18 4 4677 29
48 18 19 4548 16
24 17 13 4394 45
26 17 13 4453 45
48 19 4 4706 75
28 18 3 4582 22
34 17 3 4604 69
24 18 9 4439 65
26 18 8 4498 47
45 19 10 4706 28
26 19 19 4564 51
34 18 8 4673 68
24 19 6 4644 88
28 19 18 4604 15
34 19 10 4741 57
16 12 0 4436 8
16 13 13 4498 53
16 14 1 4551 25
16 15 11 4576 79
16 16 3 4673 85
16 17 8 4758 28
16 18 7 4786 10
16 19 2 4796 33
