6 0 18 0 41
22 0 6 0 97
29 0 15 0 41
43 0 2 0 14
6 1 19 41 4
40 0 7 0 90
9 0 18 41 59
33 0 15 41 87
6 2 7 90 42
48 0 17 0 69
3 0 8 0 31
49 0 7 132 48
10 0 10 0 89
40 1 18 100 42
9 1 2 100 81
33 1 0 128 55
6 3 5 132 81
48 1 4 69 32
3 1 12 31 22
49 1 15 180 92
10 1 1 89 8
35 0 18 142 42
19 0 12 53 14
11 0 11 0 51
38 0 17 69 46
43 1 13 14 23
15 0 13 37 48
16 0 8 31 61
14 0 3 0 36
38 1 7 180 12
1 0 10 89 79
28 0 12 67 69
38 2 19 192 92
23 0 4 101 19
48 2 6 101 47
20 0 13 85 61
6 4 10 213 82
42 0 2 181 63
12 0 16 0 7
12 1 0 183 85
24 0 10 295 9
39 0 9 0 49
4 0 18 184 17
41 0 5 213 22
44 0 7 192 18
35 1 6 184 48
44 1 5 235 64
19 1 6 232 33
33 2 10 304 48
11 1 14 51 5
42 1 13 244 25
38 3 16 284 23
13 0 7 210 86
26 0 4 120 56
39 1 18 201 48
6 5 16 307 56
16 1 13 269 16
39 2 2 249 25
31 0 11 51 83
36 0 15 272 32
4 1 16 363 73
11 2 6 265 6
40 2 1 142 20
14 1 11 134 60
47 0 18 249 57
19 2 16 436 65
31 1 16 501 8
22 1 4 176 90
48 3 16 509 61
9 2 17 181 85
9 3 0 268 87
42 2 10 352 19
33 3 4 352 85
42 3 6 371 97
37 0 7 296 56
13 1 0 355 45
40 3 9 162 12
44 2 14 299 22
16 2 10 371 30
46 0 2 274 39
8 0 1 162 28
36 1 13 304 41
5 0 7 352 55
8 1 0 400 83
22 2 8 266 34
8 2 18 483 63
27 0 16 570 64
34 0 7 407 86
47 1 17 306 50
7 0 15 304 27
2 0 16 634 50
8 3 6 546 76
40 4 5 299 61
23 1 7 493 85
44 3 16 684 33
24 1 2 313 5
27 1 5 634 68
21 0 1 190 82
32 0 1 272 69
17 0 7 578 78
32 1 3 341 64
27 2 7 702 94
30 0 13 345 43
24 2 0 483 50
14 2 10 401 80
49 2 6 622 62
27 3 10 796 46
7 1 13 388 96
13 2 13 484 99
5 1 3 407 13
38 4 2 318 99
25 0 11 194 41
44 4 1 717 9
14 3 6 684 34
4 2 17 436 55
2 1 12 684 55
48 4 15 570 71
35 2 3 420 88
11 3 2 417 64
10 2 5 702 85
7 2 8 484 43
22 3 11 300 99
41 1 4 437 39
48 5 11 641 39
17 1 16 717 41
12 2 13 583 12
13 3 5 787 80
34 1 3 508 36
1 1 18 546 71
31 2 4 509 5
28 1 8 527 65
36 2 4 514 99
29 1 3 544 45
1 2 14 617 32
34 2 13 595 90
34 3 1 726 63
44 5 17 726 57
42 4 1 789 61
26 1 16 758 85
31 3 17 783 24
11 4 9 481 33
10 3 3 787 49
7 3 19 527 23
22 4 17 807 28
41 2 10 842 26
48 6 12 739 56
12 3 11 680 56
34 4 12 795 48
31 4 18 807 69
34 5 2 843 4
34 6 9 847 15
44 6 15 783 42
3 2 6 718 38
2 2 8 739 25
16 3 7 796 30
4 3 3 836 30
38 5 13 685 11
49 3 3 866 48
47 2 19 550 55
40 5 13 696 89
47 3 1 850 54
48 7 8 795 69
14 4 8 864 30
46 1 15 825 45
23 2 5 867 91
32 2 9 862 75
31 5 6 876 69
34 7 15 870 15
38 6 18 876 99
36 3 0 613 48
12 4 2 847 61
32 3 0 937 23
14 5 5 958 53
33 4 2 908 17
6 6 15 885 79
30 1 9 937 68
9 4 5 1011 37
23 3 19 958 30
35 3 9 1005 71
18 0 17 835 61
17 2 2 925 9
0 0 15 964 37
45 0 11 736 45
23 4 12 988 69
4 4 8 894 28
35 4 10 1076 68
38 7 11 975 88
28 2 7 826 25
4 5 14 922 35
24 3 13 785 26
1 3 1 904 18
33 5 8 925 79
15 1 14 957 21
4 6 15 1001 72
45 1 16 843 67
34 8 8 1004 15
9 5 1 1048 30
2 3 3 914 24
32 4 5 1048 93
3 3 19 988 9
26 2 8 1019 52
48 8 10 1144 32
2 4 6 945 43
24 4 4 811 67
0 1 2 1001 64
18 1 7 896 27
22 5 13 835 84
15 2 17 978 64
10 4 19 997 54
22 6 5 1141 65
28 3 17 1042 51
27 4 8 1071 16
46 2 4 878 60
25 1 14 978 79
46 3 18 975 65
17 3 6 988 8
29 2 16 910 53
47 4 3 938 46
23 5 9 1076 2
44 7 6 996 1
47 5 14 1057 52
29 3 19 1051 13
35 5 13 1144 25
26 3 3 1071 64
42 5 15 1073 71
45 2 2 1065 45
26 4 0 1135 60
27 5 17 1093 10
7 4 6 997 50
15 3 11 1063 50
28 4 2 1110 28
13 4 14 1109 8
33 6 6 1047 73
30 2 1 1078 28
30 3 0 1195 76
27 6 14 1117 81
30 4 8 1271 32
1 4 9 1078 9
20 1 3 1135 97
9 6 13 1169 32
5 2 12 1057 64
2 5 9 1087 64
11 5 4 938 14
13 5 9 1151 76
46 4 3 1232 67
3 4 4 997 84
41 3 16 963 85
5 3 16 1121 94
38 8 0 1271 22
17 4 3 1299 26
45 3 7 1110 18
29 4 6 1120 92
42 6 18 1144 76
37 1 19 1064 60
3 5 5 1206 68
23 6 15 1144 96
23 7 1 1240 21
49 4 12 1121 93
47 6 13 1201 44
15 4 16 1215 79
5 4 10 1215 89
47 7 15 1245 3
35 6 12 1214 33
31 6 3 1325 93
29 5 11 1212 56
4 7 5 1274 30
34 9 14 1198 39
9 7 9 1227 10
2 6 18 1220 40
32 5 17 1141 48
26 5 17 1195 81
48 9 1 1261 60
20 2 7 1232 92
15 5 5 1304 26
30 5 11 1303 20
36 4 2 1138 82
0 2 17 1276 15
16 4 9 1237 96
5 5 18 1304 21
19 3 11 1323 97
36 5 10 1304 52
32 6 8 1303 11
24 5 16 1294 64
10 5 2 1220 13
25 2 7 1324 72
42 7 7 1396 52
10 6 4 1233 32
31 7 13 1418 54
21 1 12 1247 20
30 6 5 1330 89
29 6 8 1314 42
37 2 18 1325 70
38 9 1 1321 18
24 6 12 1358 34
0 3 11 1420 52
15 6 2 1330 20
28 5 4 1265 76
25 3 16 1396 88
45 4 19 1128 69
45 5 3 1418 26
17 5 5 1419 69
46 5 12 1392 91
36 6 3 1444 46
29 7 0 1356 48
5 6 6 1325 31
27 7 0 1404 19
12 5 8 1356 6
14 6 17 1291 91
37 3 16 1484 93
12 6 5 1488 77
49 5 9 1333 27
8 4 17 1382 2
0 4 3 1490 71
14 7 9 1382 2
15 7 3 1561 11
21 2 18 1395 82
3 6 14 1274 35
8 5 16 1577 11
10 7 18 1477 33
7 5 11 1472 78
12 7 9 1565 64
49 6 8 1362 80
29 8 12 1483 67
8 6 5 1588 16
14 8 14 1384 89
23 8 17 1384 81
45 6 14 1473 38
37 4 8 1577 22
5 7 4 1356 82
43 2 17 1465 81
20 3 1 1339 64
25 4 3 1572 1
43 3 0 1546 53
17 6 1 1488 55
25 5 10 1573 64
2 7 19 1260 37
10 8 15 1510 53
33 7 12 1550 19
48 10 2 1350 22
3 7 2 1372 94
10 9 13 1563 76
35 7 5 1604 88
19 4 8 1599 74
15 8 6 1572 16
16 5 12 1569 35
14 9 12 1604 31
23 9 6 1588 32
20 4 6 1620 89
42 8 12 1635 18
24 7 1 1543 73
41 4 7 1448 61
44 8 8 1673 9
19 5 14 1673 55
42 9 19 1653 27
13 6 3 1573 42
31 8 12 1653 90
36 7 8 1682 67
40 6 16 1588 2
47 8 8 1749 71
15 9 1 1616 3
45 7 4 1511 1
32 7 7 1509 18
3 8 11 1550 79
22 7 12 1743 57
42 10 11 1680 97
37 5 12 1800 62
14 10 2 1635 61
3 9 16 1629 79
23 10 16 1708 79
15 10 18 1619 61
4 8 1 1619 50
24 8 7 1616 29
32 8 13 1639 89
31 9 19 1743 15
36 8 19 1758 63
21 3 5 1692 14
25 6 6 1709 99
40 7 11 1777 57
22 8 1 1800 29
22 9 9 1829 87
13 7 15 1615 14
30 7 10 1637 28
5 8 9 1916 54
49 7 0 1599 48
35 8 7 1692 62
19 6 0 1728 18
11 6 0 1746 42
24 9 15 1645 56
39 3 4 1512 40
14 11 16 1787 35
3 10 18 1708 40
42 11 3 1777 74
31 10 14 1758 63
15 11 9 1970 29
47 9 0 1820 80
32 9 11 1834 96
40 8 19 1834 26
45 8 6 1808 71
22 10 15 1916 13
21 4 19 1860 71
25 7 13 1808 32
22 11 10 1929 23
41 5 1 1829 54
34 10 6 1879 73
1 5 6 1952 99
28 6 9 1999 1
45 9 8 1879 64
36 9 9 2000 16
13 8 4 1629 81
16 6 2 1696 20
40 9 14 1860 77
15 12 15 1999 97
45 10 5 1943 29
22 12 2 1952 51
29 9 5 1972 97
23 11 18 1787 46
8 7 13 1840 55
29 10 9 2069 80
13 9 8 1943 85
30 8 17 1665 46
41 6 2 2003 27
23 12 14 1937 92
25 8 4 1840 55
40 10 2 2030 32
13 10 11 2028 88
5 9 19 1970 16
16 7 14 2029 63
14 12 18 1833 69
23 13 0 2029 88
16 8 6 2092 61
45 11 17 1972 77
29 11 4 2149 57
23 14 13 2117 3
29 12 18 2206 80
21 5 2 2062 91
11 7 1 1883 12
39 4 1 1895 20
14 13 7 1902 28
39 5 10 1952 10
37 6 4 2206 50
34 11 10 1962 89
14 14 1 1930 16
18 2 1 1946 46
46 6 6 2153 99
27 8 13 2120 91
37 7 6 2256 2
0 5 19 1986 38
1 6 5 2069 85
20 5 19 2024 51
9 8 10 2051 72
38 10 3 1851 29
10 10 6 2258 83
25 9 2 2153 80
38 11 10 2123 53
28 7 18 2286 3
26 6 5 2154 44
18 3 16 1992 30
7 6 3 1880 46
43 4 19 2075 83
36 10 17 2049 24
41 7 11 2116 25
40 11 15 2096 41
13 11 12 2116 16
30 9 18 2289 17
49 8 2 2233 85
10 11 12 2341 75
35 9 19 2158 51
19 7 19 2209 76
15 13 12 2416 66
16 9 18 2306 15
20 6 16 2075 68
14 15 15 2137 70
23 15 3 2120 20
20 7 11 2143 83
42 12 5 2198 16
24 10 5 2214 7
41 8 0 2141 31
44 9 12 2482 45
19 8 1 2285 74
42 13 16 2214 10
16 10 11 2321 45
31 11 15 2207 71
40 12 3 2140 89
47 10 5 2221 7
32 10 18 2321 70
3 11 10 2176 39
22 13 0 2172 88
23 16 10 2215 53
8 8 10 2268 78
11 8 8 2028 92
39 6 17 2073 96
27 9 18 2391 75
1 7 16 2224 94
9 9 11 2366 99
38 12 15 2278 56
0 6 5 2228 53
38 13 6 2341 56
0 7 14 2281 70
28 8 1 2359 6
26 7 12 2527 43
18 4 18 2466 46
0 8 7 2351 76
39 7 5 2281 8
7 7 0 2260 13
43 5 7 2427 93
36 11 11 2465 32
21 6 14 2351 61
41 9 13 2211 47
30 10 16 2318 41
5 10 15 2334 8
49 9 18 2512 62
6 7 6 2397 97
42 14 0 2273 72
12 8 4 2256 40
12 9 7 2520 13
39 8 0 2345 48
4 9 9 2149 3
44 10 4 2527 20
35 10 15 2342 49
44 11 18 2574 24
19 9 2 2359 70
33 8 13 2258 22
11 9 7 2533 68
42 15 14 2412 61
26 8 2 2570 9
39 9 8 2393 91
6 8 13 2494 47
16 11 1 2366 63
31 12 1 2429 84
4 10 19 2285 84
11 10 18 2601 94
14 16 19 2369 88
47 11 7 2601 66
18 5 9 2512 15
46 7 9 2527 96
27 10 15 2466 95
37 8 0 2393 15
0 9 10 2427 76
27 11 12 2570 21
1 8 11 2497 41
31 13 7 2667 78
4 11 13 2541 72
9 10 7 2745 23
2 8 4 2547 30
3 12 0 2408 9
23 17 11 2538 21
8 9 15 2561 55
21 7 17 2412 19
5 11 11 2559 99
49 10 17 2574 24
35 11 1 2513 76
12 10 15 2616 86
14 17 4 2577 1
3 13 17 2598 36
47 12 10 2667 25
45 12 10 2692 50
21 8 10 2742 67
14 18 13 2613 97
37 9 14 2473 99
28 9 5 2365 74
18 6 10 2809 24
6 9 17 2634 91
43 6 12 2591 86
24 11 9 2623 70
10 12 9 2693 29
5 12 0 2658 70
49 11 11 2658 67
10 13 0 2728 79
16 12 4 2578 66
18 7 11 2833 99
6 10 1 2725 48
43 7 6 2677 45
4 12 11 2932 4
47 13 12 2692 5
48 11 3 2229 68
46 8 19 2623 3
32 11 10 2833 99
31 14 0 2807 62
34 12 11 2936 58
38 14 9 2722 43
32 12 16 2932 52
33 9 7 2768 37
6 11 2 2773 86
30 11 2 2859 32
9 11 6 2768 32
18 8 6 2932 44
17 7 0 2869 30
0 10 18 2695 61
38 15 4 2765 53
1 9 19 2626 1
33 10 18 2805 12
34 13 4 2994 80
9 12 12 2800 27
2 9 10 2932 71
27 12 1 2773 50
21 9 3 2809 78
8 10 9 2765 77
10 14 7 2807 65
7 8 18 2817 54
8 11 19 2842 32
43 8 10 3003 71
43 9 3 3074 9
17 8 9 2899 7
33 11 3 3083 19
16 13 19 2874 61
42 16 8 2484 48
24 12 3 3102 54
41 10 8 2532 54
44 12 2 2891 68
13 12 19 2935 48
31 15 5 2869 84
36 12 18 2871 88
40 13 17 2725 45
47 14 4 3074 44
22 14 19 2983 36
17 9 13 2906 27
46 9 8 2626 11
4 13 0 2936 73
34 14 0 3074 71
9 13 14 2827 32
2 10 13 3003 64
32 13 4 3118 70
26 9 7 2872 4
48 12 7 2876 18
2 11 11 3067 13
28 10 10 3074 11
27 13 6 2976 82
25 10 0 3145 28
17 10 14 2933 59
29 13 1 2823 10
29 14 7 2894 90
7 9 9 2906 20
13 13 17 2983 23
30 12 14 2992 37
30 13 19 3029 32
5 13 17 3006 22
13 14 16 3006 27
41 11 14 3029 16
17 11 12 2992 33
29 15 13 3067 26
31 16 9 2953 99
29 16 2 3093 68
34 15 18 3145 54
32 14 6 3188 23
32 15 2 3211 85
36 13 6 3211 74
21 10 9 3052 53
8 12 4 3188 27
7 10 16 3033 37
8 13 12 3215 46
35 12 8 2637 22
17 12 18 3199 18
25 11 15 3173 87
2 12 5 3080 33
10 15 8 2872 50
33 12 16 3102 9
48 13 13 3093 9
3 14 9 3105 82
10 16 11 3080 37
35 13 17 3028 47
19 10 10 3085 78
15 14 0 3173 98
16 14 17 3075 70
14 19 0 3271 33
23 18 2 3296 57
20 8 14 3045 21
42 17 17 3145 96
24 13 6 3285 47
41 12 6 3332 77
44 13 11 3117 86
19 11 3 3163 15
42 18 4 3241 83
13 15 2 3353 49
16 15 3 3178 75
31 17 10 3163 82
36 14 1 3285 13
40 14 8 2922 55
47 15 11 3203 44
15 15 4 3324 51
45 13 15 3260 23
32 16 12 3296 50
3 15 13 3187 39
22 15 3 3253 7
42 19 9 3324 98
37 10 9 3422 20
3 16 1 3298 33
23 19 8 3353 20
15 16 19 3375 54
31 18 8 3373 30
29 17 10 3245 35
4 14 2 3402 54
34 16 5 3199 25
2 13 14 3113 26
32 17 19 3429 81
48 14 14 3139 76
30 14 4 3375 48
0 11 1 3331 10
24 14 18 3332 82
25 12 5 3260 65
30 15 3 3423 47
29 18 17 3280 84
28 11 13 3226 59
45 14 12 3346 24
18 9 2 3456 1
45 15 13 3370 67
17 13 4 3423 77
46 10 5 3325 1
12 11 14 3215 38
8 14 14 3261 17
7 11 1 3341 22
12 12 18 3414 89
8 15 2 3457 45
43 10 1 3363 94
43 11 18 3503 91
17 14 10 3500 57
33 13 11 3247 5
41 13 19 3510 29
44 14 19 3539 59
13 16 1 3457 42
22 16 16 3260 34
13 17 6 3499 5
30 16 7 3470 32
41 14 3 3539 71
4 15 6 3504 15
22 17 18 3594 18
13 18 10 3557 61
11 11 13 3437 29
34 17 16 3294 41
4 16 4 3519 64
24 15 14 3414 30
32 18 15 3510 17
31 19 2 3502 51
36 15 7 3502 24
21 11 4 3583 56
40 15 12 3370 37
22 18 14 3612 59
22 19 7 3671 96
13 19 18 3618 26
25 13 18 3644 36
49 12 10 3618 88
10 17 14 3671 18
40 16 6 3519 66
9 14 3 3610 77
33 14 14 3689 4
6 12 14 3693 28
3 17 7 3767 43
49 13 16 3706 29
10 18 17 3689 36
35 14 11 3252 63
19 12 18 3680 40
11 12 19 3598 89
38 16 8 3403 10
43 12 4 3639 90
15 17 8 3429 50
16 16 0 3304 89
38 17 12 3413 41
1 10 0 3393 18
28 12 11 3315 91
38 18 14 3721 61
20 9 17 3725 5
6 13 12 3721 80
12 13 10 3706 98
24 16 17 3730 17
39 10 3 3687 88
4 17 12 3801 43
41 15 18 3720 24
44 15 10 3804 90
35 15 4 3729 61
44 16 0 3894 56
19 13 17 3747 22
33 15 5 3693 85
11 13 15 3687 40
38 19 5 3782 12
26 10 9 3442 61
39 11 15 3775 30
6 14 3 3801 89
16 17 16 3735 97
47 16 9 3503 76
32 19 14 3782 5
40 17 4 3790 11
45 16 9 3579 80
21 12 13 3639 40
25 14 1 3680 72
41 16 9 3744 86
1 11 4 3801 98
28 13 19 3687 10
45 17 1 3752 89
36 16 5 3794 82
16 18 5 3876 17
40 18 0 3950 1
29 19 14 3787 99
8 16 3 3890 40
30 17 6 3585 2
41 17 17 3830 68
25 15 9 3830 5
40 19 10 3951 55
5 14 2 3553 89
16 19 15 3893 60
21 13 11 3679 51
11 14 16 3832 10
39 12 12 3844 90
39 13 6 3934 53
37 11 2 3642 45
18 10 15 3953 16
46 11 0 3951 14
27 14 11 3730 2
37 12 15 3969 6
0 12 12 3934 51
39 14 16 3987 25
27 15 19 3732 73
1 12 3 3930 2
20 10 2 3730 5
9 15 15 3975 6
0 13 9 3985 59
0 14 13 4044 12
28 14 0 3965 35
26 11 18 3744 24
18 11 5 3969 11
30 18 12 3985 26
47 17 6 3987 83
2 14 15 3981 42
30 19 15 4023 37
2 15 1 4023 64
48 15 5 3980 44
41 18 15 4060 21
48 16 0 4024 39
26 12 14 3886 62
47 18 2 4070 38
6 15 9 4044 91
18 12 3 3980 15
26 13 10 4006 56
18 13 19 3995 38
46 12 13 4056 94
27 16 2 4108 55
37 13 5 4024 81
0 15 4 4056 74
0 16 6 4130 61
7 12 2 4163 13
43 13 11 3732 34
36 17 16 4012 28
36 18 12 4040 74
21 14 0 4063 46
41 19 12 4114 40
49 14 5 4105 5
10 19 16 4040 46
35 16 0 4109 16
19 14 7 3810 56
20 11 18 3768 85
20 12 4 4130 67
34 18 17 3898 84
34 19 19 4033 73
44 17 9 4135 41
3 18 15 4081 86
2 16 0 4125 55
4 18 10 4062 10
49 15 4 4197 3
47 19 16 4108 94
48 17 9 4176 22
46 13 10 4150 9
36 19 14 4114 14
12 14 12 4154 42
15 18 10 4159 96
45 18 0 4180 96
3 19 3 4167 74
37 14 3 4241 13
15 19 7 4255 33
4 19 7 4288 80
2 17 17 4180 76
48 18 18 4198 16
0 17 16 4202 52
24 17 8 3747 92
25 16 17 4256 13
28 15 15 4167 8
45 19 18 4276 21
18 14 14 4128 54
17 15 11 3766 90
46 14 7 4368 13
12 15 19 4196 93
8 17 8 3930 94
7 13 12 4196 53
12 16 3 4289 86
8 18 7 4381 10
43 14 16 4254 75
43 15 8 4329 1
17 16 15 4175 24
33 16 19 4289 88
44 18 13 4176 39
11 15 17 4269 43
24 18 11 3856 2
21 15 6 4191 95
25 17 8 4330 56
49 16 13 4215 77
9 16 8 4386 60
33 17 17 4377 46
6 16 4 4200 44
49 17 14 4292 47
35 17 14 4339 10
19 15 9 4198 68
11 16 3 4375 8
43 16 14 4349 73
1 13 2 4176 47
28 16 14 4422 27
20 13 10 4255 94
6 17 8 4446 67
12 17 6 4375 97
24 19 19 4377 23
39 15 11 4012 32
44 19 3 4383 43
35 18 2 4349 94
19 16 13 4292 31
33 18 1 4423 10
11 17 5 4383 82
26 14 13 4323 17
39 16 19 4400 43
6 18 11 4513 67
21 16 15 4286 38
25 18 12 4386 32
1 14 15 4324 57
28 17 16 4449 35
8 19 11 4580 12
25 19 19 4443 72
5 15 5 4465 65
21 17 7 4391 12
11 18 12 4465 88
39 17 7 4443 50
39 18 14 4493 3
37 15 1 4433 51
18 15 12 4553 13
46 15 11 4592 82
27 17 4 4244 93
37 16 13 4484 12
0 18 0 4276 68
39 19 13 4496 4
27 18 9 4337 39
1 15 17 4423 44
20 14 8 4513 97
9 17 16 4484 85
0 19 8 4610 19
28 18 6 4484 28
26 15 19 4515 9
18 16 4 4566 73
2 18 2 4443 17
2 19 7 4493 8
48 19 19 4524 95
26 16 11 4674 29
6 19 0 4580 53
18 17 13 4639 68
26 17 6 4703 45
18 18 8 4707 85
46 16 14 4674 8
27 19 3 4426 35
37 17 10 4496 12
7 14 7 4501 4
43 17 5 4530 83
21 18 8 4792 9
49 18 1 4484 13
35 19 16 4569 47
19 17 5 4613 53
20 15 15 4610 71
20 16 0 4681 39
49 19 19 4619 60
46 17 16 4682 58
12 18 1 4497 33
33 19 9 4433 4
9 18 4 4639 79
18 19 0 4792 54
17 17 19 4679 41
28 19 3 4512 97
1 16 7 4505 25
9 19 19 4720 66
26 18 1 4748 63
46 18 17 4740 13
46 19 1 4811 76
17 18 17 4753 6
26 19 15 4811 7
7 15 4 4718 53
1 17 13 4707 48
20 17 5 4720 58
17 19 8 4801 71
19 18 15 4818 19
20 18 9 4778 30
19 19 4 4837 89
37 18 11 4703 55
21 19 16 4801 90
5 16 14 4682 56
11 19 10 4553 86
1 18 8 4872 12
5 17 13 4755 92
37 19 17 4759 35
1 19 12 4884 24
20 19 12 4908 82
7 16 14 4771 7
43 18 15 4837 75
7 17 10 4778 53
43 19 9 4912 68
5 18 8 4884 15
12 19 17 4794 22
5 19 1 4899 77
7 18 5 4831 56
7 19 17 4887 4
