13 0 8 0 11
37 0 12 0 93
37 1 14 93 97
2 0 5 0 11
15 0 5 11 22
14 0 10 0 88
47 0 12 93 19
35 0 4 0 68
1 0 13 0 37
26 0 16 0 93
43 0 8 11 57
3 0 13 37 87
22 0 7 0 73
2 1 3 11 70
43 1 10 88 67
4 0 1 0 1
46 0 6 0 26
42 0 19 0 57
36 0 4 68 86
45 0 11 0 1
3 1 9 124 3
3 2 6 127 82
19 0 4 154 1
24 0 6 209 68
18 0 5 33 4
19 1 0 155 98
14 1 11 88 25
49 0 3 81 30
11 0 7 73 78
24 1 15 277 30
31 0 16 93 87
2 2 18 81 4
14 2 7 151 9
18 1 13 124 14
13 1 2 11 56
33 0 10 155 44
46 1 15 307 9
31 1 9 180 16
34 0 16 180 37
41 0 9 196 15
44 0 11 113 63
10 0 2 67 63
6 0 8 68 27
25 0 9 211 94
10 1 3 130 15
18 2 1 138 62
7 0 5 37 8
36 1 3 154 21
13 2 17 67 64
16 0 12 112 96
0 0 4 155 8
37 2 5 190 35
46 2 19 316 92
44 1 8 176 45
13 3 19 408 45
29 0 14 190 5
16 1 7 208 91
28 0 16 217 65
23 0 18 85 72
3 3 0 253 44
45 1 14 195 24
45 2 13 219 37
14 3 18 160 83
37 3 2 225 71
14 4 17 243 12
21 0 10 199 50
11 1 14 219 75
8 0 16 282 45
47 1 15 316 58
43 2 17 255 80
48 0 6 277 41
23 1 6 318 49
39 0 3 175 52
3 4 7 299 16
0 1 3 227 41
17 0 9 305 4
47 2 14 374 30
36 2 18 243 36
39 1 0 297 57
31 2 12 208 43
10 2 13 256 66
11 2 16 327 35
20 0 10 249 40
5 0 5 225 64
6 1 0 354 78
40 0 7 315 85
19 2 13 322 77
18 3 14 404 43
3 5 8 315 54
46 3 16 408 70
24 2 7 400 38
30 0 15 374 85
10 3 0 432 16
4 1 11 176 31
44 2 10 289 49
45 3 1 256 54
5 1 9 309 46
15 1 11 207 49
6 2 4 432 10
15 2 9 355 73
18 4 0 448 49
4 2 19 453 73
19 3 2 399 28
19 4 1 427 3
26 1 19 526 83
47 3 3 404 72
3 6 1 430 9
45 4 9 428 39
45 5 5 467 50
14 5 14 447 79
37 4 3 476 62
14 6 16 526 41
21 1 11 256 24
11 3 5 517 10
8 1 15 459 30
47 4 1 476 39
43 3 16 567 80
48 1 9 467 46
23 2 19 609 50
39 2 13 399 67
0 2 18 279 4
17 1 4 442 8
47 5 2 515 27
36 3 2 542 42
39 3 8 466 67
31 3 13 466 86
10 4 9 513 51
3 7 3 538 49
20 1 1 515 89
5 2 6 367 81
6 3 15 489 19
40 1 19 659 24
19 5 3 587 8
18 5 6 497 18
3 8 15 587 28
46 4 5 527 87
24 3 14 526 23
30 1 8 533 43
10 5 7 564 26
4 3 18 526 35
44 3 7 590 38
45 6 7 628 38
5 3 13 552 38
15 3 18 561 59
6 4 2 584 89
15 4 12 620 48
15 5 8 668 76
18 6 19 683 91
4 4 0 561 81
19 6 15 615 43
19 7 12 668 53
26 2 13 609 79
47 6 9 564 18
48 2 10 513 81
12 0 10 594 25
3 9 10 619 70
0 3 17 335 52
36 4 0 642 67
24 4 5 614 5
30 2 17 576 95
46 5 12 721 33
22 1 4 450 76
39 4 5 619 91
10 6 19 774 24
25 1 4 526 60
4 5 8 744 84
44 4 0 709 32
26 3 18 688 36
44 5 15 741 87
45 7 18 724 79
5 4 8 828 46
3 10 5 710 85
15 6 2 744 78
6 5 14 673 91
10 7 17 798 78
46 6 11 754 14
39 5 1 710 82
6 6 18 803 42
27 0 7 666 88
32 0 16 647 85
15 7 14 822 69
6 7 16 845 13
47 7 11 768 44
18 7 3 774 83
24 5 8 874 65
20 2 15 828 65
32 1 10 732 6
35 1 13 688 36
33 1 6 515 77
22 2 5 795 31
24 6 2 939 1
34 1 3 857 22
0 4 12 754 47
48 3 11 812 17
12 1 17 876 19
20 3 17 895 30
33 2 18 845 51
38 0 13 724 15
3 11 18 896 34
43 4 18 930 61
29 1 4 586 51
19 8 11 829 4
32 2 7 754 31
33 3 14 896 49
7 1 13 739 90
32 3 15 893 23
40 2 15 916 60
8 2 18 991 23
41 1 19 798 64
26 4 1 792 15
19 9 6 833 80
31 4 6 913 67
2 3 15 976 92
18 8 7 857 53
37 5 9 582 49
23 3 9 659 95
37 6 7 910 81
27 1 4 754 37
32 4 9 916 33
0 5 13 829 67
12 2 11 895 53
39 6 7 991 86
9 0 18 1014 72
0 6 14 945 65
13 4 10 738 96
29 2 12 801 90
30 3 9 949 42
28 1 8 939 4
1 1 5 826 91
5 5 17 925 69
30 4 19 991 50
33 4 2 945 37
3 12 2 982 53
2 4 11 1068 18
7 2 1 829 38
16 2 16 858 71
3 13 16 1035 37
24 7 9 991 18
44 6 5 917 41
11 4 19 1041 81
38 1 0 741 22
31 5 5 980 82
46 7 4 791 83
2 5 19 1122 41
24 8 17 1009 61
35 2 3 879 85
9 1 12 1086 36
38 2 11 1086 40
27 2 17 1070 37
22 3 12 1122 4
46 8 0 874 34
31 6 11 1126 70
34 2 2 1035 56
41 2 8 943 29
44 7 17 1107 33
6 8 11 1196 75
25 2 7 1077 19
37 7 11 1271 60
33 5 7 1096 20
38 3 8 1126 12
5 6 10 994 10
12 3 9 1009 36
21 2 13 896 37
38 4 18 1138 19
31 7 18 1196 65
46 9 2 1091 98
24 9 11 1331 51
5 7 19 1163 27
9 2 9 1122 5
26 5 3 964 44
30 5 18 1261 32
35 3 15 1068 37
35 4 19 1190 66
1 2 14 1010 97
23 4 17 1140 81
49 1 2 1189 3
41 3 3 1008 72
35 5 10 1256 31
13 5 14 1107 94
7 3 6 980 23
14 7 1 867 89
33 6 17 1221 69
23 5 10 1287 80
42 1 13 933 4
15 8 1 956 66
23 6 14 1367 50
9 3 5 1127 98
20 4 9 1127 23
49 2 8 1192 28
39 7 4 1077 29
33 7 8 1290 95
43 5 9 1150 84
14 8 9 1234 93
37 8 13 1331 64
11 5 8 1385 1
7 4 17 1290 69
33 8 5 1385 84
49 3 19 1256 92
33 9 1 1469 43
1 3 18 1293 6
4 6 4 1106 34
27 3 12 1126 36
38 5 17 1359 5
29 3 19 1348 91
14 9 8 1386 46
21 3 7 1116 99
11 6 1 1512 28
8 3 2 1192 7
47 8 16 1072 20
43 6 15 1234 90
48 4 12 1162 25
39 8 17 1364 8
0 7 6 1010 18
35 6 18 1299 35
13 6 13 1395 48
7 5 8 1432 34
14 10 2 1432 24
23 7 15 1417 41
42 2 11 1382 83
44 8 19 1439 18
44 9 18 1457 40
22 4 9 1327 10
12 4 19 1457 53
49 4 15 1458 87
1 4 1 1540 48
45 8 4 1140 88
47 9 6 1092 87
16 3 5 1469 60
1 5 19 1588 90
17 2 17 1372 10
21 4 4 1228 14
4 7 7 1215 53
4 8 5 1529 73
0 8 7 1268 73
39 9 11 1465 35
27 4 15 1545 59
32 5 3 1080 4
47 10 10 1367 82
18 9 10 1449 35
24 10 19 1678 44
20 5 6 1179 47
32 6 14 1417 69
35 7 11 1500 97
33 10 4 1512 86
22 5 13 1443 24
34 3 11 1597 88
0 9 11 1685 10
48 5 18 1497 80
12 5 1 1588 27
38 6 10 1484 32
43 7 1 1615 63
18 10 9 1484 79
41 4 17 1382 98
13 7 16 1443 79
7 6 0 1466 13
34 4 7 1685 95
8 4 14 1486 92
29 4 17 1480 24
8 5 0 1578 72
10 8 8 1466 54
22 6 3 1467 67
45 9 2 1456 35
16 4 6 1529 60
17 3 14 1578 4
21 5 17 1504 99
16 5 15 1604 60
34 5 14 1780 19
2 6 12 1187 77
28 2 12 1264 98
40 3 5 1602 60
14 11 12 1456 41
21 6 3 1603 25
35 8 14 1799 76
1 6 11 1695 32
26 6 9 1563 45
43 8 5 1678 26
3 14 4 1598 59
22 7 17 1603 57
2 7 1 1678 5
43 9 6 1704 98
46 10 3 1628 5
42 3 6 1802 13
36 5 17 1660 38
45 10 19 1722 58
3 15 19 1780 66
19 10 9 1608 81
18 11 4 1657 62
40 4 3 1662 89
8 6 12 1650 34
41 5 10 1516 73
26 7 8 1608 11
19 11 18 1689 98
31 8 17 1698 56
2 8 6 1815 49
18 12 11 1727 42
37 9 10 1589 50
23 8 16 1522 48
32 7 5 1704 61
0 10 1 1695 70
12 6 15 1664 8
39 10 10 1639 65
9 4 11 1769 38
13 8 12 1684 48
29 5 9 1689 98
30 6 10 1704 37
28 3 19 1846 29
1 7 6 1864 12
5 8 18 1787 36
30 7 0 1741 8
33 11 15 1672 86
9 5 6 1876 99
0 11 5 1765 66
13 9 11 1807 58
30 8 5 1831 68
28 4 18 1875 22
5 9 4 1823 94
30 9 7 1899 82
2 9 17 1864 94
16 6 17 1958 44
44 10 16 1570 50
38 7 19 1875 85
31 9 4 1917 53
46 11 8 1633 99
2 10 4 1970 32
35 9 16 1875 22
38 8 16 1960 48
27 5 1 1765 14
22 8 11 1865 25
46 12 10 1741 93
31 10 10 1970 22
34 6 9 1799 92
41 6 16 2008 28
48 6 0 1749 41
23 9 0 1790 68
39 11 12 1732 13
3 16 11 1890 41
0 12 16 2036 64
17 4 10 1992 23
47 11 17 2002 51
36 6 14 1875 28
39 12 2 1745 92
31 11 0 1992 17
10 9 1 1779 66
20 6 18 1897 97
6 9 17 2053 2
40 5 1 1845 99
19 12 5 1899 61
18 13 18 1994 17
25 3 18 2011 40
17 5 0 2015 17
28 5 7 1981 1
42 4 2 1837 80
30 10 6 1981 78
36 7 8 1903 58
25 4 5 2051 46
25 5 1 2097 7
30 11 13 2059 11
10 10 14 1903 51
4 9 2 1917 30
44 11 2 1947 84
45 11 15 1780 77
4 10 6 2059 63
36 8 15 1961 41
25 6 13 2104 7
25 7 10 2111 86
27 6 3 1779 89
32 8 1 2104 50
49 5 13 2111 28
33 12 12 1758 57
37 10 4 2002 33
21 7 9 1891 64
11 7 3 1868 58
9 6 19 1975 92
7 7 7 1982 62
23 10 11 1931 15
11 8 11 1946 80
32 9 11 2154 27
0 13 8 2100 53
12 7 4 2035 23
39 13 19 2067 28
0 14 9 2153 34
13 10 6 2122 32
29 6 18 2051 31
30 12 12 2070 45
28 6 4 2058 70
1 8 3 1926 93
33 13 3 2019 29
30 13 3 2115 32
27 7 5 2097 93
25 8 15 2197 32
49 6 6 2154 30
28 7 13 2139 89
2 11 13 2228 67
7 8 10 2197 38
16 7 0 2032 18
24 11 12 2115 64
44 12 3 2147 36
11 9 0 2050 61
24 12 10 2235 98
46 13 7 2044 94
22 9 16 2100 72
39 14 16 2172 77
10 11 18 2082 30
25 9 3 2229 3
4 11 13 2295 76
44 13 14 2183 99
26 8 12 2179 47
45 12 0 2111 43
5 10 14 2282 53
3 17 12 2226 96
15 9 15 2229 27
6 10 6 2184 36
10 12 6 2220 37
46 14 1 2154 43
39 15 9 2249 99
6 11 7 2220 14
27 8 11 2190 6
32 10 12 2322 25
15 10 7 2256 73
6 12 5 2234 59
47 12 8 2153 78
18 14 17 2055 62
24 13 1 2333 99
20 7 4 2128 28
32 11 18 2347 10
35 10 1 2432 45
22 10 8 2231 30
24 14 18 2432 64
34 7 15 2256 64
0 15 15 2320 28
48 7 4 2156 29
12 8 18 2496 86
20 8 19 2156 3
38 9 15 2348 46
3 18 17 2322 84
43 10 2 2031 94
29 7 8 2261 90
19 13 8 2351 91
7 9 16 2249 74
40 6 12 2347 88
8 7 6 2257 63
41 7 13 2371 25
7 10 15 2394 67
23 11 5 2293 29
11 10 17 2406 52
0 16 10 2348 74
12 9 14 2582 31
39 16 14 2613 30
0 17 0 2422 40
13 11 18 2582 58
29 8 5 2351 3
30 14 4 2185 66
28 8 6 2320 73
1 9 7 2329 15
33 14 11 2196 70
30 15 11 2266 41
27 9 14 2643 47
25 10 2 2232 25
49 7 4 2251 69
28 9 14 2690 5
2 12 14 2695 2
7 11 12 2461 45
16 8 13 2396 82
24 15 16 2496 87
44 14 6 2393 77
11 11 15 2461 74
46 15 17 2458 36
22 11 19 2261 31
39 17 6 2643 16
10 13 16 2583 72
25 11 19 2292 89
4 12 15 2535 62
26 9 11 2307 2
15 11 6 2659 46
27 10 8 2690 44
15 12 16 2705 42
20 9 7 2344 5
35 11 2 2477 80
34 8 1 2477 25
48 8 1 2502 99
20 10 13 2478 4
38 10 6 2705 97
43 11 3 2232 92
29 9 13 2482 56
7 12 2 2557 62
40 7 11 2435 15
8 8 3 2324 68
41 8 11 2450 35
26 10 10 2422 84
37 11 18 2640 39
23 12 13 2538 68
13 12 3 2640 13
29 10 6 2802 5
11 12 2 2619 17
21 8 19 2381 73
1 10 2 2636 33
23 13 7 2606 83
49 8 14 2697 20
35 12 9 2557 90
14 12 3 2653 59
33 15 13 2606 94
23 14 2 2689 72
42 5 12 2506 45
15 13 0 2747 53
15 14 4 2800 62
9 7 14 2717 92
20 11 5 2482 85
49 9 16 2747 94
33 16 9 2700 38
14 13 19 2712 56
11 13 9 2738 11
8 9 11 2485 36
47 13 18 2679 20
43 12 7 2689 84
48 9 2 2761 14
0 18 19 2768 8
35 13 6 2807 48
13 13 9 2749 95
7 13 19 2776 32
14 14 15 2768 19
23 15 3 2761 25
42 6 7 2773 6
44 15 9 2844 16
44 16 1 2860 52
22 12 10 2506 79
12 10 7 2779 2
49 10 10 2841 97
1 11 8 2734 5
45 13 17 2494 98
47 14 4 2862 19
16 9 8 2739 90
1 12 4 2881 2
17 6 18 2699 33
21 9 14 2809 64
4 13 16 2841 14
4 14 9 2860 30
27 11 13 2734 1
32 12 2 2775 26
47 15 13 2881 36
18 15 2 2801 39
24 16 13 2917 90
20 12 3 2786 34
32 13 19 2808 26
35 14 5 2855 5
33 17 0 2800 39
22 13 14 2873 13
34 9 6 2855 69
48 10 13 3007 28
12 11 16 2855 95
38 11 1 2912 4
43 13 0 2839 16
18 16 15 2840 76
41 9 14 2886 57
13 14 5 2860 39
7 14 14 2943 86
34 10 10 2938 37
8 10 9 2890 75
29 11 2 2840 41
8 11 17 2965 10
10 14 5 2899 77
22 14 18 2886 41
45 14 12 2592 52
16 10 19 2834 77
17 7 2 2881 50
21 10 6 2924 24
16 11 10 2975 93
34 11 18 2975 9
2 13 0 2855 16
28 10 17 2975 15
40 8 4 2883 45
14 15 5 2976 12
21 11 2 2948 86
35 15 7 2860 56
1 13 10 3068 11
26 11 0 2871 51
43 14 19 2911 24
22 15 6 2948 85
2 14 9 2965 21
43 15 12 2935 67
46 16 14 3029 26
42 7 14 3055 46
36 9 13 3035 1
45 15 6 3033 73
19 14 19 2935 32
18 17 16 2950 43
40 9 0 2928 60
8 12 19 2975 27
41 10 0 2988 26
26 12 15 2922 26
19 15 16 2993 65
31 12 3 2820 94
2 15 8 2986 69
18 18 8 3055 9
37 12 0 3014 7
23 16 12 3002 56
32 14 4 2928 42
12 12 12 3058 53
9 8 1 2916 63
13 15 0 3021 21
29 12 10 3079 75
30 16 1 2979 53
28 11 3 2990 33
1 14 15 3079 96
5 11 11 2521 31
30 17 14 3101 91
33 18 19 3002 61
9 9 4 2979 20
13 16 4 3042 18
30 18 16 3192 65
28 12 10 3154 23
5 12 3 3023 15
30 19 2 3257 88
2 16 10 3177 89
16 12 2 3345 24
44 17 13 3036 20
38 12 5 2988 97
31 13 15 3175 61
46 17 18 3055 11
2 17 7 3266 32
35 16 8 3064 50
38 13 4 3085 95
27 12 19 3063 82
22 16 15 3236 79
46 18 9 3066 28
31 14 1 3236 69
34 12 0 3042 82
41 11 15 3315 38
48 11 8 3114 25
23 17 1 3305 19
17 8 13 3056 24
47 16 0 3124 42
36 10 9 3094 67
31 15 7 3305 73
10 15 15 3353 11
20 13 11 2820 24
6 13 3 3038 14
40 10 8 3139 38
19 16 17 3058 52
25 12 12 3111 59
17 9 16 3257 12
28 13 1 3324 63
42 8 0 3166 63
36 11 16 3269 45
25 13 11 3170 69
25 14 17 3239 89
10 16 12 3364 33
4 15 17 3328 31
44 18 4 3180 60
45 16 16 3314 45
36 12 1 3387 25
27 13 10 3266 84
32 15 0 3229 9
49 11 5 3085 91
33 19 16 3359 60
37 13 15 3364 44
21 12 15 3408 10
11 14 18 3066 64
9 10 17 3359 42
7 15 18 3130 59
35 17 12 3397 66
38 14 14 3192 90
27 14 18 3350 50
22 17 0 3315 61
31 16 8 3378 33
16 13 4 3369 6
1 15 12 3463 16
17 10 6 3269 29
21 13 16 3419 76
4 16 10 3359 89
4 17 14 3448 28
27 15 6 3400 21
32 16 17 3401 72
47 17 5 3176 75
18 19 12 3479 39
24 17 3 3052 66
20 14 0 3376 87
32 17 6 3473 30
35 18 17 3473 54
22 18 2 3376 45
34 13 19 3145 67
48 12 16 3495 58
12 13 2 3421 29
17 11 19 3298 65
21 14 12 3518 56
16 14 18 3400 77
34 14 5 3251 90
28 14 9 3387 20
40 11 16 3553 44
21 15 18 3574 81
35 19 0 3527 53
1 16 17 3527 82
26 13 7 3378 62
43 16 11 3239 47
22 19 1 3421 3
43 17 13 3286 35
42 9 15 3418 94
36 13 5 3412 18
45 17 10 3448 45
40 12 17 3609 38
8 13 13 3321 89
41 12 1 3424 42
26 14 2 3450 54
37 14 1 3466 53
23 18 8 3411 80
32 18 8 3503 91
12 14 5 3450 35
9 11 16 3597 77
13 17 7 3440 83
26 15 5 3504 71
39 18 15 3512 31
3 19 14 3476 54
0 19 2 3504 30
17 12 12 3574 43
47 18 19 3363 85
36 14 19 3448 12
39 19 18 3655 35
10 17 10 3493 30
20 15 14 3530 63
6 14 13 3410 9
40 13 2 3647 4
25 15 14 3593 65
17 13 8 3617 68
28 15 11 3407 28
42 10 8 3685 54
36 15 11 3460 71
25 16 0 3658 9
25 17 6 3667 77
10 18 4 3523 36
4 18 12 3617 92
44 19 12 3709 66
45 18 3 3493 84
4 19 3 3709 3
36 16 10 3531 49
25 18 16 3744 35
25 19 8 3779 42
27 16 9 3421 4
32 19 13 3594 83
49 12 17 3647 5
37 15 16 3779 20
21 16 8 3821 62
11 15 13 3677 69
7 16 11 3531 84
42 11 17 3739 69
15 15 10 3580 39
9 12 3 3712 71
20 16 8 3883 54
49 13 7 3652 16
43 18 4 3559 79
37 16 8 3937 96
11 16 10 3746 27
7 17 9 3615 66
49 14 11 3668 88
23 19 4 3638 60
11 17 12 3775 92
12 15 0 3667 28
13 18 1 3523 45
29 13 15 3543 57
28 16 0 3695 31
1 17 9 3681 49
27 17 16 3799 20
49 15 18 3756 47
28 17 2 3726 62
2 18 2 3788 6
7 18 4 3698 37
16 15 14 3658 56
24 18 0 3726 99
11 18 6 3867 79
24 19 4 3825 7
46 19 13 3746 16
10 19 11 3756 24
26 16 4 3832 86
45 19 8 4033 80
5 13 12 3867 59
15 16 19 3619 15
6 15 9 3730 34
6 16 10 3773 3
27 18 2 3819 98
15 17 17 3808 4
6 17 1 3776 85
47 19 7 3668 95
20 17 12 3937 54
34 15 13 3762 52
48 13 7 3763 24
12 16 13 3814 1
20 18 2 3991 27
38 15 2 4018 2
43 19 14 3714 99
29 14 1 3861 49
19 17 14 3813 29
7 19 3 3783 52
40 14 10 3776 95
8 14 5 3575 31
41 13 12 3991 19
26 17 6 3946 64
19 18 7 3842 49
31 17 14 3842 69
31 18 19 3911 36
37 17 17 4033 49
27 19 0 3917 37
12 17 8 4113 71
13 19 15 3600 69
29 15 11 3910 75
28 18 15 3788 90
5 14 2 4020 31
16 16 9 3764 82
29 16 3 3985 1
8 15 8 4184 88
16 17 3 3986 15
17 14 3 4001 66
11 19 4 3946 89
34 16 8 4272 64
6 18 19 3947 44
41 14 7 4010 75
5 15 16 4051 6
12 18 6 4184 57
21 17 5 3883 49
1 18 0 3954 48
49 16 1 3910 66
41 15 4 4085 2
14 16 4 4087 34
42 12 16 4057 69
15 18 3 4067 76
15 19 13 4143 53
9 13 8 4336 3
20 19 16 4126 95
49 17 9 3976 67
14 17 0 4121 80
37 18 19 4082 23
26 18 17 4082 61
48 14 3 4143 59
12 19 3 4241 56
36 17 7 4085 28
9 14 13 4339 80
29 17 0 4201 66
28 19 5 3932 53
1 19 16 4221 81
5 16 15 4057 1
2 19 16 4302 33
16 18 1 4001 85
38 16 12 4020 69
31 19 2 4051 64
9 15 15 4419 95
38 17 9 4089 95
34 17 17 4336 25
41 16 2 4115 86
6 19 12 4089 94
37 19 6 4241 70
38 18 3 4297 68
5 17 1 4086 28
21 18 1 4114 19
38 19 7 4365 18
5 18 0 4267 43
9 16 10 4514 84
26 19 14 4143 38
49 18 12 4183 15
41 17 6 4311 46
14 18 13 4419 81
42 13 18 4126 43
9 17 2 4598 32
49 19 0 4310 29
29 18 7 4383 65
21 19 0 4339 78
8 16 7 4448 46
48 15 14 4202 45
42 14 1 4169 62
16 19 11 4086 41
17 15 7 4494 82
34 18 12 4361 62
48 16 5 4247 17
41 18 18 4357 84
34 19 4 4423 39
8 17 1 4494 36
29 19 16 4448 58
8 18 4 4530 71
17 16 11 4576 22
40 15 18 4441 27
42 15 3 4365 6
36 18 12 4423 21
19 19 10 4598 1
40 16 9 4468 27
8 19 10 4601 23
41 19 5 4441 5
9 18 7 4630 32
5 19 7 4662 92
40 17 6 4495 15
14 19 6 4510 51
48 17 19 4264 53
17 17 1 4598 89
36 19 6 4561 52
40 18 14 4510 76
48 18 15 4514 16
48 19 17 4530 86
40 19 13 4586 53
9 19 0 4662 66
42 16 5 4446 15
42 17 9 4495 35
17 18 15 4687 58
17 19 5 4745 25
42 18 10 4624 62
42 19 4 4686 44
