24 0 8 0 83
7 0 6 0 44
23 0 6 44 11
42 0 17 0 15
14 0 15 0 64
7 1 19 44 20
17 0 14 0 47
34 0 19 64 2
2 0 17 15 36
47 0 10 0 91
23 1 18 55 71
3 0 3 0 42
0 0 2 0 84
44 0 5 0 32
43 0 9 0 12
46 0 1 0 43
46 1 14 47 79
35 0 10 91 87
3 1 5 42 23
18 0 12 0 92
10 0 3 42 62
47 1 9 91 65
2 1 7 51 68
28 0 16 0 62
0 1 6 84 26
29 0 7 119 18
32 0 8 83 51
14 1 11 64 88
44 1 2 84 11
5 0 11 152 34
21 0 2 95 63
27 0 17 51 81
47 2 3 156 80
46 2 19 126 60
15 0 7 137 95
19 0 11 186 20
7 2 1 64 86
25 0 17 132 98
27 1 13 132 71
22 0 19 186 43
23 2 4 126 60
15 1 14 232 9
5 1 16 186 34
1 0 3 236 77
34 1 14 241 85
18 1 6 110 79
36 0 15 64 14
20 0 0 0 77
34 2 10 326 58
49 0 12 92 64
22 1 15 229 66
44 2 12 156 76
26 0 10 384 26
31 0 11 206 54
21 1 15 295 50
13 0 0 77 55
42 1 6 189 77
9 0 7 232 24
31 1 17 260 81
24 1 5 83 39
22 2 16 295 92
15 2 3 313 29
41 0 4 186 48
25 1 12 232 91
24 2 3 342 51
31 2 15 345 52
32 1 10 410 21
11 0 4 234 5
46 3 12 323 98
43 1 6 266 68
42 2 5 266 47
15 3 6 342 45
24 3 12 421 49
28 1 13 203 79
34 3 15 397 47
3 2 11 260 29
0 2 0 132 16
13 1 13 282 30
0 3 18 148 14
13 2 8 312 68
12 0 17 341 58
39 0 11 289 35
28 2 18 282 70
37 0 2 158 9
31 3 1 397 25
18 2 11 324 74
42 3 8 380 60
38 0 9 156 78
12 1 3 399 49
19 1 5 313 96
0 4 9 234 43
44 3 8 440 27
28 3 7 352 43
49 1 6 387 20
8 0 13 312 45
6 0 18 352 4
1 1 0 313 32
9 1 18 356 20
27 2 5 409 22
22 3 6 407 61
4 0 19 229 57
18 3 17 399 2
43 2 15 444 91
32 2 0 431 36
23 3 5 431 73
32 3 7 467 95
19 2 19 409 64
7 3 0 467 2
25 2 11 398 78
27 3 11 476 56
22 4 11 532 11
23 4 17 504 91
15 4 18 387 64
5 2 1 422 32
1 2 13 357 55
34 4 12 470 66
18 4 3 448 97
5 3 14 454 17
44 4 13 467 12
19 3 0 473 95
18 5 18 545 68
19 4 13 568 6
39 1 17 595 73
21 2 4 345 88
17 1 3 545 92
27 4 15 535 17
37 1 11 543 96
17 2 18 637 11
23 5 16 595 99
15 5 12 536 73
30 0 13 574 7
12 2 7 562 53
1 3 12 609 22
6 1 12 631 71
25 3 19 476 43
41 1 5 504 96
14 2 3 637 94
37 2 13 639 42
17 3 7 648 73
23 6 3 731 22
30 1 10 581 14
48 0 15 552 23
29 1 6 468 36
40 0 11 639 99
27 5 16 694 14
36 1 11 738 47
10 1 8 467 21
13 3 14 471 34
1 4 2 631 83
2 2 15 575 42
45 0 16 708 90
0 5 12 702 28
24 4 6 504 31
40 1 6 738 88
13 4 2 714 3
41 2 14 600 13
14 3 1 731 34
7 4 16 798 90
1 5 18 714 19
16 0 9 277 14
39 2 4 668 40
15 6 19 609 62
10 2 19 671 95
12 3 5 615 85
38 1 17 668 96
15 7 9 671 11
2 3 2 717 45
2 4 19 766 34
30 2 9 682 11
46 4 7 721 3
24 5 7 724 18
16 1 15 617 90
27 6 10 708 65
43 3 5 700 12
4 1 17 764 67
34 5 0 568 81
36 2 6 826 11
31 4 4 708 78
31 5 6 837 23
16 2 8 707 73
33 0 19 800 78
6 2 3 753 63
34 6 8 780 44
11 1 18 733 48
39 3 18 781 52
34 7 17 831 41
9 2 6 860 92
0 6 5 730 86
42 4 15 707 51
27 7 12 773 90
15 8 0 682 31
15 9 1 765 77
35 1 6 952 65
42 5 19 878 51
20 1 9 693 82
44 5 11 785 67
47 3 12 863 50
2 5 0 800 73
36 3 12 913 29
20 2 15 775 36
34 8 6 1017 18
49 2 8 824 89
44 6 1 852 33
45 1 14 798 1
17 4 17 872 4
37 3 10 773 39
37 4 12 942 6
17 5 5 876 9
23 7 7 753 74
33 1 17 878 17
33 2 16 895 41
1 6 4 786 49
9 3 13 952 47
22 5 3 816 53
4 2 11 852 99
18 6 4 835 98
43 4 14 799 73
41 3 12 948 45
1 7 11 951 80
25 4 9 775 55
10 3 4 933 53
5 4 9 830 49
5 5 7 879 13
39 4 12 993 92
21 3 17 895 90
12 4 16 936 20
41 4 11 1031 77
14 4 9 879 4
14 5 13 999 78
11 2 3 869 88
4 3 14 951 9
48 1 3 957 75
40 2 10 826 17
10 4 7 986 75
45 2 12 1085 68
47 4 2 913 66
23 8 9 883 80
3 3 15 811 8
0 7 10 843 92
44 7 3 1032 17
43 5 10 935 74
46 5 8 913 4
46 6 17 985 48
35 2 3 1049 11
3 4 7 1061 93
18 7 14 960 78
47 5 8 979 35
1 8 1 1031 27
19 5 3 1060 26
21 4 5 985 35
25 5 5 1020 45
2 6 6 1035 14
22 6 12 1153 54
23 9 1 1058 79
5 6 0 892 4
1 9 16 1058 69
5 7 6 1049 7
1 10 17 1127 46
18 8 9 1038 22
5 8 17 1173 38
41 5 8 1108 9
44 8 0 1049 12
19 6 7 1154 39
19 7 16 1193 26
21 5 10 1020 20
17 6 15 885 95
37 5 3 1086 67
17 7 0 1061 22
30 3 16 1219 33
1 11 10 1173 86
25 6 2 1065 59
41 6 15 1117 60
37 6 5 1153 59
30 4 6 1252 49
25 7 6 1301 77
41 7 7 1193 8
8 1 12 1207 72
11 3 12 1279 78
30 5 0 1301 82
33 3 3 1153 69
35 3 4 1060 85
30 6 18 1383 76
25 8 3 1378 31
24 6 13 1077 94
16 3 13 1171 84
24 7 19 1171 88
21 6 16 1252 69
0 8 19 1259 32
24 8 0 1383 46
16 4 7 1255 75
10 5 1 1137 90
21 7 18 1459 88
49 3 11 1108 27
26 1 16 1321 50
6 3 19 1291 19
49 4 17 1211 5
35 4 0 1429 37
49 5 1 1227 47
8 2 19 1310 8
8 3 17 1318 61
6 4 2 1310 18
41 8 2 1328 87
12 5 11 1135 15
37 7 1 1274 91
8 4 14 1379 51
43 6 19 1318 76
10 6 0 1466 94
29 2 12 1357 70
26 2 1 1371 7
6 5 15 1328 48
26 3 12 1427 78
33 4 8 1222 94
9 4 2 1415 99
43 7 2 1514 59
35 5 11 1466 26
29 3 9 1427 10
29 4 16 1437 25
29 5 0 1560 25
28 4 3 1409 95
29 6 5 1585 72
32 4 17 1379 68
14 6 19 1394 10
46 7 10 1259 72
19 8 10 1331 92
7 5 7 1330 32
22 7 18 1547 54
5 9 5 1657 62
34 9 9 1437 85
20 3 3 1504 52
34 10 16 1522 56
49 6 4 1274 92
17 8 9 1522 32
30 7 19 1459 11
12 6 6 1378 44
6 6 1 1378 47
14 7 8 1404 67
8 5 15 1430 96
11 4 14 1430 84
2 7 1 1425 82
4 4 0 1585 89
48 2 4 1366 12
29 7 18 1657 69
40 3 5 1719 33
48 3 10 1423 51
36 4 9 1554 18
13 5 11 1492 58
2 8 18 1726 15
48 4 1 1507 45
15 10 11 1550 61
24 9 10 1474 98
13 6 1 1552 18
48 5 16 1578 23
25 9 16 1601 91
21 8 14 1547 43
45 3 7 1362 4
27 8 1 1570 29
40 4 7 1752 3
13 7 16 1692 20
47 6 19 1470 70
14 8 12 1505 77
7 6 17 1447 54
16 5 17 1501 89
48 6 18 1741 52
39 5 19 1540 77
38 2 8 1471 79
2 9 13 1741 35
30 8 2 1573 52
24 10 14 1590 66
46 8 0 1674 41
33 5 6 1422 83
29 8 13 1776 15
7 7 10 1572 40
42 6 12 1582 56
24 11 11 1656 7
40 5 2 1755 58
13 8 17 1712 33
47 7 0 1715 98
14 9 7 1755 53
7 8 12 1638 40
16 6 4 1590 41
48 7 5 1793 77
39 6 9 1617 57
2 10 5 1870 92
30 9 3 1625 20
46 9 3 1715 90
33 6 9 1674 24
7 9 15 1678 3
42 7 14 1656 30
38 3 14 1686 35
6 7 4 1631 50
26 4 15 1681 75
6 8 8 1681 82
35 6 12 1678 89
35 7 1 1767 27
28 5 2 1813 42
26 5 6 1756 3
28 6 8 1855 6
16 7 2 1855 59
33 7 10 1698 55
11 5 13 1791 85
36 5 18 1793 39
9 5 16 1712 85
28 7 17 1861 88
46 10 6 1805 94
33 8 0 1813 62
29 9 2 1914 17
21 9 3 1805 94
7 10 14 1721 20
1 12 19 1617 51
45 4 2 1931 95
42 8 7 1808 50
12 7 19 1668 97
12 8 9 1765 24
27 9 14 1741 47
22 8 4 1681 42
23 10 19 1765 97
5 10 4 1723 46
34 11 11 1663 2
1 13 5 1962 1
34 12 4 1769 81
18 9 1 1794 41
36 6 7 1858 21
34 13 7 1879 1
49 7 15 1756 23
44 9 15 1779 58
45 5 5 2026 9
17 9 19 1862 89
37 8 16 1797 81
19 9 6 1899 12
17 10 10 1951 64
23 11 12 1862 93
16 8 18 1914 58
33 9 5 2035 27
35 8 8 1861 10
3 5 12 1955 19
47 8 15 1837 80
0 9 16 1878 73
25 10 14 1788 60
49 8 13 1876 78
3 6 8 1974 64
25 11 1 1848 61
38 4 11 1721 98
8 6 11 1819 94
11 6 1 1909 1
4 5 6 1911 58
48 8 14 1870 76
36 7 5 2062 80
10 7 14 1946 43
13 9 7 1880 62
45 6 3 2035 61
45 7 13 2096 45
12 9 0 1875 12
38 5 0 1887 10
16 9 14 1989 44
20 4 7 1942 94
8 7 1 1913 98
11 7 16 1951 79
4 6 3 2096 16
48 9 8 2038 48
40 6 19 1951 22
36 8 1 2142 41
29 10 3 2112 31
32 5 2 2026 90
44 10 18 1972 56
21 10 1 2183 51
27 10 3 2143 8
47 9 17 1949 47
46 11 2 2116 11
15 11 16 2030 20
19 10 9 1911 65
7 11 11 1913 68
25 12 18 2028 62
27 11 9 2151 39
22 9 17 1996 87
15 12 15 2050 54
18 10 2 2127 58
36 9 0 2183 62
20 5 1 2234 87
49 9 5 2142 64
22 10 14 2083 86
26 6 9 2190 28
31 6 13 2141 38
21 11 0 2245 94
13 10 12 1974 70
42 9 11 1981 39
9 6 0 2339 20
31 7 3 2179 59
22 11 9 2218 34
15 13 5 2206 37
31 8 12 2238 22
32 6 16 2116 76
11 8 10 2030 95
46 12 11 2127 30
43 8 3 2238 60
42 10 3 2298 25
42 11 18 2323 90
15 14 2 2243 17
24 12 16 2192 20
28 8 19 1973 5
34 14 5 2243 36
3 7 17 2083 47
0 10 15 2104 61
13 11 9 2252 87
3 8 18 2413 19
0 11 7 2165 13
12 10 12 2260 98
39 7 16 2212 66
28 9 5 2279 12
37 9 14 2169 90
0 12 3 2323 48
25 13 10 2125 59
49 10 2 2260 77
19 11 15 2165 14
19 12 2 2337 71
39 8 6 2278 36
17 11 4 2015 19
37 10 8 2259 7
38 6 7 2178 1
20 6 4 2321 7
8 8 7 2179 83
4 7 1 2321 35
48 10 13 2179 52
40 7 9 2339 75
29 11 10 2184 60
32 7 5 2291 84
44 11 16 2278 31
21 12 19 2339 12
27 12 19 2351 9
19 13 4 2408 31
7 12 8 2266 84
22 12 8 2350 7
18 11 16 2309 99
20 7 19 2360 65
26 7 0 2359 20
31 9 2 2408 45
13 12 15 2339 55
42 12 2 2453 14
9 7 3 2371 90
32 8 3 2461 37
2 11 11 2157 10
24 13 17 2212 53
7 13 4 2439 40
16 10 11 2167 21
1 14 8 2357 88
47 10 5 2375 9
23 12 14 2259 85
5 11 8 2445 29
1 15 15 2445 77
18 12 13 2408 52
44 12 7 2309 96
17 12 8 2474 69
23 13 8 2543 72
16 11 12 2358 61
33 10 18 2432 24
35 9 7 2405 13
3 9 6 2432 4
47 11 16 2408 7
3 10 16 2436 84
43 9 16 2520 20
9 8 4 2479 1
28 10 6 2436 54
32 9 9 2498 38
46 13 13 2460 10
20 8 13 2470 40
21 13 12 2419 90
3 11 14 2520 72
39 9 8 2615 7
20 9 5 2510 61
26 8 11 2379 58
31 10 7 2453 66
9 9 15 2522 20
32 10 18 2536 30
30 10 14 2592 35
24 14 15 2542 9
16 12 0 2419 91
10 8 16 2540 72
26 9 7 2519 95
6 9 9 2536 94
6 10 16 2630 22
41 9 16 2652 29
37 11 18 2566 49
1 16 6 2522 98
9 10 5 2571 36
22 13 0 2510 60
4 8 15 2551 30
18 13 0 2570 67
43 10 0 2637 83
41 10 6 2681 56
1 17 9 2630 48
25 14 13 2510 89
10 9 12 2612 38
5 12 19 2474 87
5 13 2 2561 23
39 10 1 2622 6
21 14 6 2737 36
12 11 15 2581 53
41 11 19 2737 39
14 10 5 2607 67
0 13 13 2599 70
13 13 5 2674 91
12 12 10 2634 67
39 11 0 2720 69
28 11 9 2678 18
37 12 15 2634 96
31 11 14 2627 94
18 14 10 2701 48
42 13 10 2749 67
38 7 6 2773 82
12 13 13 2701 10
19 14 17 2439 97
36 10 17 2536 72
20 10 17 2608 79
49 11 14 2721 12
22 14 1 2628 52
0 14 8 2669 68
44 13 9 2696 89
28 12 0 2789 83
49 12 18 2733 49
8 9 2 2584 48
6 11 17 2687 7
1 18 14 2733 24
9 11 11 2607 58
27 13 8 2737 58
22 15 7 2680 96
4 9 10 2816 58
18 15 5 2765 33
25 15 15 2730 25
41 12 17 2776 82
14 11 14 2757 91
37 13 6 2855 51
17 13 11 2665 83
42 14 4 2816 13
9 12 9 2785 2
32 11 11 2748 22
2 12 14 2848 43
24 15 2 2632 7
7 14 18 2782 91
16 13 5 2798 25
1 19 7 2776 63
47 12 4 2829 67
23 14 10 2874 96
5 14 12 2650 44
18 16 15 2798 48
44 14 6 2906 28
17 14 13 2748 91
23 15 13 2970 52
33 11 4 2896 70
3 12 9 2787 2
47 13 6 2934 22
3 13 0 2872 89
43 11 17 2858 88
9 13 1 2787 86
28 13 4 2966 27
32 12 13 3022 28
46 14 5 2823 41
20 11 14 2891 2
3 14 1 2961 77
39 12 15 2846 84
20 12 11 2893 7
9 14 10 2970 42
37 14 9 2906 38
17 15 6 2956 34
23 16 15 3022 70
30 11 5 2864 73
48 11 6 2990 53
29 12 11 2900 69
40 8 0 2961 57
27 14 0 3018 95
36 11 19 2776 49
10 10 13 3050 60
13 14 19 2825 2
2 13 3 2891 18
25 16 4 2993 18
41 13 18 2873 34
14 12 2 2848 24
37 15 4 3011 56
17 16 12 2990 80
23 17 11 3092 11
30 12 4 3067 81
48 12 11 3103 53
29 13 15 3092 39
40 9 8 3018 5
27 15 6 3113 25
36 12 10 3012 52
10 11 11 3156 30
13 15 4 3148 33
2 14 16 2909 73
45 8 4 3181 63
0 15 1 3038 56
24 16 9 2944 14
40 10 14 3023 22
41 14 9 2958 20
23 18 2 3103 95
30 13 15 3148 42
48 13 17 3156 18
29 14 1 3131 54
40 11 3 3045 11
27 16 2 3198 1
36 13 8 3064 83
10 12 15 3190 6
2 15 4 3244 69
45 9 10 3244 35
0 16 17 3174 84
40 12 16 3056 76
41 15 0 3113 58
14 13 17 3258 30
7 15 13 3110 53
16 14 6 3138 48
39 13 5 2937 54
15 15 4 3313 31
10 13 10 3279 75
46 15 15 3196 79
27 17 4 3344 65
43 12 12 3070 25
4 10 7 2874 28
34 15 13 3163 51
36 14 4 3409 36
31 12 5 2991 57
31 13 8 3147 82
33 12 15 3275 50
6 12 14 3045 69
43 13 13 3214 77
32 13 19 3050 90
32 14 15 3325 6
19 15 14 3114 24
7 16 2 3199 77
25 17 7 3011 29
27 18 18 3409 44
22 16 5 3048 25
15 16 17 3344 32
5 15 18 3453 93
18 17 7 3040 58
15 17 10 3376 98
3 15 19 3140 12
37 16 17 3376 47
38 8 1 3185 56
49 13 16 3132 40
28 14 12 3095 38
3 16 4 3445 92
0 17 14 3258 23
35 10 2 3276 62
0 18 4 3537 94
25 18 0 3171 49
49 14 7 3172 3
38 9 19 3241 31
8 10 16 3172 6
11 9 9 2978 42
4 11 13 3291 70
48 14 19 3272 3
36 15 3 3445 31
10 14 5 3354 31
38 10 10 3474 88
20 13 6 3186 71
8 11 10 3562 22
4 12 18 3546 82
48 15 12 3275 18
40 13 13 3361 93
29 15 4 3631 56
32 15 12 3331 91
44 15 17 3423 33
21 15 11 3186 3
27 19 7 3453 66
19 16 1 3241 85
22 17 2 3338 55
18 18 19 3275 81
20 14 2 3393 49
26 10 18 3628 38
31 14 16 3229 51
42 15 16 3280 42
9 15 19 3356 38
32 16 1 3422 73
47 14 11 3189 95
5 16 13 3546 15
44 16 14 3456 75
17 17 1 3495 94
33 13 7 3519 21
35 11 17 3456 30
3 17 2 3537 67
47 15 13 3561 11
3 18 13 3604 38
43 14 7 3540 65
9 16 17 3486 69
45 10 11 3284 81
0 19 11 3631 30
40 14 15 3454 11
41 16 10 3584 41
14 14 6 3288 76
12 14 8 3229 91
38 11 12 3562 52
15 18 8 3474 20
30 14 11 3661 4
46 16 16 3322 66
43 15 18 3666 44
4 13 2 3628 30
34 16 3 3476 25
36 16 16 3476 51
31 15 19 3394 54
31 16 10 3625 25
33 14 14 3540 51
6 13 10 3650 68
43 16 1 3710 30
32 17 4 3687 93
32 18 14 3780 55
19 17 12 3614 89
7 17 9 3276 83
25 19 8 3494 53
22 18 13 3642 49
15 19 13 3691 94
5 17 10 3718 9
18 19 8 3547 39
3 19 10 3727 87
37 17 0 3423 95
38 12 5 3614 96
49 15 9 3359 60
28 15 1 3740 49
35 12 16 3527 24
49 16 10 3814 54
38 13 15 3710 75
8 12 8 3586 50
11 10 11 3665 21
4 14 9 3658 84
48 16 7 3605 56
36 17 2 3658 57
10 15 6 3385 87
38 14 3 3785 54
20 15 18 3710 18
8 13 4 3780 24
4 15 8 3742 5
48 17 0 3661 98
40 15 12 3703 63
29 16 8 3747 85
32 19 6 3835 38
44 17 19 3531 99
21 16 9 3742 99
19 18 8 3832 11
22 19 10 3868 56
20 16 10 3924 61
26 11 19 3666 58
31 17 9 3841 97
42 16 13 3785 28
9 17 12 3766 79
47 16 1 3789 56
5 18 15 3785 56
44 18 10 3985 40
17 18 16 3589 93
33 15 12 3845 19
35 13 5 3710 79
47 17 14 3845 25
43 17 8 3843 84
9 18 14 3870 43
45 11 17 3555 77
40 16 18 3766 89
41 17 1 3845 48
14 15 18 3855 70
39 14 7 3661 53
10 16 2 3715 63
12 15 14 3913 47
38 15 4 3839 12
30 15 12 3864 27
46 17 18 3925 11
43 18 4 3927 28
4 16 5 3789 13
36 18 13 3813 33
31 18 0 3938 55
31 19 18 3993 38
33 16 13 3864 20
6 14 7 3718 34
11 11 15 3841 69
39 15 3 3839 97
9 19 8 3927 55
42 17 9 3938 36
35 14 15 3910 98
42 18 1 3974 7
20 17 12 3985 69
37 18 19 3724 23
38 16 16 3851 63
49 17 0 3993 37
28 16 15 4008 94
10 17 9 3974 24
47 18 7 3870 64
46 18 4 3955 87
34 17 2 3778 11
36 19 14 3960 47
34 18 18 4031 21
49 18 19 4030 15
16 15 3 3936 12
35 15 18 4052 61
49 19 3 4045 16
38 17 18 4113 44
8 14 6 3873 36
29 17 17 3832 47
44 19 4 4042 74
21 17 13 3884 37
19 19 18 4157 5
7 18 3 4061 97
20 18 8 4054 50
26 12 8 4104 70
13 16 18 4162 22
42 19 0 4030 2
2 16 10 4025 55
24 17 4 4116 85
7 19 5 4158 63
16 16 16 3948 37
47 19 18 4184 57
23 19 0 4032 85
5 19 3 4158 42
17 19 2 3789 82
16 17 1 3985 80
33 17 11 3884 59
35 16 19 4113 65
43 19 11 3955 63
28 17 11 4102 95
4 17 16 3985 3
48 18 9 3998 71
40 17 1 4065 96
29 18 14 4007 40
21 18 7 3934 8
20 19 16 4104 85
26 13 4 4201 75
13 17 6 4184 20
2 17 12 4080 63
24 18 18 4241 32
16 18 19 4178 77
16 19 10 4255 51
33 18 2 3943 45
35 17 14 4178 29
46 19 9 4069 68
39 16 13 3936 38
26 14 5 4276 6
30 16 8 4174 14
24 19 1 4273 88
10 18 18 4273 16
26 15 17 4282 26
6 15 5 4282 75
6 16 0 4357 13
41 18 13 3974 56
37 19 7 3942 18
40 18 17 4308 15
10 19 17 4323 46
13 18 3 4204 26
41 19 3 4230 41
11 12 2 3988 89
39 17 14 4207 93
34 19 1 4361 1
35 18 9 4207 27
2 18 9 4234 89
45 12 15 4102 9
29 19 19 4255 10
4 18 12 4143 91
39 18 2 4300 28
12 16 1 4362 78
14 16 16 4189 56
14 17 10 4306 89
11 13 19 4265 68
4 19 4 4276 8
48 19 2 4328 25
40 19 4 4323 60
45 13 6 4204 53
13 19 10 4395 99
11 14 8 4333 56
38 18 2 4353 43
35 19 13 4234 14
8 15 3 4271 21
2 19 8 4389 98
33 19 1 4440 22
39 19 10 4494 66
30 17 17 4369 73
6 17 11 4370 55
6 18 13 4425 11
11 15 7 4389 30
45 14 9 4323 44
12 17 4 4440 5
14 18 0 4395 49
14 19 4 4445 74
45 15 0 4444 59
8 16 5 4357 17
8 17 9 4374 48
45 16 19 4503 96
21 19 8 4487 69
26 16 14 4308 26
11 16 5 4419 96
28 18 10 4560 78
12 18 2 4445 28
28 19 14 4638 57
38 19 13 4436 19
12 19 18 4473 5
8 18 0 4503 54
6 19 6 4436 60
30 18 7 4442 10
30 19 1 4462 25
45 17 8 4599 76
11 17 0 4557 98
45 18 18 4675 94
11 18 17 4655 75
45 19 1 4769 20
8 19 18 4769 21
11 19 6 4730 24
26 17 13 4455 54
26 18 2 4509 95
26 19 3 4604 12
