35 0 1 0 13
34 0 7 0 76
39 0 15 0 64
34 1 18 76 86
49 0 14 0 31
40 0 15 64 45
33 0 2 0 93
35 1 16 13 49
37 0 15 109 92
14 0 5 0 7
24 0 4 0 32
36 0 3 0 58
11 0 6 0 27
38 0 5 7 40
40 1 6 109 22
48 0 10 0 24
42 0 11 0 77
5 0 0 0 59
29 0 4 32 69
32 0 9 0 98
12 0 19 0 95
45 0 7 76 61
18 0 5 47 61
12 1 13 95 62
25 0 8 0 55
13 0 1 13 23
42 1 16 77 20
26 0 16 97 69
5 1 9 98 55
36 1 10 58 74
4 0 19 95 18
17 0 15 201 14
42 2 17 97 53
3 0 10 132 31
15 0 13 157 21
39 1 0 64 61
25 1 9 153 41
19 0 12 0 46
20 0 12 46 1
27 0 19 113 14
28 0 17 150 84
3 1 16 166 73
41 0 10 163 74
11 1 18 162 81
0 0 10 237 20
22 0 9 194 3
48 1 7 137 67
42 3 1 150 52
19 1 19 127 89
4 1 8 113 13
6 0 0 125 83
10 0 18 243 77
27 1 14 127 38
18 1 1 202 92
41 1 12 237 28
39 2 7 204 59
37 1 1 294 64
15 1 19 216 68
31 0 6 131 46
5 2 11 153 3
34 2 0 208 83
43 0 4 101 74
45 1 19 284 73
42 4 0 291 14
22 1 14 197 68
5 3 18 320 43
10 1 8 320 12
23 0 6 177 35
35 2 17 234 76
31 1 0 305 12
46 0 2 93 73
32 1 14 265 7
21 0 12 265 80
20 1 13 178 3
12 2 18 363 10
25 2 17 310 99
19 2 6 216 49
19 3 13 265 86
18 2 17 409 6
42 5 9 305 57
25 3 2 409 27
46 1 18 373 10
30 0 4 175 57
23 1 19 357 74
38 1 2 436 11
24 1 2 447 10
28 1 18 383 77
8 0 11 156 17
19 4 11 351 14
36 2 14 272 41
15 2 18 460 1
16 0 16 239 76
22 2 5 265 55
41 2 19 431 87
19 5 5 365 62
26 1 12 345 41
42 6 4 362 2
29 1 9 362 28
6 1 8 332 81
48 2 16 315 61
6 2 12 413 19
16 1 5 427 55
16 2 14 482 41
27 2 2 457 32
37 2 8 413 1
9 0 13 351 6
40 2 3 131 2
32 2 2 489 47
20 2 11 365 84
14 1 15 215 55
28 2 7 460 6
43 1 13 357 86
13 1 15 270 70
46 2 19 518 6
1 0 11 449 73
8 1 6 265 47
19 6 14 523 53
36 3 19 524 75
15 3 12 461 76
16 3 7 523 46
33 1 9 390 63
43 2 17 443 78
22 3 17 521 13
41 3 18 518 91
47 0 2 536 94
26 2 2 630 25
29 2 13 443 32
29 3 6 475 68
31 2 4 364 44
6 3 5 482 54
47 1 12 630 77
48 3 5 536 41
35 3 8 414 41
18 3 3 415 58
1 1 3 522 86
23 2 14 576 59
21 1 18 609 91
49 1 8 455 99
18 4 18 700 26
34 3 10 291 26
16 4 17 569 80
1 2 7 608 26
35 4 9 455 3
34 4 17 649 4
16 5 0 649 99
41 4 8 609 68
38 2 13 475 8
35 5 11 522 13
27 3 16 489 38
29 4 5 577 59
36 4 12 707 45
37 3 5 636 65
9 1 18 726 74
10 2 14 635 96
46 3 0 748 67
45 2 0 815 91
48 4 12 752 18
8 2 7 634 7
1 3 18 800 42
15 4 11 537 44
40 3 2 655 83
39 3 16 527 65
5 4 3 608 26
33 2 7 641 40
27 4 17 653 64
35 6 3 634 95
32 3 18 842 56
1 4 12 842 50
14 2 3 729 26
33 3 6 681 88
29 5 8 677 23
7 0 10 317 46
38 3 14 731 29
7 1 15 363 8
15 5 14 760 4
40 4 8 738 61
44 0 6 769 76
5 5 15 634 19
45 3 1 906 42
46 4 14 815 22
48 5 0 906 4
8 3 1 948 20
40 5 18 898 55
39 4 9 592 93
33 4 14 837 20
32 4 15 898 37
14 3 14 857 30
29 6 2 738 86
7 2 19 599 5
25 4 19 604 94
24 2 11 581 39
40 6 5 953 85
34 5 2 824 61
2 0 14 887 67
34 6 12 892 72
31 3 12 964 75
23 3 13 635 17
46 5 11 837 50
17 1 1 968 32
32 5 8 935 3
22 4 7 681 83
43 3 6 845 55
32 6 17 938 17
44 1 18 953 26
45 4 3 948 70
38 4 15 935 26
45 5 13 1018 73
28 3 1 1000 45
42 7 3 1018 78
38 5 10 961 65
4 2 4 408 89
15 6 17 955 48
30 1 6 900 47
12 3 11 887 68
36 5 11 955 19
12 4 6 955 42
43 4 8 938 75
23 4 11 974 56
29 7 16 824 54
3 2 15 961 2
30 2 9 947 1
11 2 16 878 2
24 3 12 1039 58
7 3 17 1003 29
44 2 10 1026 38
44 3 19 1064 61
31 4 19 1125 32
49 2 12 1097 14
28 4 3 1096 91
48 6 14 954 91
5 6 2 885 57
11 3 12 1111 29
38 6 16 1026 26
14 4 0 910 79
30 3 11 1030 79
47 2 17 1032 36
2 1 19 1157 63
33 5 17 1068 11
46 6 13 1091 4
21 2 13 1095 24
47 3 18 1068 97
4 3 14 1045 45
45 6 17 1091 34
30 4 8 1109 9
17 2 11 1109 77
22 5 10 1064 13
3 3 2 963 4
3 4 14 1090 87
32 7 0 989 94
12 5 3 1187 61
41 5 2 967 27
49 3 11 1186 64
27 5 5 1038 67
39 5 19 1220 80
21 3 6 1119 36
26 3 0 1083 82
26 4 1 1165 32
14 5 4 989 58
0 1 1 1197 22
4 4 12 1140 59
15 7 1 1219 39
2 2 5 1220 54
34 7 4 1047 81
43 5 19 1300 37
14 6 12 1199 86
11 4 0 1165 61
45 7 2 1125 81
22 6 16 1077 12
7 4 6 1155 32
26 5 3 1248 70
47 4 16 1165 38
0 2 2 1219 38
16 6 3 1318 99
15 8 2 1258 73
2 3 11 1274 65
20 3 0 1226 78
0 3 7 1257 33
21 4 2 1331 44
19 7 8 1118 59
9 2 8 1177 29
27 6 8 1206 13
7 5 1 1258 34
44 4 2 1375 67
9 3 14 1206 99
43 6 12 1337 36
35 7 2 1442 98
13 2 17 1125 24
33 6 11 1339 16
13 3 14 1305 4
7 6 14 1309 3
12 6 5 1274 73
49 4 19 1337 89
41 6 1 1292 42
41 7 0 1334 99
14 7 1 1334 70
13 4 10 1309 86
11 5 17 1226 2
1 5 5 1347 13
47 5 5 1360 8
18 5 10 1395 26
23 5 8 1219 64
36 6 0 1433 51
18 6 12 1421 36
18 7 19 1457 89
8 4 17 1228 9
21 5 14 1375 81
37 4 17 1237 2
7 7 0 1484 10
34 8 3 1417 44
30 5 10 1421 66
23 6 5 1368 67
21 6 7 1456 78
37 5 2 1540 87
36 7 4 1484 39
9 4 11 1355 80
25 5 14 1456 12
5 7 17 1239 75
47 6 6 1368 71
44 5 0 1494 60
47 7 8 1439 83
34 9 19 1546 48
41 8 6 1439 7
18 8 7 1546 9
18 9 15 1555 35
1 6 13 1360 92
24 4 14 1468 24
49 5 17 1426 43
41 9 4 1523 23
48 7 3 1461 73
44 6 15 1590 40
27 7 12 1457 74
13 5 13 1452 90
4 5 13 1542 90
20 4 10 1487 42
45 8 8 1522 19
30 6 13 1632 84
23 7 4 1546 77
38 7 8 1541 17
24 5 8 1558 56
28 5 9 1187 77
43 7 0 1554 49
13 6 4 1623 86
46 7 4 1709 29
29 8 7 1555 41
31 5 11 1435 15
1 7 6 1452 15
8 5 9 1264 92
19 8 7 1596 27
36 8 8 1614 94
15 9 6 1467 81
16 7 1 1417 59
33 7 12 1531 55
43 8 5 1603 50
22 7 1 1476 98
41 10 5 1653 27
47 8 15 1630 43
26 6 13 1716 38
42 8 6 1548 63
29 9 0 1603 80
29 10 12 1683 57
31 6 2 1627 49
6 4 11 1450 86
47 9 9 1673 86
48 8 1 1574 33
35 8 6 1611 29
18 10 0 1683 54
1 8 4 1738 77
23 8 12 1740 84
21 7 10 1534 65
49 6 3 1534 93
6 5 16 1536 94
45 9 14 1541 64
12 7 14 1605 51
25 6 13 1754 33
13 7 9 1759 83
42 9 10 1611 12
26 7 4 1815 22
5 8 10 1623 35
36 9 13 1787 41
4 6 2 1676 86
17 3 17 1469 81
3 5 1 1607 81
15 10 0 1737 50
39 6 5 1680 83
25 7 4 1837 3
19 9 2 1762 86
20 5 15 1673 73
27 8 6 1640 74
25 8 0 1840 71
19 10 18 1848 10
20 6 8 1746 98
27 9 3 1714 67
28 6 6 1714 12
3 6 11 1688 90
41 11 16 1680 16
11 6 1 1688 40
0 4 17 1550 24
22 8 8 1844 86
48 9 11 1778 96
4 7 9 1842 71
6 6 7 1630 49
10 3 2 1848 84
27 10 13 1828 39
41 12 15 1746 86
39 7 12 1824 5
37 6 11 1874 45
15 11 15 1832 97
31 7 16 1696 4
5 9 8 1930 40
34 10 8 1970 17
43 9 16 1700 93
45 10 4 1840 54
5 10 13 1970 17
10 4 5 1932 22
23 9 2 1932 10
35 9 7 1679 48
31 8 1 1728 29
46 8 7 1738 34
32 8 5 1954 9
21 8 3 1781 2
20 7 7 1844 91
12 8 16 1793 81
25 9 11 1919 5
25 10 15 1929 88
46 9 5 1963 15
30 7 7 1935 21
38 8 19 1594 52
24 6 17 1614 83
28 7 16 1874 96
13 8 0 1911 75
46 10 15 2017 46
1 9 14 1815 74
8 6 12 1829 23
36 10 7 1956 62
15 12 7 2018 41
11 7 11 1924 78
0 5 4 1894 72
22 9 6 1930 10
42 10 18 1858 10
4 8 3 1913 5
34 11 13 1987 72
30 8 5 1978 35
23 10 9 1942 35
21 9 17 1783 91
37 7 18 1919 73
36 11 9 2018 75
9 5 16 1970 27
37 8 16 1997 30
9 6 10 1997 43
10 5 1 1954 16
45 11 16 2027 96
48 10 13 2059 59
8 7 18 1992 76
40 7 19 1646 72
39 8 2 1942 50
33 8 18 2068 61
32 9 16 2123 19
20 8 3 1935 70
14 8 9 2093 68
7 8 16 2142 45
24 7 0 1986 77
39 9 1 1992 42
2 4 16 2187 29
47 10 19 1759 33
43 10 1 2034 52
3 7 7 2059 92
11 8 15 2063 65
7 9 7 2187 70
44 7 11 2002 7
44 8 4 2009 20
31 9 17 1874 76
49 7 10 2040 32
38 9 17 1950 24
2 5 12 2216 51
46 11 12 2267 32
4 9 0 2063 54
17 4 19 1792 35
22 10 11 2009 70
3 8 5 2151 27
27 11 10 2072 53
26 8 14 1889 95
26 9 9 2161 98
0 6 3 2005 75
2 6 1 2267 74
43 11 10 2125 77
31 10 8 1987 65
6 7 2 1992 38
48 11 18 2129 63
35 10 18 2192 60
18 11 2 2030 5
23 11 0 2117 79
21 10 19 1874 62
49 8 2 2072 32
6 8 15 2128 38
45 12 12 2299 89
12 9 4 2029 75
25 11 6 2017 25
13 9 18 2252 46
42 11 14 1984 1
26 10 5 2259 6
5 11 12 2388 3
17 5 0 2196 38
3 9 18 2298 51
15 13 10 2202 79
39 10 17 2034 49
25 12 5 2265 66
19 11 0 2234 87
20 9 9 2259 53
27 12 7 2257 55
19 12 4 2321 99
20 10 5 2331 57
19 13 17 2420 4
18 12 6 2042 72
46 12 17 2424 66
30 9 2 2104 97
23 12 10 2281 12
38 10 1 2341 87
24 8 9 2312 78
28 8 14 1985 24
13 10 11 2298 92
1 10 10 2293 48
8 8 0 2321 71
36 12 15 2166 36
15 14 3 2281 10
41 13 14 2009 61
11 9 7 2312 68
0 7 18 2349 61
22 11 12 2391 59
42 12 7 2380 59
4 10 1 2428 42
6 9 3 2291 33
37 9 19 2027 67
31 11 15 2202 39
21 11 15 2241 41
49 9 9 2390 26
18 13 11 2390 91
6 10 10 2341 93
34 12 1 2470 14
16 8 6 2114 14
35 11 5 2388 67
16 9 2 2201 86
41 14 13 2118 28
41 15 9 2416 62
35 12 19 2455 28
27 13 11 2481 15
29 11 11 2496 45
36 13 1 2484 5
9 7 15 2282 36
10 6 6 2128 59
45 13 5 2455 3
8 9 8 2392 20
40 8 11 2541 37
20 11 14 2388 36
14 9 6 2187 98
7 10 4 2420 77
2 7 8 2412 16
31 12 18 2410 73
0 8 0 2410 2
17 6 8 2428 38
6 11 18 2483 63
5 12 14 2424 96
47 11 13 2146 94
44 9 12 2450 7
34 13 11 2578 46
18 14 9 2481 4
18 15 14 2520 61
1 11 2 2341 54
49 10 0 2416 22
44 10 8 2466 97
34 14 14 2624 46
43 12 7 2439 83
45 14 9 2485 55
5 13 4 2520 82
10 7 13 2240 94
23 13 16 2293 91
35 13 15 2483 64
31 13 14 2670 54
46 13 10 2490 28
32 10 11 2624 91
21 12 8 2563 40
20 12 18 2546 76
12 10 7 2522 37
25 13 3 2331 80
25 14 1 2489 39
46 14 9 2540 67
30 10 0 2438 83
38 11 0 2521 67
24 9 18 2622 99
28 9 12 2457 90
13 11 12 2547 94
46 15 3 2607 63
1 12 1 2528 46
8 10 4 2602 21
36 14 16 2489 80
15 15 9 2607 73
11 10 4 2623 39
0 9 14 2724 17
22 12 2 2450 89
42 13 5 2458 1
4 11 10 2518 60
34 15 6 2670 80
30 11 3 2670 45
23 14 18 2721 36
21 13 11 2715 96
37 10 12 2641 68
36 15 5 2569 47
9 8 0 2588 31
25 15 16 2569 90
37 11 6 2750 33
9 9 9 2680 63
10 8 0 2619 69
45 15 10 2578 94
48 12 15 2547 40
8 11 15 2623 72
40 9 9 2743 56
39 11 13 2334 69
33 9 8 2603 81
32 11 4 2715 58
20 13 1 2622 4
14 10 8 2684 26
7 11 18 2757 1
24 10 19 2721 95
39 12 18 2758 86
2 8 6 2783 11
0 10 6 2794 67
17 7 18 2844 38
32 12 10 2773 8
6 12 6 2861 51
47 12 10 2781 30
48 13 17 2587 5
43 13 9 2799 29
3 10 12 2709 4
15 16 5 2680 36
39 13 6 2912 14
25 16 7 2659 79
19 14 1 2626 84
20 14 6 2926 76
27 14 9 2828 93
25 17 12 2738 56
19 15 15 2710 62
20 15 19 3002 22
27 15 1 2921 37
28 10 11 2811 54
3 11 0 2713 42
11 11 2 2662 68
0 11 19 3024 50
22 13 0 2755 74
48 14 9 2921 10
19 16 10 2811 74
4 12 17 2592 32
6 13 13 2912 45
10 9 17 2688 68
27 16 0 2958 7
18 16 8 2710 75
37 12 3 2783 35
15 17 8 2785 28
31 14 9 2931 63
5 14 5 2716 26
16 10 12 2794 69
33 10 1 2958 17
43 14 18 2882 84
22 14 4 2829 83
41 16 7 2738 87
47 13 7 2825 33
26 11 11 2865 64
29 12 18 2966 19
29 13 17 2985 38
31 15 7 2994 78
6 14 14 2957 68
47 14 4 2912 89
48 15 4 3001 45
35 14 4 3046 36
18 17 13 2957 42
1 13 16 2659 60
23 15 17 3023 84
21 14 1 2975 64
49 11 13 2999 33
31 16 5 3072 18
6 15 19 3074 4
47 15 3 3001 37
48 16 19 3078 27
35 15 12 3082 47
18 18 4 3082 85
1 14 19 3105 83
23 16 7 3107 1
21 15 0 3039 5
49 12 16 3032 89
6 16 17 3107 29
45 16 11 2929 93
12 11 15 2772 96
25 18 18 2985 60
13 12 16 3121 23
42 14 8 2813 67
26 12 15 2929 52
5 15 1 3039 23
36 16 17 3136 36
4 13 6 3002 16
17 8 2 2882 61
3 12 4 3167 21
15 18 4 3188 64
39 14 3 3038 84
25 19 10 3045 5
19 17 9 2994 30
20 16 17 3172 70
27 17 15 2981 53
19 18 16 3144 68
20 17 4 3252 67
27 18 4 3319 54
28 11 0 3044 52
3 13 8 3188 77
41 17 17 3242 72
11 12 10 3050 39
0 12 15 3074 65
22 15 19 3188 30
48 17 8 3265 53
4 14 18 3045 86
6 17 1 3136 53
10 10 15 3139 81
27 19 18 3373 39
41 18 3 3314 93
39 15 10 3122 41
37 13 14 3025 65
15 19 16 3252 31
31 17 10 3163 91
5 16 6 3062 97
34 16 9 3024 74
43 15 2 2966 60
45 17 6 3159 24
5 17 16 3283 23
10 11 3 3407 13
23 17 1 3189 41
35 16 14 3129 78
31 18 3 3420 3
46 16 1 3230 60
32 13 13 3032 32
21 16 9 3098 81
20 18 16 3319 6
12 12 10 3254 65
46 17 8 3318 39
30 12 14 3207 18
38 12 7 3108 88
24 11 3 3423 67
28 12 5 3096 49
13 13 19 3218 29
46 18 16 3357 65
1 15 0 3188 78
8 12 14 3225 71
36 17 6 3183 23
11 13 8 3357 63
0 13 16 3422 77
22 16 3 3490 56
42 15 12 3129 53
4 15 11 3131 70
37 14 10 3319 50
21 17 4 3373 71
9 10 1 3290 34
10 12 16 3499 45
45 18 18 3412 10
48 18 2 3318 24
21 18 16 3544 31
20 19 2 3342 16
12 13 17 3319 45
46 19 6 3422 19
30 13 12 3225 21
38 13 4 3444 83
24 12 5 3490 81
28 13 2 3358 97
13 14 8 3420 6
1 16 15 3266 1
8 13 5 3571 92
36 18 2 3455 6
11 14 19 3420 59
0 14 13 3499 65
22 17 15 3546 99
42 16 15 3645 76
4 16 16 3575 7
34 17 16 3582 11
30 14 19 3479 19
21 19 5 3663 71
37 15 9 3369 93
36 19 18 3461 3
9 11 4 3527 26
9 12 19 3553 98
10 13 11 3544 61
45 19 15 3721 99
48 19 6 3441 81
8 14 3 3663 92
40 10 0 3266 73
39 16 8 3426 31
33 11 10 3369 16
32 14 3 3755 60
14 11 11 3605 32
7 12 13 3564 62
24 13 13 3626 15
2 9 4 3553 97
0 15 12 3564 35
17 9 6 3522 87
32 15 6 3815 5
47 16 11 3637 1
43 16 3 3815 92
3 14 17 3364 71
3 15 6 3820 5
41 19 11 3638 67
11 15 13 3641 79
4 17 7 3582 16
10 14 10 3605 27
31 19 13 3720 93
5 18 7 3598 65
43 17 15 3907 61
5 19 19 3663 28
30 15 1 3498 37
13 15 2 3461 3
42 17 2 3721 17
49 13 18 3464 41
16 11 8 3457 24
16 12 9 3481 54
29 14 19 3691 89
40 11 13 3813 65
14 12 10 3637 98
2 10 2 3738 87
17 10 14 3609 70
47 17 14 3679 35
44 11 1 3535 76
44 12 7 3663 18
4 18 5 3734 81
17 11 16 3679 79
22 18 18 3645 68
3 16 9 3825 77
26 13 8 3481 46
26 14 19 3780 71
14 13 17 3735 35
0 16 5 3815 68
2 11 9 3902 66
43 18 14 3968 31
29 15 1 3780 21
29 16 3 3907 5
6 18 4 3650 85
47 18 0 3714 94
35 17 10 3735 83
18 19 16 3758 45
1 17 9 3968 91
23 18 3 3912 98
49 14 5 3883 40
6 19 9 4059 21
12 14 12 3599 44
13 16 7 3681 33
42 18 13 3878 80
26 15 17 3851 41
4 19 15 3968 4
17 12 9 4080 25
3 17 3 4010 81
39 17 11 3705 67
19 19 3 4091 86
28 14 4 3735 80
38 14 6 3825 36
24 14 16 3803 5
28 15 8 3815 84
43 19 11 3999 3
13 17 5 3923 12
29 17 14 3999 64
1 18 8 4059 33
8 15 10 3818 17
16 13 11 4002 34
33 12 4 3815 45
22 19 13 3958 67
47 19 1 3808 32
26 16 18 3892 40
42 19 19 3958 12
29 18 10 4063 65
35 18 0 3818 32
1 19 17 4092 60
23 19 15 4010 81
49 15 7 3923 87
12 15 8 4092 43
13 18 6 3935 51
44 13 14 4063 83
49 16 6 4010 26
11 16 14 4146 96
38 15 12 3861 30
14 14 2 3825 37
2 12 18 3968 4
33 13 16 3860 46
17 13 5 4105 46
3 18 19 4091 39
26 17 6 4036 35
26 18 10 4128 22
14 15 19 4130 13
0 17 11 4036 76
2 13 10 4150 10
29 19 15 4128 16
35 19 13 4025 88
49 17 1 4036 98
12 16 1 4135 19
13 19 3 4177 15
26 19 7 4150 33
17 14 7 4183 88
3 19 13 4130 32
39 18 4 3860 88
28 16 13 4162 44
38 16 11 4112 97
24 15 6 4071 35
28 17 15 4206 37
8 16 19 4143 9
16 14 13 4206 32
33 14 13 4238 85
49 18 15 4243 53
12 17 9 4154 44
17 15 3 4271 18
39 19 14 4242 20
28 18 19 4243 79
11 17 5 4242 11
0 18 9 4198 98
10 15 19 4322 26
37 16 4 3948 36
30 16 16 3906 93
11 18 9 4296 76
24 16 1 4154 10
7 13 3 4289 79
44 14 17 4152 39
44 15 9 4372 64
49 19 4 4296 98
28 19 10 4322 5
11 19 3 4372 48
38 17 9 4436 19
14 16 7 4271 85
30 17 17 4191 83
2 14 17 4274 52
33 15 15 4323 89
30 18 18 4274 46
17 16 12 4289 76
32 16 7 4356 64
12 18 0 4198 94
14 17 13 4356 85
0 19 8 4296 81
2 15 0 4326 85
34 18 15 4412 57
14 18 18 4441 14
7 14 2 4368 50
16 15 19 4348 98
2 16 13 4441 60
9 13 7 4420 47
7 15 12 4418 2
44 16 5 4436 43
9 14 3 4467 69
33 16 19 4446 1
7 16 11 4420 18
12 19 2 4418 56
8 17 16 4152 38
37 17 13 4501 18
7 17 9 4455 89
7 18 8 4544 86
34 19 5 4479 2
30 19 15 4469 54
37 18 7 4519 39
9 15 2 4536 5
44 17 3 4536 39
24 17 10 4327 24
44 18 16 4575 79
38 18 18 4455 97
24 18 15 4523 97
8 18 2 4541 23
16 16 10 4446 74
33 17 5 4481 22
17 17 4 4394 98
37 19 0 4558 54
16 17 4 4520 67
16 18 18 4587 24
9 16 5 4541 55
10 16 7 4558 12
8 19 13 4564 34
40 12 16 4654 19
33 18 0 4612 59
32 17 12 4420 3
14 19 16 4673 34
33 19 3 4671 55
7 19 5 4630 21
24 19 7 4620 44
2 17 3 4726 64
17 18 10 4520 75
32 18 19 4447 56
9 17 12 4596 22
44 19 13 4654 79
38 19 3 4790 68
16 19 15 4620 56
17 19 13 4733 23
10 17 4 4587 86
10 18 9 4673 82
32 19 1 4503 98
9 18 17 4618 15
10 19 12 4755 85
9 19 6 4633 19
40 13 1 4673 42
2 18 7 4790 40
40 14 17 4715 51
2 19 15 4830 49
40 15 10 4766 88
40 16 14 4854 2
40 17 12 4856 1
40 18 4 4857 1
40 19 7 4858 30
