40 0 9 0 70
81 0 17 0 87
92 0 8 0 59
52 0 1 0 24
5 0 3 0 80
24 0 6 0 43
75 0 1 24 65
79 0 18 0 92
36 0 1 89 72
19 0 18 92 44
23 0 19 0 6
23 1 10 6 32
75 1 13 89 76
55 0 13 165 8
84 0 6 43 7
13 0 8 59 46
28 0 6 50 48
46 0 17 87 75
65 0 4 0 21
20 0 15 0 25
25 0 10 38 90
47 0 16 0 96
89 0 15 25 64
73 0 10 128 55
0 0 11 0 83
47 1 17 162 25
59 0 12 0 24
37 0 14 0 72
65 1 1 161 29
73 1 1 190 54
31 0 10 183 33
25 1 1 244 67
63 0 16 96 32
26 0 8 105 73
66 0 12 24 88
8 0 10 216 24
30 0 17 187 79
71 0 6 98 20
46 1 3 162 99
62 0 17 266 29
41 0 14 72 93
98 0 5 0 92
93 0 14 165 85
72 0 12 112 35
79 1 5 92 12
49 0 3 261 50
78 0 12 147 33
7 0 19 6 10
39 0 2 0 38
92 1 2 59 49
21 0 9 70 19
2 0 15 89 34
25 2 14 311 42
31 1 7 216 65
32 0 14 353 76
33 0 9 89 23
2 1 4 123 5
48 0 3 311 34
82 0 2 108 88
33 1 13 173 48
9 0 15 123 54
20 1 13 221 66
86 0 7 281 31
82 1 3 345 77
35 0 12 180 92
21 1 17 295 29
75 2 17 324 6
69 0 9 112 84
75 3 0 330 39
75 4 19 369 91
28 1 8 178 70
83 0 15 177 84
94 0 18 136 4
17 0 13 287 78
24 1 9 196 42
49 1 0 369 26
72 1 16 147 41
31 2 13 365 93
93 1 7 312 88
37 1 11 83 65
45 0 16 188 83
21 2 5 324 94
24 2 17 330 66
95 0 16 271 42
48 1 8 345 9
67 0 15 261 41
59 1 4 128 58
53 0 4 186 45
64 0 16 313 83
68 0 2 196 35
97 0 4 231 68
72 2 8 354 48
17 1 10 365 89
65 2 17 396 50
76 0 13 458 53
21 3 18 418 24
13 1 2 231 77
27 0 17 446 99
59 2 19 460 62
49 2 17 545 10
5 1 1 311 95
94 1 4 299 16
88 0 17 555 89
39 1 5 418 80
8 1 3 422 23
96 0 10 454 14
46 2 2 308 70
56 0 11 148 45
50 0 12 272 28
86 1 10 468 71
65 3 6 446 5
73 2 2 378 86
69 1 6 451 34
77 0 14 429 91
23 2 13 511 10
52 1 8 402 69
90 0 17 644 5
51 0 17 649 83
89 1 1 406 60
28 2 7 400 62
18 0 10 539 90
89 2 7 466 86
81 1 15 302 97
96 1 0 468 67
42 0 12 300 60
61 0 7 552 12
49 3 10 629 75
8 2 5 498 46
72 3 19 522 97
56 1 8 471 51
29 0 10 704 54
83 1 5 544 99
68 1 13 521 49
70 0 9 238 78
49 4 4 704 93
74 0 7 564 35
20 2 1 466 4
63 1 2 464 59
33 2 16 396 68
56 2 10 758 66
92 2 13 570 81
13 2 7 599 23
48 2 7 622 13
84 1 0 535 40
58 0 17 732 97
59 3 5 643 41
33 3 6 485 91
66 1 6 576 55
15 0 13 651 33
0 1 7 635 59
6 0 17 829 8
29 1 15 758 41
61 1 8 564 60
70 1 2 523 93
56 3 16 824 28
0 2 18 694 49
58 1 2 829 40
19 1 6 631 89
77 1 3 520 81
80 0 6 720 11
94 2 1 470 82
89 3 19 619 14
12 0 10 824 57
0 3 15 799 84
67 1 18 743 31
11 0 15 883 29
87 0 7 694 85
1 0 0 575 11
71 1 18 774 46
12 1 0 881 30
52 2 7 779 87
3 0 0 911 9
57 0 4 797 57
95 1 19 633 49
54 0 18 820 79
41 1 11 193 75
59 4 17 837 11
8 3 8 624 39
68 2 11 570 2
96 2 1 552 66
92 3 6 731 13
71 2 11 820 57
4 0 3 601 62
84 2 3 663 96
30 1 1 618 43
35 1 13 684 34
98 1 19 682 16
95 2 13 718 84
91 0 17 848 85
61 2 4 854 53
72 4 17 933 73
56 4 12 852 56
20 3 4 907 23
60 0 7 866 18
20 4 19 930 78
68 3 12 908 34
78 1 13 802 56
79 2 7 884 82
22 0 1 661 46
63 2 11 877 29
14 0 18 899 91
5 2 17 1006 51
54 1 6 899 55
65 4 8 663 6
14 1 11 990 95
86 2 4 930 45
1 1 14 586 67
29 2 7 966 61
39 2 16 852 48
2 2 10 881 2
58 2 7 1027 40
34 0 9 316 2
51 1 3 759 57
26 1 12 942 67
55 1 19 1008 75
33 4 10 883 76
4 1 10 959 75
86 3 6 975 75
42 1 18 990 97
77 2 1 707 76
93 2 17 1057 97
57 1 17 1154 91
26 2 13 1009 52
19 2 9 720 36
97 1 9 756 93
87 1 12 1009 13
27 1 18 1087 6
4 2 1 1034 29
8 4 14 663 32
46 3 4 975 75
9 1 2 869 81
73 3 8 669 10
69 2 7 1067 56
40 1 12 1022 48
37 2 2 950 50
85 0 2 1000 51
82 2 8 679 64
6 1 13 1061 92
97 2 3 849 19
76 1 4 1050 21
48 3 15 912 74
5 3 16 1057 96
68 4 4 1071 89
10 0 16 1153 52
18 1 4 1160 4
48 4 9 986 4
19 3 13 1153 25
92 4 18 1093 29
16 0 13 1178 55
36 1 15 986 41
1 2 7 1123 45
61 3 3 907 51
38 0 14 695 13
26 3 7 1168 6
43 0 18 1122 53
28 3 0 920 60
12 2 7 1174 52
70 2 12 1070 11
52 3 11 1085 87
0 4 0 980 35
75 5 12 1081 84
81 2 10 1034 84
36 2 12 1165 53
31 3 8 743 44
13 3 16 1205 33
12 3 13 1233 90
60 1 19 1083 68
17 2 12 1218 63
64 1 9 990 26
99 0 4 1164 16
40 2 6 1070 93
41 2 3 958 33
91 1 18 1175 86
36 3 18 1261 83
19 4 19 1178 32
77 3 4 1180 44
11 1 6 1163 8
71 3 8 877 63
67 2 11 1172 53
66 2 16 1238 65
78 2 11 1225 85
38 1 1 1063 44
13 4 18 1344 4
53 1 11 1310 29
7 1 14 708 68
56 5 7 1226 42
36 4 10 1344 4
80 1 16 1303 10
33 5 19 1210 92
54 2 17 1245 65
39 3 18 1348 54
59 5 6 1171 17
81 3 13 1323 49
59 6 14 1188 45
13 5 12 1348 66
98 2 0 1015 6
51 2 2 1051 47
60 2 12 1414 70
22 1 7 1268 84
20 5 14 1233 29
57 2 6 1245 8
80 2 10 1348 73
17 3 0 1281 41
69 3 8 1123 77
37 3 9 1016 92
22 2 17 1352 16
44 0 7 1352 56
19 5 14 1262 77
92 5 3 1122 19
1 3 1 1168 86
38 2 13 1372 84
29 3 13 1456 56
54 3 11 1339 61
90 1 5 684 61
52 4 15 1172 95
68 5 17 1368 36
16 1 18 1402 81
9 2 7 1408 37
11 2 7 1445 89
16 2 9 1483 36
70 3 15 1267 53
85 1 10 1421 72
46 4 8 1200 16
15 1 12 1484 13
88 1 6 1253 52
65 5 13 1512 6
70 4 8 1320 57
50 1 8 1377 41
72 5 0 1322 73
73 4 7 1534 73
62 1 13 1518 36
47 2 4 1224 56
44 1 4 1408 6
81 4 11 1400 82
84 3 14 1339 7
70 5 13 1554 3
13 6 11 1482 5
18 2 3 1164 70
57 3 10 1493 79
46 5 19 1302 69
10 1 4 1414 19
71 4 4 1433 70
72 6 14 1395 67
59 7 11 1487 73
6 2 18 1483 66
64 2 7 1607 3
83 2 1 1254 61
24 3 2 1098 75
58 3 4 1503 86
50 2 6 1418 92
58 4 9 1589 97
45 1 4 1589 73
2 3 14 1462 72
43 1 1 1315 97
43 2 10 1572 53
8 5 4 1662 40
61 4 18 1549 17
66 3 0 1395 97
55 2 7 1610 10
84 4 12 1497 82
84 5 9 1686 61
24 4 11 1560 65
47 3 13 1557 67
7 2 16 1313 86
51 3 7 1620 37
28 4 16 1399 74
58 5 15 1686 45
94 3 13 1624 45
52 5 14 1534 44
2 4 5 1534 26
30 2 4 1702 79
56 6 15 1731 93
44 2 6 1510 63
18 3 17 1404 36
11 3 3 1534 33
25 3 7 1657 71
27 2 1 1412 72
4 3 13 1669 81
38 3 8 1456 19
83 3 11 1625 28
95 3 18 1566 90
79 3 3 1567 41
1 4 11 1653 91
37 4 10 1625 88
81 5 18 1656 3
71 5 7 1728 64
89 4 10 1713 61
0 5 8 1475 68
44 3 16 1573 50
62 2 19 1554 91
20 6 18 1659 16
18 4 13 1750 46
57 4 16 1623 61
17 4 19 1645 19
54 4 3 1608 85
1 5 16 1744 60
94 4 6 1669 65
91 2 19 1664 48
27 3 8 1543 67
81 6 9 1747 76
96 3 9 1823 24
42 2 6 1734 95
8 6 16 1804 52
72 7 6 1829 19
83 4 16 1856 59
74 1 14 1578 34
20 7 5 1675 69
63 3 7 1792 75
33 6 12 1579 39
92 6 19 1712 5
48 5 12 1618 5
15 2 9 1847 76
6 3 1 1549 59
19 6 3 1693 72
80 3 19 1717 50
94 5 3 1765 35
89 5 6 1848 87
87 2 3 1800 46
84 6 8 1747 89
58 6 19 1767 31
59 8 0 1560 2
66 4 2 1492 94
15 3 0 1923 33
6 4 9 1923 31
61 5 19 1798 41
58 7 16 1915 56
19 7 5 1765 39
77 4 17 1440 30
80 4 13 1796 3
89 6 5 1935 47
12 4 4 1781 58
67 3 13 1799 34
11 4 19 1839 14
87 3 14 1846 96
1 6 6 1935 61
12 5 17 1839 10
52 6 10 1774 8
3 1 5 1982 77
57 5 7 1867 54
95 4 7 1921 16
54 5 13 1833 36
41 3 9 1954 46
68 6 7 1937 81
96 4 3 1847 75
4 4 18 1750 89
30 3 11 1781 50
35 2 11 1831 2
98 3 13 1869 22
95 5 10 1937 78
91 3 7 2018 71
11 5 13 1891 99
87 4 10 2015 90
1 7 4 1996 6
12 6 2 1849 43
52 7 6 1996 42
3 2 11 2059 47
57 6 2 1921 47
95 6 17 2015 83
54 6 9 2000 31
68 7 14 2018 29
96 5 18 1922 85
35 3 1 1833 35
3 3 7 2106 45
54 7 15 2031 80
96 6 13 2007 62
35 4 10 2105 82
91 4 6 2089 83
72 8 18 2007 72
20 8 8 1836 26
60 3 3 1922 85
78 3 18 2079 15
79 4 19 1853 51
22 3 11 2106 12
63 4 12 1867 54
14 2 13 2069 1
5 4 2 1968 24
14 3 16 2070 90
86 4 12 1921 40
1 8 8 2002 95
39 4 0 1956 54
2 5 13 2070 55
34 1 12 1961 37
51 4 1 1868 10
55 3 9 2031 65
42 3 7 2151 41
93 3 18 2094 58
97 3 10 2187 51
87 5 2 2105 31
27 4 16 2160 69
46 6 16 2229 52
9 3 11 2118 52
73 5 12 1998 32
69 4 14 2047 31
40 3 19 1904 86
37 5 13 2125 11
85 2 19 1990 74
82 3 1 1878 42
6 5 8 2097 63
97 4 8 2238 36
76 2 7 2192 5
10 2 1 1920 8
18 5 1 1928 78
36 5 9 2096 68
43 3 4 2002 29
28 5 5 2059 98
75 6 15 2111 14
81 7 1 2006 77
31 4 9 2164 80
60 4 15 2125 8
17 5 14 2078 68
64 3 18 2152 37
99 1 7 2197 19
40 4 2 2136 21
91 5 13 2172 17
78 4 9 2244 38
50 3 11 2170 57
65 6 19 2064 88
63 5 14 2146 93
1 9 5 2157 18
90 2 19 2152 23
49 5 13 2189 9
5 5 5 2175 15
88 2 8 2274 29
39 5 7 2216 38
8 7 2 2157 36
96 7 7 2254 59
18 6 2 2193 60
96 8 8 2313 65
42 4 13 2198 71
49 6 18 2198 92
72 9 1 2083 82
56 7 4 2031 5
29 4 9 2282 42
83 5 0 2010 64
70 6 1 2165 52
49 7 7 2313 55
74 2 12 2030 97
33 7 4 2036 12
92 7 7 2368 77
13 7 19 2175 52
84 7 16 2281 76
58 8 5 2190 95
59 9 18 2290 57
33 8 17 2098 15
15 4 17 2113 65
6 6 11 2227 2
29 5 2 2324 59
70 7 19 2227 4
40 5 11 2229 97
91 6 15 2189 17
71 6 19 2231 55
67 4 19 2286 88
43 4 7 2445 64
22 4 9 2324 22
14 4 17 2178 75
36 6 13 2269 40
83 6 4 2074 51
21 4 8 2378 86
46 7 6 2281 21
56 8 14 2239 99
89 7 17 2253 83
89 8 2 2383 66
12 7 15 2206 7
67 5 7 2509 96
11 6 14 2338 84
87 6 15 2213 75
1 10 13 2309 7
71 7 9 2346 30
12 8 14 2422 80
52 8 9 2376 21
3 4 6 2302 82
57 7 19 2374 93
95 7 3 2098 82
54 8 8 2464 1
41 4 6 2384 14
59 10 8 2465 65
8 8 17 2336 83
68 8 6 2398 99
96 9 5 2378 74
92 8 0 2445 71
71 8 5 2452 26
4 5 19 2467 34
84 8 4 2357 35
30 4 13 2316 51
35 5 14 2502 60
98 4 16 2357 93
95 8 9 2397 7
91 7 1 2217 18
61 6 11 2326 25
72 10 5 2478 79
56 9 17 2419 16
20 9 16 2450 68
60 5 10 2238 96
20 10 10 2518 95
68 9 8 2530 96
78 5 8 2626 64
79 5 11 2351 46
22 5 14 2562 73
63 6 9 2404 41
14 5 6 2497 59
5 6 14 2635 90
54 9 12 2465 62
65 7 0 2516 50
14 6 0 2566 36
86 5 15 2288 87
1 11 18 2347 73
29 6 8 2690 95
39 6 13 2367 39
2 6 9 2445 24
58 9 12 2527 30
34 2 6 2556 30
51 5 10 2613 13
26 4 5 2557 30
55 4 2 2449 39
33 9 3 2180 42
4 6 5 2587 34
86 6 16 2518 55
42 5 1 2269 88
77 5 7 2605 84
93 4 4 2392 83
57 8 11 2467 39
26 5 6 2587 25
19 8 12 2557 81
97 5 6 2612 85
87 7 18 2420 88
27 5 7 2689 50
4 7 11 2621 24
8 9 15 2419 23
46 8 15 2442 23
9 4 12 2638 66
73 6 4 2475 61
69 5 2 2488 97
40 6 1 2357 7
37 6 15 2465 83
85 3 13 2406 35
82 4 13 2441 7
6 7 4 2536 13
97 6 12 2704 66
76 3 9 2469 41
48 6 17 2435 41
68 10 5 2626 5
10 3 17 2476 85
18 7 0 2602 67
48 7 4 2549 3
19 9 1 2638 58
92 9 4 2552 11
16 3 4 2563 28
36 7 3 2309 80
1 12 9 2510 3
38 4 6 2697 69
26 6 19 2612 73
43 5 2 2585 19
28 6 18 2508 26
12 9 12 2770 16
70 8 5 2631 99
52 9 13 2448 39
81 8 5 2730 35
36 8 8 2785 17
31 5 3 2389 83
13 8 15 2548 2
60 6 2 2604 82
17 6 18 2534 87
64 4 11 2645 66
99 2 14 2725 32
40 7 17 2561 68
41 5 17 2629 17
91 8 16 2573 34
36 9 7 2802 90
19 10 4 2696 49
77 6 16 2689 54
11 7 0 2669 78
71 9 2 2686 6
67 6 1 2696 69
66 5 19 2685 73
78 6 2 2692 24
60 7 5 2765 34
20 11 12 2786 56
68 11 3 2631 28
78 7 4 2745 73
79 6 1 2765 7
22 6 18 2635 31
14 7 14 2757 57
29 7 6 2785 46
39 7 3 2659 49
2 7 19 2758 61
58 10 11 2711 87
34 3 8 2802 14
51 6 6 2831 1
55 5 11 2798 50
33 10 5 2799 5
42 6 19 2819 91
93 5 9 2513 47
57 9 13 2506 62
97 7 18 2770 7
27 6 5 2804 2
9 5 4 2818 2
73 7 19 2910 50
69 6 3 2708 80
40 8 13 2629 5
37 7 18 2777 87
85 4 11 2848 92
6 8 16 2743 32
10 4 5 2806 64
18 8 12 2842 39
92 10 1 2772 68
16 4 1 2840 94
38 5 10 2766 23
43 6 14 2814 15
28 7 13 2634 96
70 9 16 2775 24
52 10 17 2646 75
81 9 0 2765 41
31 6 12 2881 54
13 9 4 2820 34
64 5 8 2816 63
99 3 8 2879 39
40 9 8 2918 13
91 9 9 2607 7
11 8 12 2935 5
71 10 17 2721 70
67 7 2 2765 92
53 2 8 2931 95
7 3 17 2791 26
56 10 19 2960 76
80 5 0 2806 16
39 8 4 2854 29
59 11 2 2857 51
98 5 6 2832 89
51 7 14 2832 98
22 7 2 2908 90
57 10 3 2788 6
80 6 15 2822 24
69 7 4 2883 88
22 8 15 2998 57
44 4 12 2940 67
29 8 1 2934 43
90 3 4 2971 57
16 5 8 3026 85
11 9 11 2940 76
15 5 15 3055 24
88 3 11 3016 38
50 4 3 2794 10
62 3 6 2921 68
47 4 18 2864 77
44 5 1 3007 80
84 9 18 2941 97
18 9 6 2989 71
57 11 1 3087 63
6 9 5 2870 39
83 7 7 2892 77
24 5 16 2799 83
50 5 16 2882 5
45 2 1 3150 22
43 7 13 2829 79
55 6 14 2930 15
84 10 13 3038 95
84 11 1 3172 5
24 6 4 3028 64
47 5 15 3079 61
7 4 7 2969 64
28 8 9 2730 10
30 5 14 2945 23
56 11 1 3177 32
11 10 17 3016 61
25 4 15 3140 13
83 8 13 3133 26
79 7 13 3159 30
89 9 16 2887 78
62 4 3 2989 64
57 12 8 3150 28
91 10 8 3178 2
96 10 15 3153 58
42 7 0 2910 92
83 9 18 3159 43
74 3 5 2909 23
15 6 1 3209 50
6 10 3 3053 53
80 7 9 2846 88
15 7 19 3259 39
96 11 2 3211 18
35 6 19 3298 76
22 9 0 3055 94
34 4 11 3054 44
55 7 0 3149 46
50 6 10 2887 85
90 4 16 3028 67
49 8 9 2934 63
49 9 15 3211 51
29 9 17 3077 1
74 4 10 2972 69
21 5 12 3007 16
53 3 17 3078 55
7 5 9 3033 30
62 5 18 3202 2
47 6 7 3140 55
45 3 2 3229 4
25 5 4 3153 98
62 6 12 3204 6
74 5 13 3189 56
45 4 0 3233 30
74 6 3 3245 38
5 7 12 3210 73
81 10 7 3195 56
92 11 9 3063 90
24 7 1 3259 21
52 11 5 2932 79
5 8 11 3283 99
24 8 13 3280 6
75 7 16 3095 13
79 8 9 3189 26
36 10 5 3011 57
19 11 17 3133 56
23 3 18 3204 62
23 4 7 3266 74
75 8 10 3108 32
55 8 16 3195 6
84 12 10 3177 4
13 10 14 2968 24
28 9 1 3280 68
46 9 1 3348 28
65 8 14 2992 50
20 12 6 3060 31
25 6 13 3286 24
47 7 5 3195 87
89 10 8 3180 90
73 8 16 3201 33
0 6 19 3374 58
47 8 0 3282 20
59 12 13 3310 75
37 8 3 3283 42
65 9 9 3215 65
73 9 5 3282 81
31 7 15 3262 91
25 7 2 3310 77
63 7 17 3189 10
26 7 11 3382 86
66 6 4 3251 47
8 10 18 3266 18
30 6 9 3280 12
71 11 15 3353 48
46 10 10 3376 56
62 7 9 3292 65
41 6 4 3298 70
98 6 17 3199 29
93 6 12 3283 84
72 11 4 3368 45
79 9 8 3270 89
49 10 2 3387 33
78 8 5 3363 19
7 6 11 3468 78
39 9 19 3432 98
92 12 10 3432 62
21 6 14 3042 64
2 8 8 3359 28
25 8 5 3387 69
31 8 6 3353 87
32 1 8 3387 18
33 11 18 3284 5
2 9 16 3387 98
48 8 2 3420 61
82 5 15 3401 84
33 12 11 3546 85
9 6 17 3228 96
20 13 17 3324 10
86 7 17 3334 21
82 6 19 3530 16
35 7 7 3374 3
21 7 13 3385 39
75 9 18 3289 29
69 8 18 3318 33
75 10 4 3413 23
75 11 6 3440 12
28 10 2 3481 36
83 10 8 3405 72
94 6 16 3485 58
17 7 8 3477 6
24 9 0 3302 53
49 11 14 3420 60
72 12 9 3413 28
31 9 17 3440 37
93 7 13 3424 95
37 9 7 3377 57
45 5 17 3477 27
21 8 0 3424 20
24 10 10 3494 1
95 9 6 3452 99
48 9 5 3481 28
67 8 16 3543 35
59 13 7 3434 59
53 4 3 3325 62
64 6 4 3436 10
97 8 17 3504 51
72 13 13 3519 64
17 8 5 3509 51
65 10 3 3387 68
76 4 8 3483 93
21 9 10 3495 57
13 11 9 3441 89
27 7 0 3444 53
59 14 1 3493 97
49 12 5 3560 91
5 9 7 3493 68
94 7 0 3543 31
88 4 7 3561 90
39 10 8 3576 86
87 8 16 3578 18
1 13 17 3555 92
12 10 5 3651 10
52 12 4 3446 73
3 5 10 3552 20
57 13 5 3661 4
95 10 0 3574 22
54 10 5 3665 73
41 7 13 3583 63
68 12 15 3485 97
96 12 17 3647 90
4 8 6 3551 98
30 7 19 3546 38
35 8 6 3649 89
98 7 10 3572 34
95 11 4 3596 14
91 11 5 3738 41
11 11 2 3517 95
87 9 9 3596 80
1 14 15 3647 30
12 11 9 3676 92
52 13 16 3596 21
3 6 4 3610 86
57 14 0 3665 84
95 12 8 3662 63
54 11 10 3738 31
68 13 16 3617 11
96 13 6 3738 81
35 9 9 3768 8
3 7 18 3696 88
54 12 2 3769 62
96 14 11 3819 53
35 10 8 3776 97
91 12 14 3779 34
72 14 7 3651 22
20 14 7 3673 83
60 8 0 3749 76
78 9 0 3825 26
79 10 6 3819 62
22 10 4 3696 23
63 8 0 3851 63
14 8 12 3367 73
5 10 13 3646 96
14 9 3 3455 39
86 8 11 3872 18
1 15 12 3677 93
39 11 12 3770 20
2 10 7 3756 3
34 5 10 3769 68
51 8 19 3584 35
55 9 15 3677 16
42 8 10 3837 99
93 8 10 3936 62
97 9 16 3628 89
87 10 5 3779 48
27 8 11 3890 31
46 11 5 3827 5
9 7 8 3873 95
73 10 6 3881 57
69 9 16 3717 73
40 10 7 3759 26
37 10 17 3737 87
85 5 0 3914 53
82 7 7 3785 20
6 11 10 3998 24
97 10 7 3805 11
76 5 18 3784 28
10 5 12 3790 32
18 10 7 3816 61
36 11 2 3831 81
43 8 3 3494 99
28 11 3 3593 6
75 12 5 3832 33
81 11 4 3719 31
31 10 19 3619 71
60 9 9 3825 45
17 9 3 3599 1
64 7 3 3600 83
99 4 13 3742 19
40 11 15 3785 79
91 13 3 3813 37
78 10 14 3851 59
50 7 19 3690 41
65 11 12 3822 71
63 9 10 4022 70
1 16 19 3770 7
90 5 7 3877 49
49 13 6 3938 51
5 11 19 3777 67
88 5 13 3761 70
39 12 17 3824 23
8 11 7 3926 92
96 15 16 3872 24
96 16 12 3896 8
42 9 9 3936 52
49 14 8 3989 96
72 15 15 3864 65
56 12 5 3865 29
29 10 11 3921 49
83 11 17 3847 63
70 10 14 3910 10
74 7 16 3896 15
33 13 15 3929 78
92 13 5 3894 96
13 12 3 3850 46
84 13 7 4018 11
58 11 3 3896 23
59 15 10 4092 88
33 14 7 4029 75
15 8 6 3989 41
29 11 19 3970 42
70 11 7 4104 41
40 12 4 3864 94
91 14 11 3970 7
71 12 0 3967 91
67 9 8 4085 3
43 9 16 3911 39
22 11 19 4012 51
14 10 15 4007 82
36 12 19 4063 24
21 10 6 4030 15
46 12 7 4145 78
56 13 9 3988 33
89 11 14 3920 80
89 12 13 4000 80
12 12 18 3812 56
0 7 6 4045 66
67 10 14 4088 53
11 12 4 3958 21
87 11 1 3827 74
71 13 1 4058 97
12 13 16 3950 21
52 14 18 3868 8
3 8 3 3919 18
95 13 1 4155 81
54 13 19 4087 13
41 8 19 4100 38
8 12 12 4018 95
68 14 19 4138 79
92 14 14 4141 70
71 14 16 4155 77
4 9 17 3910 95
84 14 5 4029 83
30 8 6 4111 80
35 11 2 3912 23
98 8 15 4089 62
91 15 12 4113 88
61 7 14 4211 90
56 14 2 4021 23
20 15 11 3977 74
60 10 18 3876 99
20 16 3 4051 3
68 15 18 4217 91
78 11 6 4191 12
79 11 2 4044 81
22 12 10 4180 17
63 10 4 4092 84
14 11 2 4125 7
5 12 15 4151 96
54 14 16 4232 27
65 12 10 4197 45
14 12 8 4132 27
86 9 9 4021 21
29 12 5 4112 2
39 13 15 4247 22
2 11 12 4201 1
58 12 1 4236 71
34 6 3 4054 22
51 9 11 4051 17
26 8 3 4076 53
55 10 1 4307 87
4 10 8 4159 60
8 13 9 4113 67
46 13 13 4223 72
56 15 6 4203 65
50 8 1 4394 98
86 10 1 4492 1
65 13 5 4242 51
73 11 14 4301 99
69 10 15 4269 71
77 7 0 4058 26
23 5 12 4202 82
8 14 19 4217 31
61 8 6 4301 21
38 6 7 4223 32
26 9 1 4493 19
12 14 19 4248 76
52 15 3 4129 87
0 8 13 4295 44
75 13 2 4132 59
81 12 12 4284 50
13 13 17 4005 35
12 15 3 4324 15
60 11 17 4040 39
17 10 11 4068 48
64 8 2 4191 80
99 5 12 4334 51
19 12 7 4255 22
53 5 13 4339 97
81 13 16 4334 56
20 17 2 4271 8
17 11 1 4512 75
52 16 2 4279 66
9 8 0 4084 44
85 6 17 4079 19
46 14 12 4385 56
15 9 7 4277 70
88 6 0 4128 4
10 6 15 4340 22
45 6 6 4322 76
23 6 11 4284 51
45 7 8 4398 54
23 7 15 4362 51
42 10 15 4413 69
68 16 9 4308 65
21 11 11 4335 34
97 11 11 4369 70
73 12 9 4400 12
44 6 18 4308 60
81 14 14 4400 75
46 15 18 4441 23
10 7 0 4362 37
6 12 2 4345 85
83 12 12 4441 68
24 11 12 4509 67
45 8 9 4452 48
23 8 3 4413 51
58 13 0 4399 61
45 9 3 4500 82
23 9 16 4464 71
91 16 0 4460 59
61 9 0 4519 65
72 16 3 4582 79
56 16 18 4464 52
20 18 0 4584 24
60 12 1 4587 26
20 19 9 4608 68
68 17 1 4613 5
78 12 10 4242 14
79 12 14 4475 82
22 13 5 4293 73
63 11 1 4618 23
14 13 19 4324 1
5 13 10 4256 56
54 15 7 4347 28
65 14 18 4516 52
14 14 4 4325 39
86 11 2 4493 5
1 17 10 4312 37
29 13 12 4576 32
39 14 14 4557 81
2 12 11 4439 28
58 14 8 4460 92
34 7 4 4364 24
51 10 13 4436 59
26 10 9 4676 84
55 11 10 4394 31
33 15 1 4641 81
4 11 14 4638 23
86 12 19 4498 17
42 11 17 4482 79
77 8 8 4552 19
93 9 5 4366 72
57 15 12 4608 60
26 11 15 4760 52
19 13 8 4571 46
97 12 15 4812 2
87 12 11 4467 55
27 9 9 4760 61
4 12 9 4821 54
8 15 13 4495 25
46 16 0 4608 30
9 9 10 4425 91
73 13 3 4661 49
69 11 12 4668 37
40 13 18 4568 25
37 11 16 4535 83
85 7 4 4388 90
82 8 6 4398 56
6 13 12 4705 25
97 13 13 4814 11
76 6 2 4498 37
48 10 11 4522 48
5 14 0 4638 23
68 18 10 4618 94
10 8 14 4661 54
18 11 15 4814 75
48 11 14 4715 63
19 14 2 4617 15
92 15 17 4561 31
16 6 17 4592 20
36 13 0 4661 26
1 18 2 4632 14
61 10 16 4618 34
38 7 0 4687 30
26 12 17 4812 80
43 10 12 4730 72
28 12 14 4778 24
12 16 1 4722 95
70 12 4 4478 9
0 9 14 4802 2
70 13 10 4712 27
52 17 19 4515 25
0 10 17 4892 63
75 14 14 4804 40
81 15 3 4710 42
36 14 14 4844 35
31 11 18 4593 3
13 14 6 4454 10
12 17 8 4817 10
60 13 8 4827 76
17 12 9 4875 5
64 9 15 4889 45
99 6 11 4570 11
40 14 10 4739 50
41 9 16 4652 63
91 17 4 4519 56
36 15 6 4879 13
19 15 10 4789 58
77 9 11 4581 93
11 13 16 4715 9
71 15 10 4847 94
67 11 17 4955 92
66 7 8 4903 8
78 13 17 5047 22
38 8 9 4880 26
13 15 5 4464 24
53 6 9 4906 77
7 7 2 4646 71
56 17 3 4752 99
36 16 4 4892 38
80 8 12 4802 94
33 16 0 4722 51
54 16 14 4879 52
39 15 6 4892 38
59 16 3 4851 52
81 16 2 4752 37
59 17 15 4934 8
13 16 10 4941 53
98 9 1 4817 19
51 11 8 4911 86
60 14 6 4930 45
22 14 12 4896 23
57 16 15 4942 70
80 9 8 4997 11
17 13 2 4880 47
69 12 0 4773 78
37 12 5 4618 43
22 15 6 4975 34
44 7 0 4851 36
92 16 12 4919 55
38 9 19 4906 64
29 14 4 4930 55
90 6 13 4825 88
52 18 12 4974 58
68 19 0 4887 94
16 7 16 4724 94
9 10 14 4931 83
11 14 1 4836 95
16 8 5 4818 77
70 14 11 4739 19
85 8 12 5032 35
46 17 14 5014 51
15 10 5 4895 47
88 7 5 4942 86
65 15 7 4568 53
70 15 18 4758 90
50 9 7 4621 12
72 17 2 4927 14
73 14 18 4848 37
62 8 16 4818 44
47 9 14 5065 60
44 8 8 5008 10
84 15 19 4970 65
70 16 17 5069 55
18 12 8 5018 13
10 9 13 4913 96
71 16 13 5009 88
72 18 11 4941 29
59 18 16 4942 59
6 14 14 5125 53
64 10 1 4934 16
83 13 9 4983 4
24 12 18 4885 80
58 15 6 5009 1
50 10 15 5012 62
58 16 10 5010 5
45 10 12 5067 89
2 13 1 4950 92
43 11 5 5028 82
43 12 6 5110 77
8 16 0 4981 69
61 11 5 5110 51
66 8 7 4911 74
55 12 4 4985 78
84 16 15 5074 86
24 13 15 5160 25
47 10 8 5125 40
7 8 15 5185 95
51 12 4 5063 16
28 13 17 5124 4
94 8 8 5165 45
52 19 0 5050 91
2 14 3 5042 39
30 9 7 4985 65
56 18 13 5097 91
44 9 17 5128 14
18 13 16 5031 69
11 15 18 4965 56
25 9 17 5142 90
27 10 4 5079 81
4 13 16 5100 72
38 10 16 5172 55
83 14 6 5187 86
95 14 15 5280 78
79 13 12 5156 85
37 13 4 5160 98
89 13 3 5081 58
0 11 2 4955 25
44 10 19 5142 44
62 9 8 5210 50
18 14 9 5100 76
17 14 16 5227 92
41 10 10 5015 45
91 18 2 4980 63
77 10 10 5060 83
11 16 10 5143 27
67 12 4 5258 54
66 9 14 5178 43
41 11 0 5141 99
91 19 10 5170 50
36 17 17 5232 59
19 16 16 5319 53
77 11 6 5273 7
11 17 8 5260 75
71 17 3 5139 75
67 13 9 5312 21
66 10 5 5221 98
78 14 7 5069 38
38 11 4 5312 27
13 17 1 5042 98
53 7 2 5043 2
7 9 3 5280 17
36 18 16 5372 46
80 10 17 5291 58
33 17 8 5335 35
54 17 0 5240 71
39 16 1 5140 98
81 17 8 5370 94
13 18 13 5188 19
98 10 3 5297 61
51 13 0 5311 66
60 15 11 4975 77
22 16 16 5418 48
57 17 18 5021 22
80 11 7 5349 4
17 15 17 5349 45
69 13 13 5207 81
37 14 1 5258 47
22 17 8 5466 83
44 11 5 5319 81
19 17 11 5372 27
92 17 11 5399 80
38 12 15 5358 52
29 15 14 5221 2
54 18 4 5339 76
90 7 10 5220 23
16 9 14 5223 20
9 11 5 5400 67
11 18 9 5335 42
16 10 19 5243 74
70 17 6 5280 43
85 9 9 5377 47
46 18 9 5424 27
15 11 18 5043 89
88 8 1 5305 48
65 16 16 5466 37
70 18 0 5377 5
50 11 9 5451 39
72 19 10 5243 36
73 15 17 5394 72
62 10 5 5467 21
47 11 6 5323 23
44 12 13 5400 54
81 18 19 5464 3
84 17 2 5160 14
70 19 3 5382 9
13 19 0 5382 49
18 15 11 5479 4
57 18 14 5243 76
46 19 11 5483 38
10 10 18 5132 92
71 18 12 5241 52
6 15 0 5431 90
64 11 0 5521 82
83 15 10 5279 87
24 14 5 5488 37
58 17 14 5319 92
50 12 2 5490 53
58 18 18 5411 26
45 11 10 5366 8
2 15 6 5346 26
43 13 11 5521 25
43 14 19 5546 96
8 17 11 5546 46
61 12 17 5466 60
66 11 3 5391 13
55 13 5 5525 33
84 18 11 5592 17
84 19 17 5609 34
24 15 14 5525 71
47 12 9 5490 17
7 10 18 5437 92
51 14 5 5558 1
28 14 10 5374 12
58 19 13 5454 15
94 9 14 5596 12
2 16 0 5603 91
30 10 15 5410 42
44 13 3 5454 20
18 16 18 5529 54
11 19 5 5559 5
25 10 0 5694 80
27 11 15 5452 94
4 14 4 5415 3
38 13 17 5643 17
83 16 3 5474 77
95 15 14 5608 7
79 14 4 5418 70
37 15 12 5305 74
81 19 6 5467 14
71 19 14 5615 77
89 14 4 5488 8
0 12 4 5496 70
44 14 10 5474 67
62 11 1 5488 64
78 15 1 5552 65
38 14 2 5660 97
53 8 0 5774 43
7 11 5 5564 30
56 19 0 5817 12
80 12 4 5566 66
39 17 11 5609 96
98 11 14 5692 18
60 16 16 5503 97
22 18 3 5551 32
80 13 18 5632 58
69 14 10 5541 71
90 8 11 5705 12
16 11 15 5546 32
28 15 19 5642 29
31 12 4 5632 33
64 12 19 5671 12
99 7 1 5617 31
53 9 1 5817 68
7 12 12 5594 41
80 14 14 5710 42
69 15 19 5683 50
37 16 6 5481 61
44 15 2 5757 25
29 16 3 5583 57
90 9 2 5782 3
16 12 3 5640 68
9 12 9 5507 22
85 10 5 5594 49
15 12 14 5752 32
88 9 10 5612 59
50 13 14 5784 51
73 16 11 5717 90
62 12 7 5552 6
47 13 10 5671 24
18 17 5 5643 97
10 11 2 5785 58
6 16 6 5542 49
83 17 2 5843 8
24 16 19 5733 17
50 14 13 5835 81
45 12 7 5558 80
55 14 3 5708 81
24 17 8 5750 48
47 14 1 5885 37
7 13 6 5635 54
30 11 10 5695 91
25 11 8 5798 73
83 18 19 5851 47
79 15 16 5600 34
62 13 14 5835 99
96 17 14 5934 17
74 8 2 5851 67
50 15 4 5916 56
45 13 18 5690 26
2 17 2 5918 41
55 15 17 5789 1
47 15 3 5922 52
51 15 18 5716 19
42 12 11 5807 30
49 15 12 5635 18
74 9 1 5922 75
22 19 13 5916 35
14 15 7 5638 21
5 15 6 5689 38
34 8 15 5578 13
55 16 18 5790 86
62 14 11 5934 44
93 10 6 5727 75
79 16 0 5829 15
25 12 18 5876 54
92 18 15 5591 55
59 19 9 5529 71
33 18 2 5959 70
15 13 4 5972 49
6 17 7 5659 42
29 17 16 5640 60
40 15 16 5700 31
67 14 12 5653 90
43 15 15 5646 92
78 16 3 5974 58
12 18 11 5978 64
1 19 3 6032 9
83 19 14 5951 38
21 12 1 5997 68
92 19 16 5731 85
34 9 7 5701 80
39 18 10 5786 90
32 2 7 5781 19
97 14 19 5898 49
32 3 5 5800 57
27 12 12 5743 23
26 13 16 5816 63
44 16 14 5989 49
32 4 13 5951 71
43 16 17 5790 98
51 16 16 5879 10
89 15 9 5600 14
28 16 15 5738 46
18 18 19 5947 29
89 16 11 6042 43
96 18 19 5976 99
42 13 8 5871 3
49 16 19 6075 75
74 10 4 6021 52
15 14 16 6021 71
6 18 19 6150 54
29 18 0 5844 76
40 16 0 5920 37
43 17 8 5888 79
35 12 5 5857 26
5 16 18 5930 97
24 18 3 6041 43
24 19 7 6084 12
75 15 3 6084 21
79 17 17 5888 98
23 10 9 5614 28
23 11 4 6073 27
75 16 8 6105 8
55 17 6 5876 16
28 17 12 5784 79
65 17 15 5784 1
25 13 6 5930 13
47 16 12 5974 46
73 17 15 5807 60
0 13 1 6065 1
47 17 19 6204 96
37 17 0 5957 3
65 18 2 6029 9
73 18 0 5960 6
31 13 14 6038 38
44 17 11 6085 78
38 15 18 6027 21
29 19 18 6048 40
90 10 8 6113 29
16 13 10 5876 24
9 13 6 5943 44
16 14 7 6096 1
85 11 18 6088 34
15 15 11 6163 31
88 10 16 6092 75
65 19 11 6194 41
50 16 0 5972 39
73 19 13 6022 66
62 15 4 6100 13
47 18 11 6300 19
44 18 9 6163 75
18 19 14 6076 59
10 12 19 6300 16
6 19 15 6204 1
64 13 5 5883 85
50 17 17 6011 5
45 14 13 6088 98
2 18 18 6122 6
43 18 9 6238 31
43 19 0 6269 19
8 18 1 6066 51
61 13 9 6269 51
66 12 18 6128 8
55 18 8 6142 64
47 19 2 6319 46
7 14 1 6117 12
51 17 9 6320 1
28 18 4 6113 28
94 10 11 6319 58
30 12 0 6288 76
44 19 15 6238 3
25 14 12 6020 29
27 13 19 6316 89
4 15 12 6049 82
38 16 3 6105 73
95 16 5 5968 31
79 18 10 5986 97
37 18 8 6206 81
89 17 0 6364 4
0 14 16 6167 84
62 16 15 6241 42
17 16 6 5987 52
94 11 19 6405 51
27 14 2 6405 21
96 19 4 6141 62
42 14 5 5999 55
8 19 6 6117 93
74 11 19 6456 91
63 12 6 6210 9
33 19 14 6135 87
48 12 6 6219 37
15 16 2 6426 13
87 13 8 6287 68
27 15 3 6426 75
89 18 18 6368 1
35 13 18 6369 49
14 16 10 6083 70
93 11 11 6377 40
25 15 11 6417 25
82 9 10 6153 7
86 13 8 6355 83
48 13 1 6256 58
48 14 13 6314 6
67 15 10 6160 68
53 10 5 6054 94
64 14 10 6228 30
97 15 5 6148 41
17 17 7 6097 21
76 7 19 6547 76
21 13 7 6118 82
27 16 13 6501 99
49 17 11 6442 73
5 17 8 6438 44
94 12 9 6456 43
88 11 4 6203 38
39 19 9 6499 14
50 18 18 6418 90
86 14 18 6508 58
69 16 17 6016 46
77 12 12 6131 44
23 12 0 6368 87
90 11 14 6222 69
51 18 15 6321 59
89 19 12 6369 3
28 19 11 6515 79
42 15 3 6501 59
61 14 10 6320 67
49 18 16 6515 50
49 19 1 6565 62
74 12 15 6547 55
63 13 13 6600 39
48 15 10 6387 91
66 13 11 6594 32
15 17 10 6478 68
0 15 3 6560 56
61 15 12 6387 97
0 16 9 6616 35
19 18 15 6602 56
77 13 18 6566 8
80 15 5 6189 69
94 13 7 6499 12
12 19 6 6256 68
0 17 5 6651 46
67 16 3 6616 23
87 14 19 6623 88
3 9 8 6482 83
57 19 9 6651 61
95 17 12 6484 14
54 19 1 6627 73
41 12 7 6511 41
4 16 2 6439 41
30 13 18 6574 74
35 14 0 6455 66
98 12 2 6480 91
95 18 2 6571 59
61 16 15 6658 40
60 17 14 6291 3
78 17 15 6698 92
79 19 15 6790 48
63 14 19 6711 9
14 17 5 6697 14
5 18 9 6712 41
14 18 9 6753 12
86 15 13 6639 68
2 19 17 6128 92
34 10 14 6294 50
51 19 12 6498 67
26 14 10 6546 21
55 19 12 6565 55
4 17 0 6521 49
86 16 14 6707 66
42 16 16 6565 88
77 14 5 6711 5
93 12 0 6570 52
26 15 4 6567 2
19 19 0 6658 11
97 16 0 6669 68
87 15 4 6711 85
27 17 14 6773 51
4 18 15 6838 97
9 14 3 6639 1
69 17 11 6626 90
40 17 5 6716 83
37 19 19 6720 18
85 12 1 6700 68
82 10 5 6799 47
97 17 14 6824 80
76 8 12 6623 43
48 16 0 6737 35
5 19 4 6796 83
10 13 11 6716 86
48 17 16 6772 95
16 15 2 6630 75
36 19 11 6802 38
61 17 1 6768 24
38 17 12 6666 45
26 16 14 6904 78
0 18 12 6711 81
75 17 11 6840 82
31 14 16 6867 80
60 18 13 6707 5
17 18 15 6935 27
64 15 12 6792 2
99 8 17 6220 23
40 18 3 6799 41
41 13 15 6962 12
77 15 13 6716 66
62 17 2 6705 12
17 19 4 6962 84
41 14 18 6974 64
77 16 9 6782 58
67 17 6 6639 16
66 14 15 6974 53
78 18 16 6947 40
38 18 11 6922 31
53 11 16 6987 20
7 15 4 7046 4
80 16 2 6717 98
98 13 8 6571 16
60 19 4 7050 53
80 17 1 6815 50
69 18 5 6846 22
90 12 9 6840 52
16 16 6 6705 16
31 15 2 6947 91
64 16 13 6794 7
99 9 9 6892 72
53 12 15 7027 61
7 16 8 7050 17
80 18 11 6953 25
69 19 1 6868 25
90 13 15 7088 13
16 17 0 6772 79
9 15 19 6738 21
85 13 6 6768 46
15 18 3 6840 65
88 12 9 6964 37
50 19 5 6868 65
62 18 0 6851 15
10 14 3 6905 57
45 15 11 6978 97
7 17 13 7067 60
30 14 8 7067 36
25 16 9 7001 62
62 19 10 6866 42
74 13 0 6866 56
45 16 5 7075 10
42 17 2 7038 28
74 14 11 7075 73
14 19 1 6893 69
34 11 17 6344 89
93 13 8 7103 79
25 17 16 7063 11
15 19 8 7182 93
40 19 14 6982 7
67 18 5 7085 39
78 19 19 6987 52
67 19 0 7124 25
66 15 10 7027 70
38 19 5 7124 49
53 13 10 7097 78
7 18 10 7175 54
80 19 3 6978 46
98 14 9 7063 27
90 14 18 7101 16
16 18 12 6851 82
9 16 13 7127 45
16 19 11 7148 35
85 14 14 6989 80
88 13 3 7024 46
10 15 7 6962 3
64 17 14 7069 13
45 17 19 7085 66
61 18 2 7066 22
66 16 13 7172 70
7 19 0 7229 83
94 14 17 6511 48
30 15 5 7173 27
25 18 3 7074 44
27 18 6 6824 68
4 19 7 6965 49
95 19 11 7183 33
0 19 10 7229 58
94 15 2 7088 38
27 19 10 7287 97
42 18 14 7082 71
74 15 18 7148 80
63 15 8 7275 23
48 18 18 7228 98
94 16 10 7384 72
87 16 17 6796 55
66 17 17 7242 37
61 19 13 7242 29
77 17 2 7126 98
87 17 6 6892 6
3 10 14 7153 22
41 15 12 7038 34
30 16 3 7200 47
35 15 17 7279 37
98 15 7 7090 4
87 18 13 7271 82
3 11 9 7175 73
35 16 15 7316 55
3 12 17 7316 92
35 17 3 7371 72
63 16 5 7298 68
86 17 0 7312 89
34 12 1 6962 12
42 19 4 7153 73
93 14 19 7182 48
97 18 1 6974 51
87 19 0 7401 82
9 17 1 7172 37
85 15 8 7298 30
82 11 14 7175 2
97 19 2 7224 2
76 9 6 6898 32
10 16 8 7328 68
75 18 7 7094 73
31 16 1 7209 79
64 18 17 7408 35
99 10 19 7230 49
63 17 3 7443 65
90 15 1 7288 2
88 14 18 7326 40
74 16 9 7248 88
21 14 4 7226 57
3 13 2 7408 84
41 16 5 7366 12
30 17 2 7492 44
35 18 4 7443 70
98 16 12 7094 69
63 18 15 7508 9
86 18 5 7401 35
34 13 18 7366 45
26 17 2 7536 29
86 19 3 7508 67
77 18 15 7517 81
93 15 15 7598 53
26 18 18 7565 44
9 18 18 7609 71
85 16 7 7328 71
82 12 0 7483 49
76 10 17 7443 17
48 19 19 7326 90
10 17 9 7396 94
31 17 0 7532 55
30 18 12 7536 10
35 19 16 7513 63
98 17 18 7680 2
63 19 18 7682 64
34 14 19 7416 36
93 16 1 7651 5
85 17 16 7576 31
82 13 4 7532 53
76 11 14 7460 11
10 18 10 7490 17
26 19 0 7609 90
9 19 16 7680 50
85 18 3 7607 50
88 15 15 7651 23
10 19 6 7507 30
45 18 14 7471 76
66 18 1 7656 52
30 19 16 7730 69
41 17 1 7708 54
98 18 4 7682 7
21 15 3 7657 13
25 19 19 7452 13
31 18 11 7587 90
32 5 10 7507 86
94 17 5 7456 93
31 19 5 7677 5
45 19 15 7674 77
53 14 12 7546 65
64 19 6 7537 46
76 12 0 7699 72
94 18 12 7611 11
34 15 2 7565 30
32 6 6 7593 59
32 7 2 7652 17
32 8 18 7746 21
74 17 17 7460 25
23 13 6 7652 22
23 14 2 7674 33
75 19 9 7490 77
23 15 14 7707 45
23 16 17 7752 44
66 19 9 7708 21
41 18 2 7762 66
98 19 11 7689 83
93 17 3 7670 38
21 16 19 7670 57
32 9 16 7799 42
82 14 11 7772 65
82 15 17 7837 76
21 17 15 7751 86
94 19 15 7837 94
93 18 16 7841 44
21 18 2 7837 72
53 15 6 7674 70
76 13 16 7885 32
21 19 16 7917 33
88 16 19 7727 19
77 19 19 7746 36
23 17 5 7796 96
99 11 0 7771 71
53 16 14 7752 42
85 19 15 7931 70
88 17 14 7794 3
23 18 1 7892 81
23 19 8 7973 53
41 19 8 8026 31
93 19 2 7909 28
32 10 15 8001 2
82 16 9 7913 82
82 17 12 7995 12
53 17 7 7794 69
76 14 5 7917 47
88 18 12 8007 35
90 16 0 7842 13
74 18 6 7744 20
3 14 19 7782 68
34 16 5 7964 28
34 17 16 7992 56
82 18 16 8048 41
76 15 15 8003 68
99 12 2 7937 33
53 18 18 7863 59
90 17 6 7855 50
88 19 2 8042 71
74 19 8 8057 65
3 15 13 7850 55
3 16 1 7973 65
3 17 16 8089 10
34 18 13 8048 58
82 19 18 8089 94
76 16 11 8071 90
99 13 16 8099 73
90 18 3 7905 46
3 18 15 8099 64
34 19 0 8106 60
76 17 1 8161 65
99 14 6 8172 3
53 19 19 7922 38
90 19 12 8042 73
99 15 15 8175 54
32 11 9 8003 51
32 12 3 8054 84
32 13 4 8138 22
32 14 11 8161 7
76 18 10 8226 63
3 19 12 8163 60
76 19 3 8289 60
99 16 3 8349 37
99 17 10 8386 24
99 18 5 8410 17
32 15 19 8168 17
32 16 0 8185 52
32 17 1 8237 84
32 18 17 8321 16
99 19 18 8427 60
32 19 12 8337 28
