40 0 7 0 51
27 0 18 0 11
50 0 3 0 21
48 0 9 0 84
69 0 12 0 80
24 0 14 0 86
32 0 17 0 6
86 0 12 80 15
12 0 18 11 48
15 0 8 0 75
63 0 9 84 29
66 0 16 0 9
72 0 14 86 53
99 0 17 6 63
50 1 15 21 10
52 0 12 95 51
25 0 10 0 83
75 0 17 69 94
30 0 2 0 52
85 0 4 0 16
52 1 9 146 89
68 0 12 146 78
80 0 15 31 21
72 1 4 139 67
70 0 15 52 63
87 0 13 0 46
40 1 5 51 40
61 0 17 163 69
60 0 7 51 9
94 0 10 83 71
24 1 0 86 17
33 0 15 115 49
72 2 2 206 91
63 1 14 139 22
51 0 15 164 71
94 1 11 154 22
0 0 8 75 53
38 0 0 103 68
25 1 7 83 72
80 1 0 171 15
61 1 8 232 47
26 0 0 186 11
96 0 5 91 30
45 0 16 9 40
73 0 17 232 28
13 0 17 260 23
60 1 6 60 88
79 0 11 176 1
98 0 4 206 2
99 1 14 161 21
2 0 0 197 52
33 1 2 297 20
79 1 17 283 75
76 0 18 59 50
26 1 5 197 22
22 0 1 0 53
90 0 2 317 88
13 1 13 283 28
63 2 17 358 17
62 0 1 53 56
62 1 10 154 2
36 0 15 235 37
54 0 5 219 66
22 1 5 285 12
77 0 11 177 14
49 0 5 297 60
78 0 7 155 99
82 0 19 0 18
55 0 19 18 98
18 0 14 182 81
26 2 10 219 81
21 0 7 254 66
26 3 2 405 63
24 2 5 357 1
14 0 15 272 97
10 0 10 300 29
15 1 12 224 20
58 0 17 375 51
19 0 14 263 93
83 0 10 329 84
6 0 7 320 57
56 0 9 235 55
14 1 1 369 49
10 1 12 329 17
15 2 5 358 87
22 2 16 297 91
58 1 2 468 73
7 0 4 208 30
19 1 19 356 21
20 0 11 191 43
83 1 13 413 15
6 1 3 377 89
17 0 12 346 16
56 1 8 290 18
63 3 18 375 19
56 2 4 308 32
91 0 16 388 79
60 2 16 467 56
39 0 2 541 55
29 0 19 377 39
31 0 10 413 69
25 2 14 356 50
10 2 1 418 21
22 3 3 466 86
86 1 0 249 42
41 0 15 369 43
99 2 2 596 21
69 1 10 482 12
53 0 17 426 3
33 2 16 523 54
47 0 8 308 31
40 2 11 234 28
27 1 17 429 21
96 1 19 416 82
11 0 6 148 91
37 0 6 239 62
76 1 19 498 74
42 0 3 552 51
58 2 5 541 20
49 1 8 357 21
4 0 9 290 89
22 4 17 552 66
60 3 0 523 23
72 3 10 494 63
83 2 9 428 59
82 1 5 561 46
68 1 18 394 91
55 1 11 262 80
62 2 7 377 31
38 1 1 439 94
29 1 1 533 40
71 0 12 362 23
27 2 16 577 46
41 1 16 623 9
93 0 14 406 30
19 2 5 607 92
53 1 18 485 31
70 1 8 378 56
70 2 4 434 43
67 0 15 412 83
47 1 1 573 11
96 2 8 498 82
8 0 17 618 1
39 1 18 596 9
98 1 6 301 4
43 0 7 408 82
95 0 16 632 5
49 2 14 436 60
74 0 12 385 91
85 1 2 617 95
54 1 12 476 9
26 4 1 584 95
52 2 8 580 36
95 1 6 637 73
51 1 13 428 7
88 0 14 496 12
70 3 14 508 33
11 1 7 490 42
24 3 18 605 39
65 0 1 679 41
42 1 13 603 16
66 1 5 699 83
54 2 16 637 32
38 2 7 533 87
22 5 2 712 85
43 1 8 616 72
53 2 14 541 71
83 3 14 612 45
42 2 16 669 83
50 2 9 487 87
29 2 11 573 37
40 3 2 797 84
3 0 12 485 74
12 1 2 881 16
29 3 17 619 70
97 0 9 574 17
96 3 4 580 54
33 3 6 710 34
77 1 0 546 4
5 0 11 610 73
27 3 8 688 91
47 2 10 584 5
73 1 18 644 16
38 3 9 620 34
86 2 4 634 44
76 2 3 603 34
71 1 3 637 62
53 3 8 779 51
78 1 17 689 84
57 0 12 559 6
96 4 0 634 94
50 3 5 782 47
47 3 3 699 15
57 1 16 752 51
21 1 18 660 83
47 4 12 714 51
67 1 18 743 66
0 1 10 589 40
26 5 8 830 2
41 2 7 632 63
20 1 7 695 33
10 3 6 744 93
32 1 10 629 78
53 4 12 830 6
93 1 12 836 62
2 1 8 832 67
39 2 8 899 85
17 1 2 897 15
98 2 5 829 44
43 2 3 714 62
84 0 2 912 33
6 2 9 654 91
97 1 6 837 78
38 4 12 898 10
67 2 16 809 20
3 1 9 745 86
93 2 6 915 46
35 0 5 873 40
78 2 3 776 72
11 2 5 913 32
79 2 9 831 2
79 3 1 833 26
9 0 0 728 18
97 2 16 915 20
77 2 13 619 22
32 2 12 908 55
5 1 5 945 5
18 1 6 961 53
77 3 14 657 27
95 2 3 848 10
89 0 6 1014 37
45 1 14 684 72
80 2 2 945 60
54 3 11 683 78
28 0 18 809 17
82 2 10 707 22
28 1 7 826 40
3 2 14 831 71
98 3 7 873 38
26 6 9 833 22
17 2 13 912 76
64 0 1 859 76
6 3 10 745 96
38 5 2 1005 76
61 2 19 572 60
18 2 9 1014 16
86 3 8 984 80
60 4 2 1081 92
89 1 3 1051 28
26 7 4 855 81
19 3 3 1079 60
90 1 14 902 4
40 4 8 1064 78
37 1 9 1030 35
92 0 15 495 5
5 2 18 950 26
84 1 15 945 2
59 0 18 976 58
47 5 17 773 76
97 3 4 936 92
7 1 5 950 65
55 2 2 1173 8
16 0 14 906 24
18 3 18 1034 88
0 2 5 1015 82
12 2 4 1028 37
80 3 9 1065 30
81 0 12 963 14
9 1 8 1142 77
20 2 14 930 21
54 4 0 761 20
23 0 1 935 10
99 3 12 977 53
17 3 16 988 1
74 1 11 761 33
79 4 10 859 20
99 4 7 1030 79
68 2 15 947 41
62 3 0 781 70
17 4 11 989 93
82 3 15 988 66
42 3 10 879 33
82 4 8 1219 5
94 2 14 951 68
72 4 17 849 97
16 1 6 1051 13
6 4 13 988 66
97 4 19 1028 57
39 3 0 984 74
54 5 8 1224 69
32 3 7 1109 62
97 5 5 1097 95
2 2 13 1054 64
76 3 17 946 45
12 3 15 1065 60
57 2 2 1181 26
5 3 0 1058 57
7 2 9 1095 26
84 2 11 1082 35
37 2 2 1207 62
70 4 19 1085 10
6 5 19 1095 49
97 6 18 1192 25
38 6 6 1081 29
67 3 19 1144 22
3 3 19 1166 80
93 3 8 1293 14
35 1 14 1019 20
78 3 9 1121 79
11 3 10 945 96
79 5 12 1030 54
79 6 4 1084 63
97 7 11 1217 44
77 4 19 1246 58
32 4 19 1304 1
5 4 9 1200 45
18 4 3 1139 16
77 5 3 1304 12
95 3 15 1125 75
89 2 12 1084 16
45 2 10 1041 96
80 4 3 1316 50
54 6 10 1293 46
28 2 6 1110 44
3 4 16 1246 21
98 4 8 1307 93
26 8 12 1100 2
17 5 18 1217 87
38 7 16 1267 41
52 3 2 1269 84
6 6 6 1154 88
83 4 18 1304 63
29 4 7 1171 13
60 5 5 1192 38
84 3 14 1117 91
17 6 19 1305 60
30 1 13 1118 12
21 2 17 991 38
66 2 6 1242 93
76 4 1 991 33
98 5 0 1400 94
31 1 4 1147 98
89 3 13 1130 80
41 3 3 1366 11
99 5 9 1245 10
32 5 2 1353 33
77 6 7 1316 92
7 3 18 1367 60
58 3 11 1261 26
34 0 6 1335 41
69 2 4 1245 46
16 2 16 1308 27
49 3 10 1339 52
30 2 5 1230 1
73 2 9 1255 12
15 3 2 1386 67
65 1 8 1400 28
71 2 6 1376 44
75 1 11 1287 47
11 4 1 1041 58
26 9 6 1420 91
59 1 13 1210 24
20 3 13 1234 63
98 6 17 1494 93
10 4 2 1453 39
12 4 7 1408 54
2 3 5 1231 83
55 3 3 1377 98
30 3 16 1335 32
57 3 18 1427 59
29 5 3 1475 43
55 4 14 1475 56
63 4 13 1297 35
86 4 19 1365 15
26 10 11 1511 7
35 2 0 1494 63
22 6 15 1200 2
47 6 15 1202 1
57 4 3 1518 20
71 3 10 1420 32
68 3 11 1518 54
70 5 13 1332 53
14 2 13 1385 11
13 2 14 1531 99
28 3 14 1630 72
40 5 15 1203 93
80 5 7 1462 31
88 1 13 1396 17
14 3 8 1428 79
83 5 5 1367 71
77 7 4 1408 27
18 5 13 1413 3
45 3 11 1572 52
45 4 9 1624 4
0 3 0 1557 42
46 0 7 1493 7
78 4 4 1435 72
71 4 18 1486 69
12 5 5 1462 32
54 7 4 1507 1
3 5 2 1492 14
58 4 16 1367 11
36 1 6 1511 58
99 6 8 1507 13
88 2 16 1413 55
69 3 2 1506 5
99 7 5 1520 45
15 4 19 1453 70
48 1 18 1555 94
80 6 6 1569 17
89 4 2 1511 10
43 3 19 1523 61
27 4 19 1584 30
84 4 8 1520 49
81 1 16 1468 31
95 4 7 1500 16
7 4 10 1452 38
20 4 3 1538 56
88 3 8 1569 75
57 5 5 1565 65
44 0 1 1099 28
41 4 9 1628 26
52 4 18 1649 95
17 7 17 1587 67
96 5 1 1127 28
49 4 12 1391 42
6 7 14 1702 62
67 4 2 1521 73
72 5 6 1586 83
33 4 4 1508 43
66 3 9 1654 98
67 5 14 1764 76
16 3 9 1752 21
34 1 4 1551 13
52 5 1 1744 12
25 3 6 1669 93
70 6 5 1630 2
92 1 16 1499 52
34 2 5 1632 43
56 3 1 1756 78
31 2 5 1675 43
88 4 6 1762 56
27 5 6 1818 18
79 7 0 1599 31
44 1 19 1614 24
69 4 5 1718 20
41 5 1 1834 42
70 7 17 1654 24
65 2 16 1551 39
9 2 19 1638 12
16 4 11 1773 29
12 6 11 1802 69
37 3 0 1630 20
2 4 2 1594 37
29 6 4 1564 36
28 4 5 1738 41
41 6 17 1876 53
90 2 9 1773 26
87 1 15 1296 3
48 2 4 1649 61
55 5 10 1531 47
60 6 19 1650 88
10 5 5 1779 48
61 3 13 1416 75
87 2 19 1738 82
82 5 7 1516 12
19 4 12 1433 42
72 6 0 1669 51
91 1 8 1644 7
64 1 9 1799 31
54 8 7 1528 93
29 7 6 1836 81
68 4 8 1651 68
97 8 13 1491 8
13 3 19 1820 49
38 8 5 1827 30
97 9 15 1499 93
7 5 8 1719 66
2 5 9 1830 21
55 6 1 1876 26
31 3 0 1720 94
27 6 10 1836 37
46 1 15 1592 7
49 5 0 1814 47
5 5 16 1590 40
46 2 11 1871 2
53 5 5 1857 37
47 7 7 1621 51
35 3 8 1785 10
56 4 5 1894 95
58 5 12 1475 46
29 8 18 1917 55
74 2 3 1594 84
81 2 10 1873 86
52 6 19 1869 97
29 9 16 1972 4
99 8 16 1976 63
30 4 0 1861 52
86 5 6 1917 24
10 6 0 1913 46
43 4 1 1902 22
7 6 11 1873 76
34 3 18 1972 8
84 5 16 2039 21
0 4 7 1672 98
73 3 4 1710 30
93 4 4 1740 62
81 3 13 1959 68
91 2 9 1851 25
7 7 0 1959 85
64 2 4 1830 93
37 4 10 1959 17
28 5 8 1795 31
11 5 3 1678 24
19 5 15 1599 9
64 3 5 1989 64
20 5 17 1929 90
20 6 9 2019 12
6 8 5 2053 86
87 3 5 2139 20
73 4 5 2159 97
94 3 12 1521 74
16 5 12 1802 19
93 5 16 2060 16
50 4 18 1980 40
35 4 11 1949 23
85 2 3 1702 2
89 5 15 1608 90
89 6 0 2044 5
53 6 11 1972 4
9 3 18 2020 36
96 6 14 1840 75
39 4 3 1704 6
42 4 2 1631 90
92 2 11 1976 70
86 6 5 2256 76
94 4 4 1923 39
11 6 18 2056 56
66 4 8 1826 33
99 9 18 2112 39
50 5 7 2020 45
52 7 4 1966 75
25 4 13 2027 8
85 3 15 1704 88
52 8 10 2041 57
68 5 7 2065 60
50 6 1 2065 48
87 4 4 2159 1
60 7 15 1792 64
33 5 8 1859 28
51 2 1 2113 64
0 5 2 1770 86
38 9 3 1857 58
60 8 1 2177 71
98 7 9 2031 18
99 10 0 2151 38
42 5 0 2189 24
73 5 2 2256 86
76 5 5 2332 50
95 5 4 2160 70
49 6 4 2230 77
74 3 1 2248 79
85 4 8 1887 45
39 5 5 2382 16
98 8 13 2049 38
72 7 7 2125 55
6 9 16 2139 80
35 5 6 1972 79
11 7 2 2342 63
79 8 13 2087 44
37 5 11 2046 44
9 4 13 2131 64
55 7 12 1902 30
59 2 1 2327 99
34 4 7 2180 98
24 4 10 2098 42
63 5 12 1932 28
89 7 10 2140 17
65 3 19 1966 34
78 5 8 1932 47
57 6 4 2307 50
21 3 0 2213 40
67 6 6 2051 59
41 7 0 2253 42
20 7 8 2031 12
51 3 7 2278 53
2 6 18 2151 10
98 9 19 2087 66
72 8 19 2180 14
31 4 8 2043 71
6 10 0 2295 13
67 7 7 2331 74
35 6 4 2357 71
11 8 15 2405 74
9 5 7 2405 35
85 5 11 2090 93
55 8 9 2049 49
59 3 3 2426 80
34 5 9 2278 75
24 5 7 2440 35
33 6 14 1915 59
63 6 4 2428 19
89 8 19 2194 28
65 4 9 2353 36
95 6 12 2230 39
55 9 6 2110 55
16 6 13 2195 91
81 4 7 2475 69
20 8 0 2308 79
23 1 0 2387 63
74 4 0 2450 4
68 6 3 2506 94
62 4 15 2479 92
42 6 15 2571 21
22 7 6 2165 78
90 3 6 2243 9
13 4 0 2454 79
49 7 11 2307 93
21 4 1 2426 57
10 7 13 2286 60
15 5 0 2533 23
58 6 14 1974 35
19 6 16 2219 93
56 5 12 2269 40
56 6 16 2312 79
91 3 12 2309 92
60 9 10 2248 59
39 6 9 2398 5
25 5 11 2400 7
10 8 16 2391 9
75 2 2 2405 96
59 4 0 2556 78
1 0 3 2600 44
30 5 11 2407 6
63 7 15 2592 29
35 7 15 2621 12
47 8 16 2400 30
70 8 1 2483 6
13 5 4 2533 7
28 6 16 2430 86
40 6 12 2401 39
88 5 10 2307 89
88 6 11 2413 6
48 3 14 2009 90
43 5 12 2440 18
81 5 19 2544 71
95 7 9 2403 62
44 2 12 2458 56
41 8 14 2295 8
52 9 0 2634 79
17 8 15 2633 27
59 5 14 2634 10
67 8 5 2405 23
33 7 1 2489 63
66 5 15 2660 81
16 7 4 2540 37
34 6 0 2713 71
52 10 13 2713 91
23 2 16 2516 3
25 6 15 2741 79
92 3 18 2161 59
34 7 15 2820 60
31 5 9 2465 82
41 9 8 2303 7
65 5 2 2501 13
53 7 2 2514 81
49 8 2 2595 27
12 7 3 2644 25
37 6 8 2310 94
22 8 4 2577 23
3 6 0 2784 49
40 7 18 2440 14
96 7 18 2454 1
51 4 0 2833 89
49 9 1 2622 62
44 3 8 2514 77
64 4 7 2544 87
61 4 9 2547 13
46 3 1 2684 61
90 4 4 2600 81
50 7 17 2113 27
94 5 9 2560 68
42 7 17 2592 95
5 6 19 2615 46
36 2 2 2622 5
8 1 4 2681 99
73 6 8 2591 9
15 6 15 2880 93
65 6 12 2514 95
71 5 14 2644 86
75 3 14 2730 70
11 9 16 2519 1
26 11 18 2455 36
59 6 12 2644 53
1 1 4 2780 50
98 10 12 2697 38
10 9 17 2687 61
12 8 13 2804 48
2 7 1 2745 62
55 10 18 2491 75
30 6 7 2631 9
57 7 11 2419 99
29 10 15 2973 60
55 11 13 2852 66
63 8 7 2640 80
86 7 10 2396 71
26 12 3 2669 27
35 8 16 2633 43
22 9 9 2628 28
47 9 9 2656 36
57 8 13 2918 96
71 6 11 2730 24
68 7 1 2807 3
70 9 0 2922 61
14 4 19 2661 86
13 6 9 2692 32
28 7 19 2747 7
40 8 14 2800 57
80 7 12 2735 34
88 7 0 2983 46
14 5 17 2748 67
83 6 19 2754 86
18 6 2 2627 49
45 5 17 2815 17
45 6 13 3014 25
46 4 13 3039 34
78 6 19 2840 47
71 7 15 3033 42
12 9 6 2852 72
54 9 3 2696 81
3 7 6 2924 16
58 7 3 2777 87
36 3 12 2769 29
99 11 3 2864 50
88 8 9 3029 22
99 12 13 3073 80
15 7 14 2973 31
48 4 12 2798 9
18 7 15 3075 62
80 8 17 2832 15
89 9 18 2566 40
43 6 11 2754 66
27 7 14 3004 35
90 5 16 2681 47
50 8 12 2807 63
94 6 5 2628 28
42 8 4 2830 11
5 7 15 3137 15
36 4 1 2810 20
8 2 8 2780 97
73 7 13 3153 65
15 8 4 3004 72
65 7 17 2847 12
71 8 0 3075 31
75 4 19 2887 51
11 10 4 3076 42
26 13 7 2720 87
31 6 1 2830 42
23 3 10 2519 67
79 9 6 2940 98
44 4 10 2591 21
69 5 7 2807 42
41 10 2 2676 77
65 8 0 3106 10
23 4 8 2877 82
9 6 17 2859 66
16 8 2 2753 93
37 7 18 2606 6
29 11 9 3051 20
23 5 14 3039 12
40 9 17 2925 52
28 8 3 2914 60
90 6 11 2820 82
87 5 7 2849 45
48 5 5 2807 72
55 12 5 2918 44
44 5 14 3051 46
36 5 9 3071 24
17 9 7 2894 91
60 10 8 2959 11
61 5 16 2728 22
87 6 18 2894 79
82 6 6 3038 27
19 7 13 3218 68
91 4 18 2973 8
64 5 8 2970 84
29 12 12 3071 31
36 6 4 3118 40
59 7 6 3065 10
40 10 3 2977 94
68 8 2 2846 38
61 6 7 2985 16
13 7 6 3075 89
75 5 10 2938 93
4 1 17 2977 50
7 8 16 2750 39
69 6 9 3095 66
61 7 0 3116 60
46 5 3 3073 46
46 6 14 3119 7
47 10 4 3158 17
35 9 3 3119 15
56 7 19 2938 35
29 13 5 3102 66
74 5 18 2981 7
50 9 0 3176 29
47 11 5 3175 52
57 9 14 3126 62
21 5 16 2789 62
47 12 19 3227 61
12 10 0 3205 77
0 6 14 3188 50
26 14 13 3286 54
41 11 10 3031 97
94 7 18 2988 7
10 10 3 3134 43
32 6 15 3152 26
51 5 4 3175 39
53 8 1 2872 98
93 6 5 3227 24
2 8 14 3238 74
39 7 15 3178 24
17 10 1 2985 45
98 11 14 3312 60
43 7 2 2884 28
95 8 8 3054 65
55 13 8 3119 12
16 9 15 3202 76
18 8 19 3288 26
80 9 4 3214 98
81 6 2 2912 44
9 7 3 3177 86
20 9 5 3251 51
23 6 2 3051 99
74 6 8 3131 49
62 5 16 2851 87
74 7 16 3180 45
62 6 17 3027 49
82 7 1 3065 82
82 8 14 3372 24
19 8 9 3286 28
35 10 13 3340 62
95 9 13 3402 99
74 8 14 3396 9
75 6 3 3263 64
23 7 17 3150 57
60 11 14 3405 32
49 10 13 3501 24
37 8 13 3525 83
22 10 11 2902 16
40 11 16 3225 10
51 6 17 3214 86
64 6 15 3278 62
46 7 9 3314 22
90 7 8 3180 52
50 10 6 3205 36
94 8 17 3300 67
36 7 17 3367 34
8 3 3 3327 17
73 8 6 3241 51
65 9 10 3128 30
59 8 11 3075 99
1 2 6 3292 39
98 12 11 3372 87
10 11 18 3177 47
2 9 6 3331 86
55 14 7 3131 60
80 10 19 3314 77
81 7 6 3417 10
20 10 4 3312 99
23 8 6 3427 70
74 9 19 3405 69
68 9 5 3302 22
42 9 5 3324 56
76 6 4 3411 69
22 11 8 3232 35
90 8 12 3232 65
12 11 9 3336 29
13 8 5 3380 12
36 8 5 3401 53
54 10 2 3150 18
77 8 6 3497 24
18 9 17 3401 26
21 6 12 3297 31
32 7 9 3365 20
10 12 8 3267 47
58 8 15 3340 84
7 9 13 3608 96
19 9 18 3314 29
83 7 15 3424 2
56 8 3 3344 41
56 9 10 3385 40
91 5 11 3459 90
60 12 18 3437 71
29 14 0 3282 9
25 7 9 3385 57
10 13 15 3426 92
99 13 15 3518 45
69 7 11 3549 32
75 7 6 3521 24
59 9 8 3314 85
1 3 10 3425 81
2 10 17 3427 71
30 7 17 3498 6
29 15 8 3399 22
63 9 3 3385 59
86 8 9 3442 38
47 13 11 3581 9
68 10 17 3504 33
70 10 9 3480 14
13 9 1 3392 22
28 9 2 3168 41
40 12 10 3506 35
80 11 14 3437 57
88 9 15 3563 44
83 8 3 3444 42
18 10 12 3427 43
45 7 18 3508 92
45 8 12 3600 67
46 8 4 3480 36
36 9 3 3486 72
88 10 17 3607 2
69 8 19 3581 43
48 6 6 3545 66
89 10 9 3494 76
43 8 5 3454 88
81 8 1 3427 76
95 10 2 3501 57
7 10 12 3704 19
88 11 18 3609 14
52 11 17 3609 77
17 11 8 3421 28
59 10 15 3607 80
33 8 11 3590 95
66 6 7 3191 40
16 10 19 3624 75
34 8 17 3686 20
52 12 15 3687 17
23 9 5 3542 67
25 8 4 3516 95
92 4 14 3494 10
34 9 1 3706 15
56 10 15 3704 65
23 10 11 3685 82
79 10 19 3699 73
69 9 18 3624 58
23 11 13 3767 37
16 11 17 3706 15
29 16 10 3541 6
40 13 1 3721 97
28 10 17 3721 11
87 7 16 3235 70
48 7 8 3611 5
36 10 10 3558 12
17 12 3 3558 7
60 13 4 3611 62
61 8 3 3565 87
87 8 3 3652 46
19 10 10 3570 45
91 6 13 3804 82
64 7 13 3886 41
29 17 2 3558 84
36 11 0 3570 26
68 11 16 3537 37
13 10 8 3616 54
75 8 8 3670 45
4 2 12 3723 80
7 11 14 3723 75
69 10 14 3798 63
74 10 13 3927 86
21 7 9 3570 21
10 14 11 3767 2
2 11 15 3769 43
98 13 16 3574 49
97 10 1 3818 21
38 10 19 3772 34
77 9 10 3615 13
40 14 0 3818 93
68 12 10 3628 76
61 9 18 3682 80
75 9 9 3715 36
61 10 10 3762 33
46 9 10 3795 36
46 10 6 3831 11
47 14 2 3642 80
74 11 10 4013 94
21 8 14 3861 88
12 12 17 3732 64
26 15 16 3623 24
94 9 3 3698 7
15 9 18 3762 16
70 11 3 3705 92
53 9 15 3812 97
92 5 10 4107 88
46 11 8 3842 95
64 8 12 3927 6
54 11 13 4013 64
8 4 7 3344 51
71 9 17 3796 35
54 12 17 4077 40
58 9 13 4077 95
12 13 16 3796 10
64 9 10 4195 36
81 9 15 3909 82
99 14 19 3806 84
88 12 7 3623 36
22 12 13 4172 55
34 10 11 3769 11
49 11 15 3991 37
49 12 17 4117 4
51 7 9 3751 2
30 8 9 3753 18
52 13 16 3806 86
85 6 18 3778 77
25 9 8 3937 68
11 11 14 3949 84
98 14 1 3839 52
21 9 6 3949 59
30 9 15 4028 97
17 13 0 3911 68
80 12 18 3855 58
40 15 19 3911 87
92 6 5 4195 56
72 9 1 3891 78
91 7 5 4251 9
51 8 19 3998 92
96 8 13 4227 84
15 10 11 3780 36
8 5 13 4311 63
75 10 13 4374 62
6 11 1 3969 58
94 10 1 4027 92
72 10 11 3969 17
26 16 19 4090 4
66 7 17 4121 18
61 11 2 3795 14
95 11 10 4231 7
54 13 1 4119 39
36 12 18 3913 12
1 4 16 3892 51
62 7 9 3771 25
18 11 5 4260 31
39 8 7 3659 12
4 3 18 3925 88
70 12 11 3986 27
4 4 13 4436 16
33 9 13 4452 32
57 10 10 4238 47
97 11 2 3839 21
24 6 17 4139 85
88 13 1 4158 96
51 9 5 4291 5
38 11 10 4285 83
20 11 19 4094 98
28 11 4 3732 36
98 15 3 3891 72
76 7 10 4368 14
10 15 7 3769 77
7 12 19 4192 5
91 8 4 4260 53
30 10 18 4125 82
59 11 16 3943 7
65 10 5 4296 34
70 13 6 4013 82
50 11 19 4197 25
54 14 14 4158 86
98 16 10 4382 12
61 12 1 4254 59
37 9 7 3846 85
46 12 2 3937 11
72 11 3 3986 74
39 9 11 4013 33
25 10 19 4222 67
83 9 8 4005 46
88 14 3 4254 6
41 12 19 4289 43
15 11 1 4313 5
73 9 15 4125 30
71 10 1 4318 24
18 12 1 4342 75
86 9 15 4155 27
85 7 17 4224 10
37 10 3 4260 14
30 11 6 4207 12
90 9 13 4484 63
55 15 17 4234 81
27 8 2 3948 4
67 9 12 3933 90
31 7 6 4219 91
65 11 3 4330 92
14 6 6 4310 51
72 12 16 4060 9
38 12 4 4368 15
80 13 5 4330 40
15 12 17 4318 59
65 12 11 4422 14
86 10 7 4182 48
70 14 10 4394 63
13 11 12 4023 88
41 13 6 4361 52
92 7 0 4251 55
0 7 12 4111 57
84 6 19 4332 29
31 8 17 4377 20
45 9 2 3952 77
64 10 3 4422 12
54 15 15 4244 92
0 8 3 4434 28
71 11 13 4547 34
59 12 7 4230 24
89 11 1 4417 30
64 11 0 4434 18
88 15 4 4383 37
20 12 6 4413 68
3 8 1 4447 26
34 11 12 4168 65
49 13 19 4361 75
49 14 16 4436 56
41 14 11 4436 32
84 7 7 4361 60
97 12 7 4421 47
14 7 2 4361 80
51 10 18 4296 52
24 7 13 4581 35
44 6 11 4468 30
30 12 14 4244 62
68 13 14 4306 31
52 14 6 4481 58
44 7 9 4498 89
14 8 9 4587 29
19 11 1 4473 94
89 12 7 4468 52
98 17 2 4441 5
62 8 13 4616 5
60 14 3 4462 27
21 10 8 4051 82
20 13 15 4481 8
80 14 11 4498 21
40 16 9 4616 47
92 8 7 4520 73
98 18 18 4446 21
41 15 13 4621 23
72 13 15 4489 63
30 13 3 4489 43
13 12 18 4467 69
25 11 12 4289 15
63 10 5 4370 86
17 14 4 4420 97
45 10 1 4567 62
80 15 1 4629 25
40 17 6 4663 27
92 9 3 4593 65
41 16 18 4644 32
72 14 8 4552 22
91 9 19 4436 95
83 10 6 4690 39
51 11 11 4519 63
56 11 14 4337 89
96 9 7 4593 61
78 7 15 4552 92
15 13 3 4658 75
49 15 9 4663 16
65 13 18 4676 15
8 6 12 4374 82
4 5 8 4574 58
46 13 18 4691 69
75 11 0 4452 91
57 11 1 4654 89
89 13 17 4520 77
79 11 5 4456 41
6 12 2 4446 81
78 8 14 4644 49
69 11 17 4597 89
55 16 0 4543 82
94 11 7 4654 45
72 15 13 4644 71
26 17 17 4686 94
66 8 1 4743 96
70 15 7 4699 2
33 10 17 4780 23
1 5 5 4497 92
25 12 16 4492 58
25 13 1 4839 2
53 10 7 4701 58
87 9 11 4582 48
30 14 19 4532 88
14 9 0 4625 75
45 11 4 4629 11
78 9 2 4693 49
8 7 14 4693 79
58 10 4 4640 84
36 13 14 4772 40
91 10 6 4729 51
2 12 3 4733 24
63 11 19 4620 95
85 8 16 4550 71
64 12 14 4812 68
93 7 19 4715 17
94 12 16 4699 67
92 10 6 4780 66
61 13 6 4846 99
88 16 19 4732 62
31 9 13 4715 52
12 14 1 4841 53
81 10 11 4630 54
5 8 4 4724 79
35 11 2 4742 19
95 12 1 4894 54
62 9 5 4621 42
45 12 0 4700 3
69 12 15 4686 54
68 14 13 4767 24
17 15 14 4880 6
33 11 12 4803 28
6 13 18 4760 70
90 10 1 4948 37
54 16 18 4830 69
15 14 9 4733 85
25 14 5 4841 34
4 6 15 4740 20
55 17 15 4760 38
11 12 0 4703 56
15 15 10 4818 24
86 11 18 4899 38
80 16 16 4766 41
99 15 4 4803 2
78 10 0 4759 43
96 10 17 4803 17
27 9 15 4798 64
94 13 13 4791 35
96 11 11 4820 45
21 11 3 4757 96
57 12 9 4818 39
56 12 2 4761 16
91 11 1 4985 54
90 11 18 4985 59
45 13 8 4703 75
21 12 4 4853 69
82 9 9 4857 60
71 12 4 4922 12
34 12 3 4853 56
64 13 19 4880 96
51 12 16 4807 27
34 13 2 4909 89
35 12 19 4976 4
33 12 18 5044 47
82 10 16 4917 10
50 12 11 4865 74
94 14 6 4945 70
42 10 8 4778 21
9 8 15 4862 98
53 11 16 4927 19
13 13 7 4759 65
70 16 12 4831 27
63 12 0 4802 36
66 9 10 4842 52
68 15 9 4917 46
67 10 3 4909 53
54 17 19 4980 69
18 13 7 4824 35
53 12 10 4946 84
46 14 12 4858 8
16 12 5 4875 70
58 11 1 5039 97
48 8 17 4820 76
45 14 15 4960 21
57 13 6 5015 68
44 8 2 4998 56
31 10 7 4859 45
23 12 4 4934 16
79 12 2 5054 52
44 9 18 5091 71
69 13 3 4962 79
41 17 4 4950 50
65 14 15 4981 10
23 13 9 4963 47
9 9 6 5083 54
16 13 18 5162 70
37 11 14 4886 71
29 18 13 4826 94
23 14 15 5010 90
40 18 4 5000 18
28 12 1 5136 20
90 12 0 5044 78
87 10 12 4866 63
48 9 10 5030 41
55 18 16 4946 29
44 10 0 5162 23
36 14 13 4920 74
17 16 10 5071 50
60 15 13 4994 20
61 14 11 4945 97
87 11 2 5106 87
82 11 0 5185 93
19 12 7 4904 97
91 12 17 5039 29
64 14 2 5193 90
29 19 14 4957 15
36 15 8 4994 29
59 13 19 5049 66
40 19 13 5018 24
68 16 4 5018 20
61 15 14 5042 55
13 14 3 5041 95
75 12 15 5100 18
4 7 10 5121 32
7 13 7 5001 91
69 14 0 5278 28
61 16 4 5097 3
46 15 19 5115 56
47 15 6 5137 10
35 13 9 5010 46
56 13 6 5147 20
74 12 9 5056 90
50 13 14 5097 19
47 16 13 5147 75
57 14 17 5083 28
21 13 15 5118 11
47 17 0 5306 66
12 15 19 5171 90
0 9 15 5129 7
26 18 14 5116 7
41 18 12 5000 99
10 16 14 5123 58
32 8 0 5372 21
51 13 14 5181 75
53 13 6 5167 3
93 8 15 5136 70
2 13 19 5261 5
39 10 4 5100 30
17 17 6 5170 71
43 9 0 5393 48
72 16 12 5099 41
31 11 16 4975 58
84 8 4 5130 88
6 14 4 5218 48
97 13 8 5023 38
38 13 13 5222 30
93 9 11 5206 66
35 14 7 5092 70
11 13 11 5272 44
79 13 7 5162 81
79 14 3 5243 30
37 12 15 5206 5
9 10 2 5283 11
97 14 3 5273 33
77 10 2 5294 8
32 9 11 5393 99
5 9 7 5243 48
85 9 12 5140 69
55 19 4 5266 72
59 14 9 5146 92
34 14 10 5153 48
24 8 2 5302 93
96 12 2 5395 72
39 11 16 5130 34
33 13 7 5291 45
63 13 6 5241 79
43 10 16 5441 87
89 14 4 5338 15
79 15 14 5273 57
65 15 4 5353 98
95 13 19 5266 52
25 15 3 5306 95
75 13 1 5156 38
56 14 11 5492 86
90 13 7 5336 51
17 18 9 5241 52
80 17 8 5061 78
28 13 13 5252 23
19 13 17 5111 78
64 15 6 5320 34
6 15 17 5266 61
87 12 9 5293 47
73 10 12 5209 15
6 16 8 5327 12
75 14 16 5528 47
16 14 3 5401 91
75 15 5 5575 98
93 10 17 5327 57
79 16 16 5575 25
52 15 11 5578 43
49 16 18 5232 76
30 15 10 5201 4
65 16 6 5451 75
39 12 10 5205 34
77 11 5 5673 55
9 11 14 5330 41
85 10 1 5209 33
24 9 19 5395 48
43 11 18 5528 41
93 11 1 5384 55
0 10 18 5569 13
5 10 8 5339 20
31 12 11 5621 1
83 11 4 5451 9
42 11 7 5387 37
3 9 13 5275 34
33 14 9 5340 28
77 12 8 5728 66
5 11 3 5492 69
27 10 7 5424 9
73 11 3 5561 41
86 12 3 5602 73
76 8 2 5467 89
14 10 14 5371 64
78 11 11 5622 33
21 14 2 5556 49
67 11 0 5441 11
0 11 9 5582 24
41 19 5 5728 83
20 14 10 5239 61
32 10 3 5675 8
51 14 8 5794 46
93 12 2 5605 79
2 14 12 5266 78
98 19 15 5211 6
31 13 3 5683 19
84 9 1 5439 71
6 17 12 5344 69
67 12 11 5655 43
35 15 18 5582 87
78 12 13 5655 30
79 17 8 5840 70
37 13 16 5600 7
9 12 9 5606 15
32 11 5 5811 91
85 11 13 5685 22
59 15 10 5300 74
34 15 13 5707 83
24 10 6 5526 22
33 15 0 5452 46
63 14 1 5510 82
89 15 5 5902 50
65 17 13 5790 62
95 14 14 5435 47
16 15 10 5492 57
18 14 0 5498 72
0 12 11 5698 61
81 11 0 5570 40
63 15 11 5759 89
86 13 14 5675 42
14 11 7 5435 59
13 15 11 5848 84
28 14 0 5610 81
45 15 5 5952 79
78 13 16 5685 16
54 18 9 5621 17
3 10 17 5384 2
58 12 6 5548 50
36 16 16 5701 43
69 15 13 5852 42
28 15 15 5691 27
25 16 0 5691 72
92 11 8 5910 17
34 16 16 5790 76
56 15 18 5669 59
59 16 4 5460 98
2 15 10 5549 10
2 16 7 5559 40
78 14 10 5701 35
15 16 16 5866 29
28 16 10 5736 53
1 6 13 5894 65
7 14 15 5718 14
19 14 0 5763 5
9 13 4 5621 87
74 13 4 5708 24
76 9 7 5599 86
37 14 4 5732 53
81 12 5 6031 46
87 13 0 5768 43
36 17 11 5932 42
1 7 18 5959 20
62 10 2 5684 66
4 8 6 5598 42
4 9 14 5717 89
51 15 3 5840 3
28 17 12 5789 8
91 13 15 5732 86
72 17 9 5638 81
25 17 18 5979 96
15 17 7 5895 5
73 12 14 5806 91
90 14 17 5387 75
67 13 17 5698 88
72 18 18 6075 54
13 16 10 5932 32
92 12 9 5927 5
64 16 16 5895 67
89 16 11 5974 99
64 17 18 6129 61
3 11 8 5927 17
34 17 19 5866 82
63 16 8 5944 72
86 14 2 5750 8
35 16 17 5786 45
47 18 18 6190 32
71 13 9 5932 35
68 17 19 5948 69
70 17 18 6222 25
14 12 4 5785 92
13 17 16 5964 64
28 18 11 6073 96
14 13 5 6077 85
83 12 7 5900 7
45 16 3 6031 90
45 17 7 6121 70
78 15 5 6162 2
50 14 4 5877 20
21 15 19 6017 1
67 14 1 5786 76
0 13 16 6028 54
32 12 8 6016 76
51 16 6 5843 98
72 19 5 6164 46
31 14 19 6018 7
84 10 0 5811 14
6 18 15 5818 76
67 15 8 6092 65
35 17 1 5862 24
78 16 12 6164 47
11 14 13 5959 58
79 18 15 5910 58
37 15 17 5831 43
9 14 16 6082 76
32 13 14 6092 52
85 12 14 6144 54
59 17 2 5758 9
34 18 8 6157 52
24 11 15 5968 76
33 16 19 6025 25
63 17 16 6158 27
89 17 16 6185 99
65 18 14 6198 12
95 15 0 5825 43
16 16 7 6191 18
0 14 4 6082 97
81 13 9 6077 47
9 15 5 6210 33
23 15 12 6211 71
74 14 17 5874 21
68 18 0 6017 53
62 11 3 6121 18
82 12 11 6169 54
42 12 9 6124 72
76 10 12 6282 57
22 13 10 5964 35
90 15 3 6139 24
13 18 15 6044 33
62 12 6 6139 1
62 13 11 6223 43
36 18 7 6209 12
54 19 6 6140 11
77 13 12 6339 81
49 17 6 6151 64
82 13 12 6420 10
21 16 13 6018 56
24 12 3 6163 25
32 14 4 6179 33
14 14 16 6284 92
10 17 4 6212 71
15 18 13 6074 47
58 13 9 6196 10
7 15 2 5767 46
19 15 4 6283 66
83 13 1 5907 32
56 16 13 6121 49
56 17 0 6170 86
91 14 7 6221 7
60 16 9 6206 54
39 13 14 6210 17
25 18 17 6075 30
99 16 11 6266 29
69 16 8 6209 90
75 16 7 6228 51
59 18 17 6105 30
1 8 1 5979 75
30 16 12 6430 8
63 18 2 6185 86
86 15 13 6170 52
35 18 10 5999 30
71 14 19 6050 51
68 19 6 6215 57
70 18 16 6376 51
14 15 18 6376 3
13 19 2 6271 55
28 19 9 6260 77
14 16 10 6379 94
83 14 17 6135 78
45 18 19 6191 40
45 19 6 6272 51
0 15 13 6222 92
46 16 5 6243 33
69 17 6 6323 6
48 10 2 6326 87
89 18 8 6299 64
43 12 14 6227 78
84 11 12 6438 6
81 14 4 6349 42
95 16 18 6379 1
7 16 1 6054 27
44 11 5 6276 31
52 16 3 6188 15
17 19 5 6307 99
49 18 7 6279 85
59 19 5 6406 28
33 17 5 6434 53
66 10 2 6413 51
16 17 1 6209 8
34 19 14 6305 26
52 17 14 6331 90
44 12 13 6314 26
69 18 1 6329 66
70 19 2 6464 91
65 19 7 6364 88
23 16 7 6452 74
9 16 11 6295 85
16 18 0 6256 29
33 18 10 6487 18
77 14 9 6420 12
5 12 17 6213 16
27 11 9 6432 57
47 19 14 6421 14
73 13 1 6395 46
38 14 8 6363 28
86 16 11 6380 20
76 11 14 6435 17
96 13 6 6329 58
50 15 8 6391 78
21 17 5 6487 97
67 16 9 6489 44
10 18 19 6283 16
32 15 1 6441 15
50 16 16 6469 51
35 19 12 6444 76
4 10 19 6299 79
63 19 10 6505 4
85 13 19 6378 56
89 19 14 6452 63
2 17 4 6391 51
26 19 15 6077 26
77 15 17 6432 13
1 9 0 6285 60
96 14 3 6387 78
61 17 15 6103 40
79 19 18 6380 83
7 17 17 6445 69
85 14 5 6584 31
24 13 16 6520 42
96 15 10 6509 63
39 14 12 6520 75
33 19 3 6505 53
43 13 17 6514 70
95 17 5 6615 65
25 19 2 6555 26
18 15 10 6572 37
56 18 7 6526 36
11 15 9 6533 1
22 14 14 6515 51
90 16 15 6163 77
49 19 3 6558 11
80 18 10 6609 44
11 16 8 6534 5
19 16 11 6400 85
64 18 11 6485 73
20 15 16 6562 41
20 16 2 6603 58
6 19 11 6558 23
87 14 10 6653 1
73 14 0 6441 18
16 19 8 6539 73
93 13 9 6534 99
50 17 13 6520 32
4 11 4 6442 87
85 15 7 6615 18
22 15 12 6595 3
2 18 16 6603 89
78 17 6 6387 59
77 16 15 6445 57
27 12 3 6569 51
73 15 7 6633 21
86 17 17 6584 40
76 12 9 6633 80
14 17 3 6620 69
21 18 11 6584 21
67 17 10 6654 52
0 16 19 6434 86
32 16 16 6692 72
51 17 2 6661 82
93 14 13 6633 27
2 19 11 6692 54
1 10 14 6566 95
96 16 15 6572 50
61 18 5 6680 30
7 18 6 6514 95
19 17 2 6743 39
53 14 13 6660 96
9 17 12 6598 12
5 13 13 6756 29
95 18 11 6746 88
74 15 5 6710 15
88 17 5 6725 94
76 13 15 6713 32
37 16 19 6520 2
43 14 15 6745 2
81 15 17 6624 86
38 15 15 6747 24
76 14 8 6745 72
36 19 19 6522 43
10 19 9 6713 50
12 16 8 6817 71
7 19 3 6689 3
91 15 2 6782 58
58 14 18 6463 99
66 11 14 6661 99
50 18 10 6706 69
23 17 19 6565 75
50 19 2 6840 23
37 17 12 6610 11
11 17 19 6640 53
69 19 16 6764 29
39 15 6 6609 38
8 8 9 6763 60
83 15 11 6834 12
88 18 12 6819 77
58 15 10 6775 97
11 18 17 6710 44
73 16 16 6793 89
66 12 0 6760 34
71 15 5 6819 73
81 16 3 6710 62
78 18 1 6456 44
53 15 9 6823 50
18 16 4 6609 79
86 18 16 6882 51
85 16 0 6794 63
37 18 1 6621 18
99 17 6 6647 31
27 13 4 6688 41
67 18 13 6785 25
39 16 1 6647 49
31 15 14 6760 9
76 15 11 6846 33
14 18 11 6879 34
38 16 17 6771 40
80 19 13 6810 26
5 14 2 6863 48
86 19 1 6933 99
51 18 12 6896 6
53 16 0 6873 21
93 15 18 6660 17
43 15 4 6747 15
27 14 0 6894 90
73 17 11 6913 2
38 17 11 6915 1
76 16 13 6879 51
71 16 2 6911 5
78 19 18 6677 98
57 15 15 6771 70
57 16 7 6841 29
21 19 10 6872 26
67 19 4 6810 54
0 17 17 6811 5
20 17 12 6902 8
9 18 1 7032 1
32 17 6 6764 34
85 17 10 6898 82
24 14 11 6916 65
95 19 17 6834 36
18 17 8 6888 94
0 18 6 6816 32
81 17 18 6775 41
9 19 10 7033 62
20 18 1 7033 42
74 16 2 6916 38
62 14 12 6910 32
82 14 17 6870 60
42 13 11 6981 5
76 17 16 6933 31
22 16 18 6816 25
12 17 14 6888 84
62 15 14 6972 46
62 16 8 7018 48
22 17 0 6984 54
77 17 16 6964 77
82 15 18 6930 14
18 18 11 6986 94
24 15 1 7075 3
32 18 18 6944 34
14 19 12 6942 27
58 16 7 6872 86
19 18 8 7066 18
83 16 12 6969 78
56 19 17 6930 25
91 16 3 6840 66
60 17 11 7080 43
99 18 1 7078 27
1 11 9 6873 28
57 17 0 7038 71
71 17 16 7041 12
83 17 0 7109 68
18 19 16 7080 7
0 19 1 7105 11
48 11 15 6841 80
43 16 6 6848 13
84 12 9 6901 40
81 18 8 7084 27
44 13 7 6958 76
52 18 7 7034 28
66 13 18 6978 46
52 19 5 7062 45
92 13 12 7047 22
31 16 12 7069 83
44 14 6 7034 70
37 19 5 7107 89
87 15 1 7116 48
48 12 3 6921 50
44 15 15 7104 93
60 18 12 7152 2
87 16 14 7164 65
82 16 3 6971 16
91 17 0 7177 84
4 12 5 7196 73
5 15 1 7164 38
27 15 12 7154 24
73 18 10 7095 77
38 18 18 7024 72
76 18 6 7104 43
71 18 7 7062 52
96 17 9 6941 77
20 19 18 7096 9
32 19 13 6978 96
93 16 3 6987 75
43 17 9 7018 25
11 19 12 7178 52
24 16 12 7230 79
42 14 18 7105 94
66 14 12 7309 30
22 18 7 7114 6
43 18 13 7074 44
83 18 2 7177 77
42 15 19 7199 28
3 12 7 7120 47
12 18 12 7339 82
97 15 14 7229 48
77 18 18 7199 25
5 16 14 7277 6
74 17 7 7167 28
5 17 10 7283 18
60 19 17 7154 73
12 19 10 7421 93
22 19 19 7227 10
3 13 5 7269 68
44 16 4 7197 86
42 16 14 7283 26
5 18 12 7421 62
8 9 0 7261 61
71 19 8 7114 13
1 12 15 7197 14
57 18 8 7127 94
57 19 19 7237 79
83 19 16 7254 90
77 19 1 7224 99
3 14 10 7514 21
58 17 0 7322 83
92 14 1 7323 40
1 13 7 7211 28
74 18 6 7195 26
76 19 0 7405 65
81 19 14 7309 12
87 17 8 7229 11
1 14 17 7239 54
62 17 18 7224 20
4 13 2 7269 74
4 14 0 7470 17
48 13 19 7316 45
94 15 0 7487 52
51 19 10 7535 70
53 17 3 7062 86
39 17 17 7293 78
43 19 10 7605 62
31 17 18 7244 93
84 13 13 7118 53
85 18 6 7221 98
27 16 1 7363 28
88 19 2 7343 14
44 17 17 7371 74
30 17 8 7240 89
39 18 19 7371 19
85 19 9 7319 70
31 18 15 7337 62
42 17 12 7483 67
73 19 19 7390 78
31 19 2 7399 68
23 18 3 7148 31
74 19 15 7399 60
62 18 19 7468 11
42 18 1 7550 52
90 17 5 7337 28
15 19 6 7319 1
58 18 19 7479 27
19 19 6 7320 80
91 18 10 7667 42
39 19 13 7390 35
75 17 12 7550 12
1 15 12 7562 55
30 18 1 7602 49
48 14 1 7651 95
44 18 16 7445 79
66 15 13 7425 55
23 19 18 7337 69
92 15 17 7445 42
53 18 4 7283 44
3 15 15 7535 8
96 18 16 7524 8
44 19 3 7524 57
64 19 17 7487 64
61 19 12 7617 36
46 17 0 7539 69
90 18 19 7506 97
94 16 2 7539 65
42 19 6 7602 95
8 10 5 7365 92
75 18 4 7562 26
1 16 8 7617 91
30 19 4 7651 27
46 18 17 7608 87
58 19 8 7708 84
99 19 10 7709 96
48 15 11 7746 12
27 17 11 7758 94
90 19 10 7805 98
94 17 8 7792 99
8 11 10 7903 58
75 19 18 7588 51
87 18 17 7695 25
48 16 7 7758 32
87 19 6 7720 9
82 17 2 7604 48
91 19 14 7709 10
4 15 11 7852 53
46 19 16 7695 58
94 18 19 7891 21
53 19 19 7912 76
84 14 18 7639 2
38 19 14 7719 82
96 19 12 7653 25
94 19 15 7912 51
4 16 7 7905 81
24 17 9 7389 95
27 18 13 7852 80
92 16 2 7652 1
84 15 6 7729 88
3 16 4 7678 8
84 16 5 7817 38
24 18 4 7686 59
62 19 4 7745 23
92 17 4 7768 51
8 12 15 7963 13
66 16 3 7581 44
1 17 2 7708 3
8 13 19 7988 2
93 17 7 7986 6
5 19 6 7817 86
4 17 3 7986 85
92 18 19 7990 95
82 18 13 7932 18
84 17 10 7961 7
8 14 2 7990 3
93 18 0 7992 14
3 17 11 7905 51
82 19 4 7950 82
84 18 17 7968 43
97 16 17 8011 39
24 19 8 7891 24
97 17 12 8050 69
93 19 10 8006 61
92 19 13 8085 28
8 15 1 7993 74
4 18 16 8071 55
66 17 4 8032 32
1 18 11 7956 28
8 16 6 8067 43
4 19 1 8126 57
27 19 5 7932 32
66 18 11 8064 71
48 17 0 8006 52
3 18 3 8071 21
84 19 3 8092 34
97 18 0 8119 15
48 18 16 8126 28
97 19 10 8134 70
1 19 19 8085 93
66 19 19 8178 10
8 17 16 8154 34
48 19 13 8154 75
3 19 18 8092 71
8 18 18 8188 6
8 19 11 8194 1
