5 0 19 0 64
10 0 10 0 65
43 0 4 0 33
78 0 12 0 4
54 0 11 0 5
16 0 10 65 82
0 0 14 0 57
14 0 3 0 30
98 0 10 147 44
37 0 7 0 44
96 0 7 44 68
97 0 17 0 97
30 0 0 0 16
35 0 19 64 78
48 0 2 0 65
27 0 6 0 89
5 1 8 64 65
7 0 6 89 6
21 0 0 16 57
30 1 16 16 64
99 0 13 0 43
3 0 12 4 30
83 0 9 0 88
97 1 2 97 46
0 1 0 73 18
7 1 19 142 3
31 0 13 43 51
25 0 15 0 63
45 0 15 63 67
73 0 5 0 91
91 0 13 94 21
9 0 13 115 1
75 0 0 91 13
91 1 12 115 93
81 0 10 191 41
73 1 1 91 56
88 0 3 30 10
26 0 15 130 29
5 2 1 147 34
85 0 9 88 73
8 0 14 57 89
25 1 3 63 55
94 0 17 97 97
7 2 12 208 21
18 0 19 145 68
80 0 4 33 80
24 0 10 232 56
31 1 15 159 33
35 1 13 142 41
10 1 5 91 71
18 1 9 213 23
42 0 13 183 25
9 1 5 162 67
97 2 8 143 49
9 2 16 229 70
46 0 5 229 29
31 2 1 192 14
99 1 15 192 65
38 0 9 236 63
87 0 17 194 95
87 1 4 289 26
83 1 4 315 31
78 1 13 208 97
88 1 17 289 96
68 0 2 143 6
43 1 16 299 14
87 2 18 315 84
54 1 18 399 42
59 0 3 118 89
66 0 1 206 51
27 1 11 89 18
4 0 16 313 70
11 0 7 112 23
7 3 11 229 1
26 1 19 213 90
79 0 9 299 90
57 0 9 389 40
12 0 19 303 55
19 0 2 149 43
62 0 14 146 51
29 0 2 192 4
68 1 14 197 11
65 0 1 257 76
68 2 5 258 50
89 0 7 135 17
66 1 19 358 89
92 0 16 383 17
86 0 18 441 62
61 0 17 385 91
34 0 4 346 92
62 1 16 400 18
52 0 10 288 76
43 2 3 313 95
83 2 19 447 27
80 1 9 429 88
96 1 16 418 30
2 0 10 364 25
65 1 15 333 25
94 1 14 208 84
54 2 19 474 3
59 1 6 207 23
54 3 17 477 15
12 1 5 358 49
47 0 3 408 69
42 1 12 229 49
26 2 8 303 83
17 0 2 196 12
12 2 3 477 22
15 0 5 407 38
46 1 4 438 62
0 2 15 358 44
51 0 5 445 21
84 0 12 278 10
99 2 4 500 68
6 0 17 492 91
28 0 1 333 73
89 1 13 305 98
42 2 0 278 51
93 0 12 288 67
56 0 5 466 90
29 1 19 477 60
93 1 8 386 62
56 1 17 583 99
29 2 11 537 5
16 1 4 568 99
52 1 15 402 8
57 1 7 429 19
29 3 0 542 19
88 2 5 556 66
3 1 9 517 50
65 2 18 503 40
36 0 19 537 72
22 0 16 448 96
25 2 5 622 49
33 0 17 682 84
75 1 5 671 93
6 1 2 583 65
47 1 14 477 66
17 1 8 448 60
8 1 16 544 99
48 1 17 766 78
18 2 3 499 6
39 0 6 230 42
23 0 2 648 89
69 0 6 272 62
98 1 8 508 91
10 2 1 406 34
63 0 2 737 67
58 0 1 440 47
6 2 14 648 22
6 3 10 670 4
30 2 1 487 20
8 2 6 643 84
1 0 2 804 56
30 3 18 543 58
5 3 13 403 73
44 0 4 667 73
24 1 9 567 14
89 2 10 674 75
26 3 4 740 33
23 1 12 737 76
28 1 0 561 19
27 2 13 476 73
1 1 13 860 91
32 0 9 581 67
91 2 3 505 18
81 1 8 599 94
87 3 1 507 96
57 2 13 951 3
41 0 3 523 13
89 3 17 844 57
5 4 17 901 32
62 2 19 609 9
48 2 7 844 26
64 0 14 670 52
10 3 2 860 6
58 1 0 580 4
81 2 14 722 9
77 0 8 693 82
99 3 12 813 61
98 2 19 618 2
72 0 19 620 68
35 2 9 648 17
73 2 9 665 97
91 3 14 731 34
70 0 18 601 43
12 3 0 584 21
98 3 2 866 94
11 1 5 764 43
33 1 7 870 67
61 1 4 773 61
36 1 7 937 64
15 1 17 933 93
17 2 7 1001 27
96 2 5 807 86
58 2 5 893 35
39 1 8 775 91
50 0 2 960 49
6 4 0 674 72
42 3 5 928 36
52 2 9 762 68
6 5 19 746 50
56 2 14 765 19
76 0 1 603 47
58 3 19 928 15
92 1 18 644 78
19 1 14 784 17
33 2 16 937 30
97 3 4 834 77
33 3 8 967 69
56 3 10 784 74
36 2 9 1001 68
76 1 12 874 35
90 0 1 650 6
36 3 17 1069 46
74 0 6 727 99
41 1 12 909 76
76 2 7 1028 25
71 0 0 746 31
87 4 7 1053 91
77 1 13 954 84
47 2 5 964 86
8 3 0 777 69
77 2 3 1038 25
3 2 18 722 13
60 0 10 858 30
39 2 18 866 11
58 4 10 943 32
46 2 15 500 23
17 3 11 1028 74
64 1 1 722 4
33 4 18 1036 6
15 2 2 1026 50
32 1 12 985 98
57 3 16 967 44
23 2 14 813 15
13 0 19 943 42
70 1 5 1050 33
35 3 0 846 86
79 1 16 1011 21
83 3 12 1083 88
77 3 10 1063 16
9 3 4 911 74
49 0 18 1042 78
21 1 3 1063 23
2 1 6 826 61
41 2 4 985 20
52 3 14 830 13
3 3 4 1005 77
81 3 9 1069 95
46 3 9 1164 60
91 4 5 1083 82
63 1 8 1036 16
95 0 14 843 20
11 2 17 1115 28
95 1 18 1120 85
93 2 4 1082 71
84 1 0 932 83
44 1 15 740 66
94 2 6 887 87
97 4 19 985 27
65 3 8 1052 15
52 4 11 1102 98
65 4 16 1067 83
82 0 2 1076 47
66 2 5 1165 99
25 3 6 974 52
9 4 6 1026 52
84 2 10 1079 87
25 4 18 1205 66
26 4 11 1200 91
77 4 6 1079 91
99 4 1 874 69
98 4 11 1291 81
57 4 3 1086 30
20 0 4 1153 25
4 1 2 1123 93
42 4 8 1067 50
73 3 0 1015 46
94 3 8 1117 95
8 4 19 1012 35
8 5 5 1264 22
20 1 9 1224 57
64 2 12 1171 6
6 6 7 1144 85
67 0 4 1178 81
22 1 8 1212 25
42 5 18 1271 15
80 2 16 1150 57
68 3 11 1372 84
99 5 17 1143 26
14 1 0 1061 26
63 2 19 1052 5
81 4 2 1216 77
29 4 18 1286 49
75 2 4 1259 59
93 3 6 1170 12
92 2 11 1456 56
89 4 14 901 1
82 1 14 1123 18
83 4 18 1335 48
66 3 4 1318 54
71 1 1 943 23
9 5 19 1078 35
54 4 14 1141 74
50 1 5 1286 37
36 4 13 1115 29
50 2 8 1323 37
28 2 16 1207 97
15 3 10 1166 69
82 2 1 1141 93
31 3 5 1323 63
33 5 9 1281 87
28 3 12 1304 50
93 4 0 1182 23
85 1 6 1182 77
89 5 0 1205 61
96 3 13 1144 54
25 5 9 1368 27
90 1 5 1386 92
18 3 16 1304 20
90 2 0 1478 9
94 4 11 1512 26
14 2 8 1360 35
83 5 6 1383 27
69 1 14 1215 97
3 4 19 1113 10
8 6 9 1395 42
12 4 8 1395 57
93 5 15 1205 81
27 3 5 1478 45
90 3 13 1487 60
87 5 16 1324 63
33 6 5 1523 58
41 3 8 1452 67
84 3 19 1166 46
14 3 14 1395 40
14 4 5 1581 34
38 1 7 1229 48
81 5 3 1293 87
37 1 0 1487 53
18 4 10 1324 74
88 3 9 1437 79
79 2 8 1519 81
74 1 1 1234 46
49 1 7 1277 84
61 2 16 1387 44
73 4 16 1431 18
71 2 3 1380 36
22 2 2 1293 83
19 2 15 1286 26
42 6 7 1361 66
15 4 6 1410 78
14 5 16 1615 1
32 2 10 1398 57
56 4 8 1600 15
67 1 15 1312 87
35 4 14 1435 83
37 2 17 1540 86
55 0 18 1383 26
92 3 4 1512 76
19 3 8 1615 5
44 2 16 1616 67
39 3 7 1427 37
13 1 4 1588 8
84 4 14 1518 31
93 6 19 1286 65
63 3 5 1615 30
95 2 13 1547 48
59 2 1 1280 9
45 1 5 1645 28
37 3 13 1626 67
51 1 14 1549 73
97 5 0 1540 96
61 3 7 1464 11
79 3 1 1600 42
68 4 12 1456 62
43 3 19 1351 48
4 2 8 1620 72
67 2 17 1626 28
90 4 4 1596 24
67 3 6 1654 15
95 3 7 1595 70
28 4 7 1665 74
53 0 13 1693 1
6 7 3 1416 4
84 5 17 1654 79
53 1 14 1694 99
39 4 16 1683 97
42 7 1 1642 17
64 3 2 1376 27
96 4 18 1409 80
21 2 13 1694 99
33 7 1 1659 37
27 4 18 1523 37
21 3 11 1793 45
85 2 0 1636 94
49 2 14 1793 81
59 3 7 1739 7
6 8 18 1560 7
6 9 8 1692 58
85 3 12 1730 16
90 5 6 1669 20
90 6 3 1689 78
79 4 12 1746 63
57 5 19 1399 84
84 6 18 1733 28
97 6 14 1874 82
83 6 14 1956 5
11 3 10 1455 78
70 2 0 1730 24
16 2 15 1399 98
81 6 4 1620 90
60 1 1 1696 68
73 5 10 1533 64
11 4 3 1767 77
86 1 5 1673 93
39 5 1 1780 40
35 5 8 1750 71
81 7 0 1754 86
22 3 4 1710 41
40 0 19 1483 3
31 4 14 1961 46
53 2 9 1793 64
49 3 2 1874 62
40 1 3 1844 22
35 6 12 1821 54
73 6 7 1746 94
24 2 16 1780 80
12 5 7 1840 25
61 4 10 1597 21
54 5 9 1857 45
5 5 3 1866 17
35 7 10 1875 80
78 2 15 1497 59
61 5 14 2007 14
22 4 17 1751 76
41 4 10 1955 6
17 4 0 1840 60
37 4 12 1875 4
16 3 13 1793 50
32 3 5 1766 74
16 4 9 1902 49
74 2 19 1486 22
22 5 18 1827 45
12 6 2 1936 2
21 4 5 1840 47
23 3 18 1872 68
32 4 16 1860 47
1 2 19 1508 62
96 5 19 1570 78
26 5 6 1689 45
57 6 14 2021 49
10 4 6 1734 88
91 5 19 1648 51
55 1 5 1887 94
96 6 11 1838 16
17 5 17 1900 8
52 5 8 1821 88
24 3 0 1900 11
1 3 11 1854 32
12 7 1 1938 87
17 6 4 1908 26
7 4 13 1843 60
27 5 3 1883 44
86 2 13 1903 38
43 4 7 1865 68
41 5 1 2025 19
57 7 6 2070 22
10 5 18 1940 96
91 6 16 1907 49
55 2 4 1981 33
95 4 4 2014 31
96 7 1 2044 89
95 5 15 2045 14
24 4 1 2133 50
95 6 3 2059 81
86 3 0 1941 65
1 4 16 1956 61
12 8 9 2025 74
7 5 10 1961 32
98 5 5 1981 51
27 6 0 2006 25
29 5 16 2017 26
63 4 12 1879 12
60 2 8 1909 69
51 2 18 2036 45
47 3 13 1941 43
28 5 4 2045 30
15 5 9 2099 62
13 2 16 2043 25
46 4 2 1938 68
47 4 15 2059 52
11 5 8 1978 55
43 5 1 2183 24
62 3 13 1984 6
68 5 7 1933 94
21 5 6 2092 59
70 3 15 2111 84
40 2 2 2006 12
66 4 15 2195 99
74 3 3 2140 25
13 3 17 2068 42
50 3 19 1699 95
84 7 3 2165 15
86 4 10 2006 81
3 5 14 2070 92
71 3 18 2081 37
34 1 3 2180 74
54 6 4 2075 34
45 2 16 2068 85
91 7 10 2087 70
34 2 18 2254 8
70 4 3 2254 29
2 2 2 2018 5
89 6 2 2023 72
88 4 19 1794 94
59 4 9 2161 8
88 5 18 2262 8
68 6 16 2153 2
10 6 9 2169 80
5 6 10 2157 31
64 4 0 2031 35
87 6 13 1990 48
85 4 3 2283 89
30 4 10 2188 99
41 6 16 2155 74
32 5 7 2027 12
38 2 8 2033 63
24 5 7 2183 51
68 7 9 2249 97
87 7 6 2151 39
1 5 4 2109 49
22 6 7 2234 23
22 7 15 2294 65
51 3 13 2081 22
31 5 10 2287 6
53 3 11 1886 51
60 3 18 2270 57
30 5 19 2287 4
58 5 2 2095 64
54 7 16 2229 49
86 5 8 2096 45
78 3 8 2141 96
48 3 0 2066 29
53 4 19 2291 77
10 7 11 2249 87
21 6 14 2162 53
69 2 8 2237 52
48 4 14 2215 76
23 4 11 2336 81
46 5 7 2257 20
30 6 3 2372 9
15 6 15 2359 70
18 5 17 2110 30
91 8 2 2159 51
51 4 15 2429 89
79 5 5 2032 98
47 5 0 2111 39
43 6 0 2207 87
75 3 2 2210 3
66 5 6 2294 76
79 6 15 2518 84
37 5 14 2291 14
80 3 12 1891 30
72 1 1 2207 14
59 5 14 2305 77
30 7 8 2381 59
76 3 17 2140 54
23 5 9 2417 81
48 5 8 2440 20
4 3 6 2370 17
46 6 19 2368 20
16 5 14 2382 22
54 8 8 2460 45
33 8 19 2388 87
14 6 19 2475 88
5 7 2 2213 80
30 8 9 2498 29
62 4 10 2293 53
48 6 1 2460 64
60 4 4 2327 82
82 3 0 2294 57
19 4 4 2409 22
34 3 12 2262 86
74 4 9 2527 12
88 6 0 2351 19
86 6 16 2278 56
72 2 3 2381 43
77 5 18 2327 78
56 5 6 2387 82
58 6 7 2277 75
69 3 5 2289 99
9 6 15 2602 83
76 4 10 2346 50
23 6 19 2563 55
3 6 3 2424 85
35 8 5 2388 68
79 7 18 2602 29
45 3 12 2348 58
1 6 6 2469 27
48 7 12 2524 33
63 5 3 2509 11
32 6 6 2496 92
96 8 4 2431 71
4 4 14 2404 2
17 7 13 2103 3
46 7 14 2406 32
8 7 18 2631 13
95 7 11 2417 21
83 7 3 2520 49
49 4 1 2524 42
39 6 5 2456 35
2 3 16 2334 73
78 4 10 2396 31
13 4 7 2352 39
70 5 4 2502 32
50 4 7 2391 91
16 6 1 2566 9
25 6 10 2427 66
60 5 6 2588 75
54 9 6 2663 54
33 9 13 2475 12
1 7 17 2496 94
96 9 8 2505 97
78 5 4 2534 72
14 7 4 2606 92
51 5 0 2518 4
68 8 13 2487 52
66 6 14 2438 11
5 8 9 2539 63
54 10 0 2717 86
43 7 11 2438 43
64 5 5 2491 46
11 6 14 2449 27
87 8 19 2618 28
85 5 4 2698 48
30 9 11 2527 26
39 7 14 2491 96
41 7 0 2803 1
22 8 14 2587 73
62 5 8 2602 72
32 7 19 2646 30
55 3 0 2804 20
48 8 18 2644 91
25 7 7 2493 1
95 8 19 2676 57
60 6 13 2663 10
21 7 1 2575 68
49 5 19 2733 11
60 7 12 2673 37
82 4 5 2537 74
19 5 10 2493 51
67 4 16 2407 43
1 8 5 2611 92
11 7 4 2746 80
0 3 16 2450 17
64 6 9 2602 82
2 4 7 2494 9
98 6 15 2685 88
36 5 5 2703 92
90 7 12 2710 46
34 4 9 2684 36
21 8 18 2735 68
0 4 6 2717 66
44 3 8 2674 67
44 4 9 2741 72
47 6 4 2826 27
31 6 6 2783 53
49 6 6 2836 65
12 9 15 2773 94
34 5 6 2901 78
15 7 0 2824 45
51 6 12 2756 4
90 8 7 2756 16
38 3 19 2744 43
87 9 5 2795 48
96 10 3 2602 80
0 5 19 2787 34
11 8 13 2826 42
74 5 17 2590 28
81 8 18 2803 21
52 6 7 2772 50
88 7 15 2867 9
67 5 5 2843 4
86 7 7 2822 69
89 7 16 2467 82
13 5 5 2847 12
76 5 16 2549 31
89 8 18 2824 60
2 5 3 2682 17
62 6 0 2869 48
96 11 9 2813 69
12 10 17 2867 7
92 4 8 2741 36
12 11 16 2874 85
69 4 11 2553 83
45 4 1 2643 51
91 9 0 2917 58
24 6 19 2821 83
62 7 11 2917 72
83 8 8 2777 8
2 6 13 2868 25
33 10 4 2853 90
78 6 1 2694 46
18 6 12 2760 14
14 8 2 2698 53
7 6 8 2785 31
74 6 10 2618 29
93 7 5 2859 40
13 6 2 2859 11
44 5 17 2874 63
92 5 17 2937 26
45 5 17 2963 41
36 6 2 2870 74
78 7 3 2740 47
0 6 4 2943 83
23 7 7 2891 56
55 4 14 2824 27
58 7 9 2882 63
11 9 6 2979 51
80 4 19 2904 94
24 7 13 2904 65
22 9 12 2774 35
38 4 12 2809 9
8 8 2 2944 5
38 5 3 2818 82
36 7 15 2944 68
22 10 6 3030 4
49 7 8 2901 83
74 7 2 2949 87
4 5 12 2818 87
9 7 1 2740 2
2 7 9 2945 99
75 4 3 2900 51
35 9 7 2947 16
8 9 3 2951 33
7 7 7 2963 43
34 6 11 2989 6
56 6 18 2884 55
82 5 19 2998 2
75 5 15 3012 74
63 6 11 2995 26
42 8 3 2984 43
98 7 9 3044 43
77 6 19 3000 78
72 3 15 3086 90
86 8 12 2905 77
77 7 5 3078 48
95 9 5 3126 98
37 6 1 2742 47
81 9 1 2824 13
13 7 15 3176 73
55 5 1 2851 83
62 8 4 3026 64
20 2 17 3004 51
58 8 8 2984 97
69 5 18 2939 53
1 9 8 3081 27
70 6 1 2934 30
92 6 3 3027 87
9 8 9 3087 57
44 6 5 3224 81
83 9 11 3021 67
72 4 8 3176 44
94 5 13 2969 14
97 7 9 3144 63
65 5 10 2647 39
1 10 10 3108 7
22 11 3 3114 47
51 7 7 3006 1
31 7 12 2982 27
20 3 11 3088 51
60 8 7 3007 35
30 10 2 3036 23
96 12 15 3249 38
94 6 19 3078 72
82 6 15 3287 58
86 9 14 2982 4
78 8 0 2975 56
84 8 5 3305 31
48 9 13 2983 47
87 10 14 2986 83
1 11 12 3115 99
10 8 8 3220 56
21 9 2 3059 55
69 6 2 3114 57
65 6 14 3069 66
48 10 10 3115 89
30 11 14 3135 10
15 8 11 3139 7
91 10 15 3345 57
51 8 8 3276 71
20 4 5 3336 22
5 9 12 3214 13
13 8 9 3249 25
15 9 3 3161 87
86 10 17 3055 8
98 8 4 3090 20
40 3 8 3347 63
99 6 18 2992 47
63 7 13 3030 74
16 7 2 3171 52
81 10 16 2959 60
27 7 16 3019 86
9 9 14 3145 24
99 7 3 3248 87
80 5 5 3358 95
83 10 13 3104 23
25 8 14 3169 83
41 8 9 3274 13
1 12 15 3402 26
4 6 0 3031 19
93 8 9 3287 59
93 9 1 3346 66
12 12 10 3204 46
38 6 1 3412 13
23 8 6 3034 78
94 7 12 3227 24
7 8 9 3346 85
97 8 18 3207 21
39 8 3 3335 95
0 7 13 3127 76
87 11 15 3428 74
36 8 3 3430 12
2 8 14 3252 22
99 8 2 3335 53
70 7 17 3063 42
55 6 12 3251 55
31 8 4 3110 99
40 4 5 3453 20
79 8 7 3042 54
40 5 7 3473 83
47 7 8 3410 63
78 9 9 3431 64
75 6 10 3250 84
5 10 7 3556 3
62 9 6 3112 49
10 9 12 3306 15
58 9 4 3209 51
77 8 4 3260 72
82 7 4 3345 69
66 7 8 3473 92
75 7 19 3334 83
80 6 15 3502 58
72 5 13 3220 21
73 7 11 3146 99
76 6 4 3414 72
14 9 11 3245 58
3 7 6 3161 84
35 10 16 3105 88
45 6 0 3050 64
85 6 19 3417 93
4 7 19 3510 44
31 9 0 3209 87
52 7 1 3425 17
64 7 7 3559 2
76 7 8 3565 84
50 5 15 3560 68
13 9 8 3649 63
14 10 12 3321 32
63 8 9 3495 36
81 11 17 3105 36
29 6 13 3241 18
75 8 11 3417 74
93 10 3 3442 78
92 7 14 3274 74
89 9 19 3554 87
82 8 7 3561 10
71 4 13 3259 80
54 11 2 3388 28
50 6 4 3628 8
36 9 1 3442 68
50 7 16 3636 18
28 6 18 3228 4
15 10 4 3636 77
82 9 12 3571 41
33 11 14 3348 38
28 7 9 3531 69
93 11 10 3520 21
89 10 3 3641 94
96 13 2 3416 77
25 9 13 3339 23
90 9 14 3386 52
18 7 13 3362 46
90 10 16 3654 78
94 8 7 3571 86
14 11 17 3353 70
69 7 4 3713 8
3 8 13 3408 98
8 10 17 3423 15
12 13 4 3721 75
93 12 2 3541 48
90 11 8 3732 30
87 12 10 3541 84
33 12 10 3625 47
84 9 16 3732 83
37 7 8 3762 19
18 8 2 3589 49
88 8 8 3781 8
74 8 12 3612 36
49 8 11 3491 75
61 6 19 3641 62
73 8 18 3245 81
71 5 8 3789 6
19 6 0 3296 9
42 9 4 3796 53
67 6 10 3672 67
55 7 19 3703 93
92 8 7 3657 35
19 7 12 3648 61
44 7 11 3566 84
13 10 1 3712 65
95 10 10 3739 9
59 6 10 3748 94
45 7 18 3326 40
97 9 13 3506 83
61 7 12 3709 16
68 9 18 3366 4
23 9 15 3628 46
28 8 15 3674 44
27 8 7 3692 66
1 13 1 3777 80
32 8 8 3795 45
91 11 8 3840 80
81 12 6 3245 22
87 13 11 3650 2
57 8 5 3473 15
41 9 17 3438 48
89 11 5 3735 49
5 11 5 3784 34
62 10 2 3638 57
64 8 17 3561 59
10 10 3 3735 62
58 10 18 3370 65
81 13 7 3758 71
77 9 14 3438 47
99 9 6 3388 81
98 9 0 3305 79
35 11 17 3620 40
73 9 4 3849 62
70 8 9 3600 79
98 10 12 3725 47
11 10 16 3815 54
33 13 15 3718 99
61 8 8 3920 36
36 10 14 3510 87
15 11 7 3829 87
17 8 19 3796 30
96 14 0 3493 3
58 11 14 3597 41
39 9 9 3679 26
50 8 13 3654 54
6 10 13 3708 96
42 10 16 3869 3
52 8 3 3797 73
6 11 15 3817 21
56 7 9 3705 91
76 8 6 3649 69
92 9 1 3857 39
19 8 1 3896 16
33 14 0 3817 8
97 10 5 3818 51
76 9 13 3804 90
41 10 14 3638 44
76 10 14 3894 55
71 6 17 3795 57
47 8 19 3826 5
8 11 8 3956 22
3 9 5 3869 25
60 9 0 3825 95
39 10 19 3831 80
17 9 12 3826 6
64 9 16 3872 71
15 12 8 3978 86
32 9 0 3920 39
57 9 11 3652 93
23 10 5 3894 92
70 9 7 3916 58
79 9 4 3911 91
83 11 5 3986 48
9 10 7 3974 58
21 10 19 3911 19
41 11 13 3894 12
3 10 1 3912 59
63 9 17 3852 23
95 11 2 3748 23
93 13 16 3943 69
84 10 6 3815 42
44 8 18 3650 7
94 9 4 4002 6
97 11 6 3869 77
65 7 7 4032 79
53 5 6 3946 12
16 8 3 3870 21
26 6 17 3875 71
43 8 5 4034 10
29 7 5 4044 96
66 8 12 3832 4
59 7 0 3959 82
43 9 6 4044 40
66 9 3 3891 25
34 7 14 3949 2
59 8 5 4140 32
53 6 4 4008 26
45 8 10 3842 54
88 9 13 3906 74
59 9 13 4172 93
85 7 17 3946 25
53 7 7 4111 27
53 8 5 4172 31
43 10 10 4084 32
75 9 17 3971 89
80 7 3 3916 89
59 10 19 4265 4
82 10 3 4005 80
9 11 11 4032 78
36 11 16 4012 80
33 15 2 3825 30
25 10 17 4060 49
90 12 11 4110 3
69 8 1 3971 69
12 14 18 3796 91
87 14 12 3836 76
84 11 7 4138 40
38 7 14 3951 48
81 14 15 3838 18
88 10 11 4113 1
74 9 0 4041 38
49 9 13 4265 12
56 8 0 4079 53
35 12 15 3856 88
13 11 18 3887 57
95 12 1 4040 16
98 11 1 4056 62
57 10 1 4118 8
20 5 8 4064 91
4 8 3 4085 38
42 11 11 4114 47
73 10 15 3944 56
94 10 16 4092 45
8 12 10 4116 16
8 13 1 4132 12
20 6 16 4155 32
64 10 10 4132 84
6 12 6 4084 62
67 7 7 4178 12
22 12 19 4269 60
42 12 10 4216 12
80 8 0 4132 47
68 10 19 4329 92
99 10 7 4190 59
14 12 9 3796 11
63 10 7 4249 50
81 15 12 3912 15
29 8 7 4299 37
75 10 13 4277 70
93 14 18 4012 4
92 10 13 4347 32
89 12 11 4161 64
82 11 13 4379 3
83 12 16 4187 24
66 10 18 4016 66
71 7 4 4034 86
9 12 8 4155 65
54 12 7 4336 6
50 9 6 4146 23
36 12 18 4092 81
50 10 12 4169 94
28 9 17 4109 98
15 13 1 4144 66
82 12 10 4382 72
31 10 8 4220 15
28 10 10 4454 19
93 15 13 4382 95
85 8 5 4203 76
89 13 4 4225 83
96 15 10 4473 30
25 11 1 4210 95
90 13 15 4113 63
18 9 15 4176 67
94 11 2 4137 29
14 13 15 4243 24
83 13 7 4342 89
69 9 15 4267 37
3 11 16 4211 69
12 15 12 4263 39
27 9 2 4166 19
87 15 0 4179 45
41 12 19 4421 46
84 12 8 4235 43
14 14 13 4477 64
38 8 18 4173 3
37 8 6 4169 50
18 10 6 4243 34
88 11 1 4305 30
79 10 3 4123 75
74 10 15 4304 42
49 10 10 4503 46
61 9 1 4335 51
73 11 3 4198 53
71 8 2 4185 52
19 9 5 4279 93
42 13 15 4346 74
32 10 13 4541 36
56 9 13 4577 8
67 8 18 4190 95
35 13 3 4251 11
37 9 18 4285 68
55 8 3 4262 41
92 11 10 4549 82
19 10 17 4372 76
44 9 0 4224 52
39 11 4 4308 61
13 12 6 4277 77
84 13 9 4278 60
95 13 0 4276 46
59 11 4 4369 73
45 9 19 4467 31
37 10 2 4353 65
51 9 6 4354 44
97 12 12 4302 80
61 10 15 4420 56
79 11 14 4198 90
68 11 3 4421 44
43 11 8 4278 43
4 9 11 4225 29
67 9 12 4382 4
67 10 19 4498 66
28 11 6 4473 2
53 9 12 4386 23
6 13 11 4254 15
84 14 2 4418 5
53 10 0 4409 90
39 12 11 4369 69
42 14 9 4420 8
64 11 4 4442 15
21 11 16 4280 76
27 10 17 4448 76
21 12 15 4476 30
85 9 10 4631 4
31 11 7 4431 77
25 12 4 4457 48
45 10 8 4498 47
73 12 14 4288 98
63 11 4 4505 13
38 9 11 4438 69
42 15 19 4564 65
63 12 6 4518 59
38 10 16 4507 47
98 12 17 4524 66
72 6 14 4386 28
86 11 15 4506 66
95 14 16 4554 44
56 10 1 4585 19
13 13 10 4635 49
20 7 1 4604 22
69 10 13 4585 72
1 14 0 4499 90
70 10 14 4414 46
44 10 14 4460 9
72 7 18 4414 97
51 10 1 4626 35
30 12 15 4572 15
78 10 7 4508 51
21 13 8 4545 87
91 12 6 4577 45
40 6 14 4469 56
0 8 1 4661 66
2 9 19 4629 24
44 11 6 4622 9
52 9 17 4590 18
66 11 13 4657 41
9 13 17 4608 44
26 7 3 4465 49
77 10 15 4587 60
4 10 7 4559 62
73 13 12 4409 32
8 14 12 4441 22
8 15 15 4647 26
67 11 9 4564 59
22 13 13 4698 74
80 9 1 4727 17
63 13 0 4589 37
29 9 4 4518 55
75 11 14 4525 45
83 14 15 4673 73
71 9 5 4372 1
28 12 19 4653 90
85 10 14 4635 70
3 12 17 4652 68
27 11 1 4744 31
41 13 18 4511 94
19 11 19 4743 34
44 12 10 4684 35
63 14 15 4746 79
59 12 12 4463 94
45 11 14 4705 16
37 11 3 4514 22
61 11 3 4536 77
79 12 2 4423 1
73 14 8 4632 51
94 12 15 4825 19
8 16 11 4673 52
20 8 19 4777 7
98 13 18 4605 41
11 11 0 4626 9
33 16 3 4613 48
61 12 13 4772 79
15 14 19 4784 35
17 10 3 4661 46
96 16 12 4557 61
58 12 17 4720 46
39 13 2 4438 16
50 11 18 4646 62
42 16 17 4766 29
52 10 18 4708 22
56 11 2 4604 9
97 13 7 4621 88
56 12 19 4819 60
90 14 17 4795 13
74 11 8 4683 35
41 14 15 4844 26
71 10 16 4598 95
47 9 16 4693 70
60 10 9 4623 86
39 14 17 4808 59
46 8 8 4718 50
17 11 15 4870 63
64 12 8 4768 40
15 15 16 4819 42
32 11 4 4577 12
57 11 18 4730 90
23 11 1 4775 15
70 11 16 4861 7
35 14 11 4725 9
79 13 13 4851 89
83 15 17 4867 76
9 14 2 4652 95
49 11 15 4933 46
21 14 4 4632 55
2 10 4 4687 92
41 15 11 4870 43
52 11 0 4730 63
81 16 5 4373 32
46 9 16 4868 9
91 13 17 4943 69
63 15 14 4825 68
95 15 6 4631 16
11 12 12 4635 85
95 16 8 4808 41
84 15 1 4790 62
94 13 18 4844 92
97 14 3 4709 7
65 8 12 4720 78
65 9 13 4940 30
82 13 6 4647 60
66 12 11 4913 92
25 13 11 5005 26
9 15 12 4798 5
26 8 12 4803 90
98 14 3 4716 24
57 12 4 4820 48
20 9 2 4784 99
4 11 10 4719 44
4 12 18 4936 18
46 10 11 5031 22
16 9 16 4877 38
54 13 15 4979 77
33 17 11 5053 30
14 15 7 4709 50
5 12 15 5056 2
30 13 17 5012 21
62 11 7 4759 42
48 11 6 4707 49
60 11 14 4893 25
82 14 9 4709 34
19 12 13 4970 5
34 8 10 4763 42
74 12 11 5083 30
88 12 12 4893 93
86 12 11 5113 16
72 8 11 5129 98
77 11 1 4852 36
56 13 4 4879 10
58 13 11 5227 64
69 11 9 4743 95
9 16 0 4803 47
76 11 18 4954 64
23 12 4 4889 5
3 13 10 4805 48
35 15 6 4756 54
79 14 10 4940 6
45 12 11 5291 43
1 15 3 4740 61
48 12 15 5058 50
63 16 16 4915 20
32 12 1 4888 86
96 17 14 4918 82
4 13 13 4975 52
17 12 16 4935 67
46 11 12 5053 56
95 17 17 5033 17
83 16 10 4946 87
49 12 3 4979 61
39 15 12 5109 65
2 11 8 4849 91
78 11 2 4883 77
13 14 0 4850 18
70 12 8 4940 89
50 12 17 5050 66
16 10 0 4915 50
25 14 16 5031 56
60 12 3 5040 62
54 14 12 5174 76
33 18 6 5083 7
1 16 7 4801 40
78 12 16 5087 73
14 16 1 4974 68
51 11 3 5102 99
68 12 8 5029 51
66 13 0 5005 36
5 13 4 5058 60
54 15 13 5250 59
43 12 17 5116 66
64 13 13 5309 77
11 13 18 5018 93
87 16 3 5201 98
85 11 7 4841 66
30 14 5 5033 19
39 16 15 5174 3
41 16 6 5090 37
22 14 10 5033 94
62 12 3 5299 80
32 13 14 5000 88
55 9 16 5160 62
48 13 4 5118 41
25 15 19 5087 20
60 13 11 5334 81
21 15 7 4907 77
49 13 0 5041 98
60 14 16 5415 75
82 15 8 5080 60
19 13 11 5415 30
67 12 14 5088 34
1 17 18 5111 74
11 14 2 5111 77
0 9 8 5140 20
64 14 11 5445 78
2 12 17 5182 19
98 15 7 4984 60
36 13 0 5139 44
90 15 9 4838 68
34 9 1 5042 14
21 16 12 5250 12
0 10 17 5201 94
44 13 2 5188 11
44 14 3 5379 37
47 10 7 5044 2
31 12 11 5523 66
49 14 12 5262 49
12 16 14 5122 21
34 10 7 5056 72
15 16 13 5386 82
51 12 2 5201 49
90 16 2 5250 73
38 11 13 5468 3
87 17 9 5299 70
0 11 5 5295 67
11 15 11 5589 31
74 13 18 5185 57
81 17 19 5107 14
52 12 5 5362 73
88 13 4 5159 91
67 13 13 5471 9
86 13 3 5416 6
89 14 9 5369 42
13 15 14 5143 1
76 12 5 5435 89
89 15 12 5411 63
2 13 11 5620 20
62 13 18 5379 92
92 12 0 5183 84
69 12 3 5422 61
45 13 13 5480 59
91 14 7 5128 50
24 8 14 5144 87
62 14 17 5471 9
83 17 0 5267 55
2 14 0 5640 34
78 13 19 5160 67
18 11 4 5250 47
14 17 6 5127 99
7 9 0 5674 59
74 14 7 5242 85
93 16 7 5327 68
13 16 12 5474 84
44 15 13 5539 55
92 13 12 5558 95
45 14 2 5539 67
36 14 10 5183 76
78 14 11 5640 81
0 12 10 5362 76
23 13 10 5438 12
55 10 11 5721 6
58 14 12 5653 21
11 16 19 5620 76
80 10 17 5480 24
24 9 2 5606 50
38 12 4 5471 56
38 13 5 5527 32
36 15 8 5259 9
49 15 4 5527 35
74 15 14 5327 97
4 14 5 5559 63
9 17 10 5450 69
2 15 1 5674 82
75 12 16 5490 59
35 16 4 5562 3
7 10 4 5733 48
34 11 17 5504 94
56 14 7 5395 5
82 16 17 5598 34
75 13 6 5549 54
98 16 13 5594 12
77 12 11 5727 27
72 9 2 5656 48
86 14 6 5603 76
77 13 0 5754 42
37 12 9 5411 97
81 18 13 5606 11
13 17 3 5558 58
55 11 7 5727 33
62 15 15 5480 6
20 10 18 5471 61
58 15 6 5679 50
69 13 16 5549 76
70 13 6 5729 71
92 14 2 5704 41
44 16 12 5674 96
83 18 1 5756 17
72 10 12 5770 95
94 14 3 5616 80
97 15 16 5625 97
65 10 2 5745 18
51 13 10 5519 19
31 13 2 5763 3
20 11 15 5532 7
60 15 19 5696 59
30 15 7 5760 98
94 15 1 5773 11
86 15 2 5766 79
78 15 14 5721 2
48 14 3 5696 61
87 18 8 5369 88
10 11 17 5632 75
21 17 10 5538 40
69 14 19 5755 72
65 11 5 5763 29
48 15 5 5792 22
30 16 6 5858 77
15 17 18 5532 55
91 15 1 5784 94
51 14 9 5538 25
20 12 7 5858 67
5 14 14 5723 6
13 18 11 5754 67
98 17 6 5935 3
40 7 17 5707 76
99 11 16 5722 81
16 11 19 5827 74
27 12 15 5539 44
99 12 11 5821 80
80 11 10 5578 98
25 16 0 5796 7
41 17 7 5925 73
4 15 15 5622 41
38 14 17 5783 41
23 14 16 5803 49
94 16 0 5803 52
7 11 1 5878 11
97 16 11 5901 73
0 13 12 5865 1
36 16 6 5938 26
2 16 18 5756 91
99 13 5 5901 63
70 14 11 5974 91
55 12 17 5824 47
31 14 19 5901 51
40 8 0 5855 47
79 15 0 5902 42
40 9 1 5902 9
47 11 6 5964 10
78 16 5 5964 78
75 14 8 5603 1
5 15 6 5974 93
62 16 9 5563 84
10 12 13 5707 61
58 16 16 5852 3
77 14 7 5998 34
66 14 2 5845 55
75 15 18 5847 60
80 12 18 5907 62
72 11 17 5871 84
73 15 19 5952 24
76 13 15 5663 10
14 18 18 5969 38
3 14 2 5900 79
35 17 18 6007 24
45 15 9 5647 33
85 12 1 5911 31
4 16 17 5955 99
31 15 17 6054 3
52 13 4 5781 56
64 15 18 6031 2
76 14 0 5944 51
50 13 14 5729 3
29 10 8 5604 83
75 16 9 5907 78
92 15 6 6067 43
91 16 4 5878 10
63 17 10 5676 66
95 18 12 5866 80
11 17 15 5696 43
95 19 9 5985 13
93 17 17 6057 36
84 16 4 5888 48
44 17 7 6032 84
94 17 9 5998 77
97 17 1 5974 58
65 12 9 6075 56
52 14 16 5855 61
65 13 19 6131 27
82 17 16 5916 32
66 15 16 5948 32
25 17 12 5946 6
9 18 3 5757 66
84 17 13 5936 28
25 18 2 5979 43
26 9 7 6116 72
77 15 17 6093 35
99 14 14 5964 31
98 18 14 5995 77
57 13 12 5952 87
20 13 12 6039 87
4 17 4 6054 68
42 17 14 6072 8
73 16 2 6022 26
94 18 10 6075 89
8 17 7 6188 11
8 18 13 6199 39
20 14 14 6126 95
64 16 15 6033 62
6 14 4 6122 79
67 14 0 5995 25
22 15 1 6032 51
42 18 2 6080 18
80 13 6 6110 91
68 13 6 6201 23
99 15 0 6020 21
14 19 10 6164 11
63 18 1 6083 87
81 19 11 6065 54
29 11 1 6170 72
75 17 7 6199 59
93 18 11 6119 19
92 16 9 6131 50
89 16 15 6095 29
82 18 11 6138 33
83 19 2 6098 63
66 16 10 6175 47
71 11 6 6224 68
9 19 18 6033 38
54 16 5 6042 63
50 14 0 6041 21
36 17 11 6171 31
50 15 10 6222 62
28 13 11 6202 34
15 18 14 6221 28
82 19 18 6171 89
31 16 9 6181 9
28 14 3 6236 46
93 19 14 6249 51
85 13 13 6238 63
89 17 6 6292 67
96 18 6 6359 88
25 19 8 6022 52
90 17 10 6284 55
18 12 8 6074 83
90 18 18 6339 94
94 19 5 6164 75
69 15 12 6126 54
3 15 0 6062 90
8 19 4 6238 39
12 17 6 6447 17
27 13 8 6157 12
87 19 2 6161 68
41 18 2 6229 48
84 18 15 6124 13
38 15 0 6152 10
37 13 5 6239 11
18 13 18 6433 45
88 14 2 6277 11
79 16 11 6236 2
74 16 13 6301 2
49 16 17 6128 39
61 13 11 6238 53
73 17 6 6464 81
71 12 7 6292 87
22 16 0 6162 50
19 14 7 6379 81
42 19 6 6545 36
15 19 12 6249 23
32 14 17 6167 15
56 15 11 6291 37
67 15 3 6282 2
35 18 2 6288 81
37 14 10 6339 34
55 13 13 6303 84
92 17 15 6181 41
19 15 16 6460 36
44 18 19 6158 97
39 17 0 6212 5
13 19 13 6387 8
84 19 11 6328 74
63 19 18 6478 52
59 13 17 6182 66
45 16 4 6277 15
37 15 15 6373 75
51 15 19 6255 77
97 18 15 6448 36
61 14 0 6291 37
79 17 17 6248 12
68 14 4 6292 80
43 13 9 6190 42
4 18 1 6242 42
67 16 8 6284 6
67 17 2 6369 87
28 15 8 6290 76
53 11 18 6530 65
6 15 9 6232 36
53 12 17 6595 16
39 18 10 6373 85
64 17 6 6581 72
21 18 9 6268 30
27 14 4 6372 54
85 14 2 6456 70
59 14 8 6366 82
6 16 5 6268 58
6 17 16 6496 43
85 15 18 6595 91
57 14 8 6448 34
97 19 10 6484 2
70 15 2 6526 9
16 12 11 6402 58
60 16 2 6535 96
73 18 17 6611 24
86 16 1 6284 24
39 19 13 6458 48
35 19 1 6369 18
40 10 13 6506 42
31 17 16 6539 34
53 13 8 6611 91
89 18 8 6702 99
71 13 19 6379 18
54 17 1 6387 21
50 16 11 6460 72
36 18 4 6426 37
50 17 3 6532 28
28 16 14 6366 81
20 15 13 6548 79
64 18 19 6653 79
67 18 11 6532 85
22 17 11 6617 82
80 14 2 6631 49
68 15 10 6486 35
29 12 14 6447 76
66 17 7 6460 1
54 18 10 6521 50
28 17 5 6447 76
31 18 3 6573 77
85 16 8 6801 39
96 19 17 6635 85
90 19 19 6732 65
18 14 5 6523 43
69 16 7 6461 15
12 18 11 6699 66
27 15 19 6797 73
41 19 5 6566 29
38 16 2 6680 48
37 16 19 6870 11
88 15 10 6571 57
79 18 19 6881 33
49 17 5 6595 27
61 15 6 6653 48
22 18 9 6699 84
32 15 2 6728 89
56 16 16 6573 95
67 19 1 6617 35
37 17 11 6881 14
55 14 8 6840 25
59 15 16 6668 28
88 16 16 6696 76
26 10 16 6772 79
5 16 16 6851 39
85 17 11 6895 67
7 12 3 6650 70
24 10 3 6720 78
31 19 18 6686 54
10 13 7 6476 3
46 12 0 6328 94
88 17 6 6772 75
68 16 17 6720 16
43 14 13 6627 29
54 19 3 6798 93
59 16 2 6817 38
66 18 17 6736 45
27 16 9 6870 42
11 18 1 6652 29
7 13 15 6720 21
26 11 10 6851 56
79 19 6 6914 66
57 15 0 6482 42
12 19 13 6765 83
30 17 13 6848 80
32 16 11 6962 96
24 11 6 6980 6
68 17 15 6741 46
1 18 14 6523 18
22 19 5 6783 11
51 16 11 7058 14
48 16 9 6912 99
1 19 9 7011 38
10 14 14 6541 56
21 19 17 6781 76
69 17 0 6524 91
65 14 0 6615 44
48 17 19 7011 32
30 18 4 6928 76
91 17 11 7072 2
51 17 4 7072 90
20 16 10 6907 19
5 17 11 7074 31
98 19 16 6890 81
40 11 15 6787 35
99 16 8 6865 46
16 13 7 6479 44
27 17 14 6912 1
99 17 9 7049 3
80 15 11 7105 65
4 19 9 7052 1
38 17 15 6822 16
23 15 8 6911 60
7 14 16 6971 88
0 14 11 7170 84
36 19 12 6463 82
86 17 19 7043 96
72 12 16 7059 70
77 16 2 6855 85
56 17 3 6891 19
58 17 3 6910 40
69 18 17 6857 50
76 15 11 7254 81
23 16 13 6971 94
3 16 7 6523 41
45 17 3 6950 91
48 18 16 7129 12
32 17 18 7058 69
17 13 5 6794 17
46 13 17 6907 27
49 18 9 7053 23
2 17 5 6811 38
46 14 6 6986 41
99 18 10 7052 82
38 18 6 7027 98
78 17 6 7125 22
88 18 14 6913 87
68 18 1 6787 5
29 13 15 6838 38
75 18 12 6545 46
92 18 19 7139 46
89 19 1 6801 76
66 19 9 7076 91
71 14 9 7167 56
50 18 9 7223 91
50 19 1 7314 83
28 18 13 7065 40
33 19 12 6591 98
28 19 2 7105 50
85 18 15 6962 3
18 15 0 6659 75
69 19 10 7134 36
3 17 15 6965 60
27 18 10 7170 91
38 19 10 7261 59
37 18 4 7162 78
18 16 7 6734 41
88 19 7 7000 40
74 17 16 7141 49
49 19 16 7190 56
61 16 2 7155 28
73 19 13 7105 26
71 15 15 7223 28
19 16 6 7147 13
32 18 3 7127 43
56 18 12 6910 63
37 19 16 7246 80
55 15 2 7183 5
92 19 5 7185 53
19 17 9 7314 23
44 19 1 7397 32
59 17 18 7127 44
45 18 7 7041 9
51 18 16 7326 19
61 17 18 7183 61
68 19 0 6792 67
43 15 12 6973 20
53 14 2 7188 47
6 18 12 6993 21
53 15 1 7429 35
64 19 3 7170 71
27 19 12 7261 31
85 19 16 7345 5
59 18 11 7335 26
6 19 1 7464 45
57 16 2 7235 78
11 19 9 7337 8
70 16 12 7292 70
16 14 8 6971 5
60 17 5 7238 84
86 18 4 7240 80
40 12 12 7362 23
53 16 16 7464 39
40 13 4 7385 11
24 12 12 7385 18
61 18 9 7345 52
5 18 0 7105 58
78 18 18 7244 48
61 19 5 7397 72
17 14 10 7320 75
16 15 18 7292 53
32 19 15 7251 72
16 16 17 7345 61
74 18 5 7469 83
23 17 17 7406 12
26 12 13 7131 65
57 17 10 7395 76
10 15 15 7323 67
91 18 18 7345 71
55 16 9 7397 8
17 15 18 7416 57
52 15 19 7185 25
24 13 15 7403 40
17 16 9 7473 51
7 15 18 7473 92
86 19 9 7524 38
43 16 2 7313 28
57 18 15 7471 82
10 16 4 7396 6
91 19 9 7562 40
55 17 10 7471 14
24 14 4 7443 43
7 16 5 7565 90
29 14 6 7160 95
60 18 15 7553 81
51 19 17 7418 85
47 12 17 7503 2
46 15 13 7196 77
47 13 12 7505 13
43 17 18 7565 39
62 17 12 7518 58
70 17 19 7362 40
40 14 9 7602 20
74 19 4 7552 28
3 18 8 7025 58
71 16 12 7576 66
34 12 8 7083 83
45 19 6 7255 52
34 13 5 7655 4
70 18 13 7402 33
2 18 15 7634 87
59 19 15 7721 5
10 17 19 7402 37
5 19 18 7604 6
30 19 12 7642 25
24 15 8 7486 87
77 17 9 7622 33
72 13 9 7655 38
77 18 16 7655 70
55 18 15 7726 26
62 18 1 7576 50
20 17 6 7307 37
58 18 15 7752 35
70 19 10 7485 22
72 14 4 7693 92
65 15 11 7361 78
20 18 3 7344 92
60 19 17 7634 99
78 19 17 7733 9
48 19 11 7439 43
10 18 0 7439 34
65 16 6 7439 1
20 19 0 7473 23
40 15 10 7622 28
99 19 19 7439 64
16 17 6 7440 21
80 16 7 7170 34
23 18 3 7436 33
7 17 2 7655 4
0 15 18 7610 31
2 19 12 7721 13
55 19 6 7752 96
40 16 18 7650 51
40 17 11 7701 78
47 14 1 7626 44
75 19 1 7670 91
62 19 5 7659 79
10 19 16 7725 4
58 19 13 7787 65
77 19 12 7734 57
80 17 8 7573 91
72 15 10 7785 56
76 16 3 7469 58
3 19 11 7779 73
52 16 2 7659 71
76 17 2 7730 47
29 15 10 7841 98
71 17 10 7939 88
18 17 1 7761 81
18 18 11 7852 80
71 18 11 8027 45
19 18 18 7701 76
19 19 3 7777 31
23 19 0 7496 47
57 19 17 7742 7
17 17 6 7848 52
52 17 12 7791 15
56 19 15 7787 57
76 18 9 7777 36
76 19 19 7813 13
71 19 14 8072 20
47 15 10 8027 92
17 18 14 8092 13
65 17 4 7785 69
53 17 3 7808 9
16 18 5 7738 89
26 13 1 7842 11
43 18 15 7844 77
29 16 3 7939 65
43 19 14 8105 41
34 14 16 7729 50
53 18 10 8119 64
53 19 15 8183 91
80 18 13 7852 94
80 19 14 8146 13
29 17 17 8004 74
18 19 14 8159 55
72 16 5 7841 55
72 17 6 7900 53
40 18 16 7779 35
0 16 9 7813 78
52 18 13 7946 50
26 14 2 7853 74
29 18 9 8078 80
17 19 1 8105 87
52 19 6 7996 23
47 16 11 8119 71
46 16 3 8004 19
46 17 18 8023 54
65 18 3 8023 34
65 19 17 8078 18
26 15 18 8077 36
46 18 1 8192 87
16 19 12 7827 62
34 15 0 7779 90
72 18 0 7953 15
46 19 10 8279 96
0 17 3 8057 16
34 16 19 7869 80
0 18 7 8073 15
47 17 2 8190 14
34 17 15 8274 27
0 19 2 8204 91
24 16 17 8096 74
7 18 14 8214 49
24 17 18 8170 76
7 19 17 8263 42
34 18 13 8301 45
72 19 7 8088 21
40 19 6 8019 57
47 18 9 8204 4
29 19 12 8158 97
26 16 5 8113 76
24 18 5 8246 73
26 17 14 8263 1
24 19 11 8319 51
26 18 0 8264 2
34 19 2 8346 71
26 19 9 8266 74
47 19 18 8246 35
