80 0 2 0 23
50 0 10 0 36
78 0 7 0 87
30 0 3 0 90
58 0 11 0 79
58 1 15 79 6
82 0 8 0 9
97 0 13 0 85
79 0 17 0 55
36 0 13 85 45
72 0 17 55 36
62 0 9 0 43
58 2 19 85 41
66 0 16 0 7
39 0 2 23 35
66 1 2 58 43
90 0 6 0 99
43 0 18 0 33
34 0 12 0 50
53 0 18 33 77
78 1 2 101 75
47 0 3 90 65
81 0 0 0 84
16 0 0 84 94
17 0 16 7 53
35 0 12 50 18
50 1 9 43 29
82 1 11 79 20
36 1 3 155 13
94 0 17 91 71
27 0 17 162 70
45 0 12 68 7
12 0 18 110 73
44 0 10 36 72
74 0 14 0 69
10 0 6 99 63
4 0 13 130 91
70 0 13 221 35
62 1 1 43 16
53 1 6 162 48
21 0 4 0 19
99 0 9 72 97
45 1 5 75 18
38 0 19 126 87
8 0 12 75 44
76 0 3 168 77
29 0 7 87 91
5 0 11 99 67
50 2 12 119 35
49 0 17 232 93
94 1 4 162 20
55 0 14 69 30
8 1 3 245 43
88 0 16 60 57
93 0 19 213 40
29 1 12 178 28
31 0 16 117 9
13 0 9 169 11
6 0 19 253 84
66 2 8 101 70
23 0 3 288 89
1 0 12 206 71
74 1 6 210 93
52 0 2 176 91
73 0 19 337 21
57 0 13 256 96
47 1 1 155 24
87 0 2 267 54
87 1 17 325 53
77 0 9 180 85
57 1 14 352 27
37 0 10 108 52
18 0 8 171 26
73 1 6 358 97
31 1 18 183 44
36 2 11 168 26
55 1 8 197 90
15 0 7 178 47
43 1 4 182 79
91 0 8 287 53
17 1 9 265 33
12 1 1 183 84
62 2 10 160 1
36 3 16 194 14
44 1 13 352 36
79 1 13 388 74
22 0 13 462 36
69 0 12 277 56
86 0 7 225 46
21 1 10 161 34
39 1 15 85 34
87 2 9 378 4
4 1 0 221 90
25 0 12 333 19
25 1 19 358 64
77 1 19 422 40
1 1 3 377 86
64 0 10 195 88
92 0 19 462 38
19 0 12 352 12
23 1 16 377 93
90 1 15 119 28
10 1 8 340 59
14 0 3 463 51
25 2 18 422 27
82 2 0 311 60
7 0 4 261 27
29 2 10 283 68
10 2 12 399 18
78 2 1 267 55
13 1 12 417 56
20 0 7 271 22
24 0 2 321 44
53 2 5 210 72
3 0 8 399 78
60 0 18 449 16
82 3 15 371 22
9 0 11 194 57
59 0 1 322 82
49 1 2 365 88
22 1 9 498 38
82 4 13 498 29
48 0 8 477 39
23 2 13 527 40
58 3 8 516 8
52 1 13 567 61
33 0 0 371 47
99 1 19 500 62
57 2 0 418 66
82 5 14 527 89
86 1 15 393 90
40 0 14 616 15
99 2 1 562 35
26 0 9 536 73
75 0 2 453 80
2 0 17 378 81
71 0 2 533 41
64 1 3 514 21
90 2 17 459 73
26 1 11 609 75
77 2 8 524 48
8 2 11 684 67
32 0 14 631 90
15 1 16 470 27
18 1 10 351 29
95 0 5 282 18
64 2 15 535 86
29 3 13 628 49
56 0 18 465 21
81 1 17 532 1
64 3 17 621 92
44 2 7 388 27
64 4 2 713 89
66 3 5 300 22
45 2 14 721 59
58 4 6 524 93
1 2 19 562 16
33 1 8 572 30
32 1 18 721 60
67 0 18 781 79
70 1 9 609 44
62 3 0 484 56
9 1 0 540 41
53 3 19 578 89
97 1 18 860 4
57 3 8 602 52
33 2 2 802 13
43 2 0 581 55
68 0 12 473 82
21 2 2 815 49
27 1 6 617 90
6 1 2 864 19
75 1 1 597 21
54 0 7 415 15
48 1 3 535 34
24 1 3 569 48
91 1 19 667 33
63 0 5 322 27
99 3 15 621 42
49 2 10 453 24
79 2 9 653 15
91 2 15 700 16
26 2 14 780 37
41 0 4 288 84
56 1 4 486 95
58 5 12 617 46
12 2 9 668 85
55 2 10 477 27
37 1 13 677 79
13 2 10 504 39
18 2 14 817 35
27 2 16 707 89
34 1 11 751 62
54 1 1 618 5
49 3 9 753 32
4 2 7 430 97
63 1 9 785 26
43 3 8 654 69
88 1 19 700 4
22 2 16 796 93
13 3 14 852 20
50 3 5 349 78
93 1 13 756 55
57 4 19 704 16
3 1 14 872 99
69 1 9 811 93
74 2 4 581 66
44 3 0 636 16
85 0 16 889 23
72 1 11 813 81
88 2 0 704 21
14 1 8 723 37
8 3 7 751 41
89 0 14 971 63
71 1 12 663 6
31 2 10 543 59
83 0 7 792 78
30 1 12 669 97
42 0 12 766 90
58 6 3 663 69
13 4 13 872 79
47 2 10 602 87
11 0 9 904 54
86 2 5 483 89
21 3 13 951 46
27 3 7 870 4
53 4 7 874 36
88 3 2 883 5
34 2 5 813 91
12 3 3 753 50
68 1 10 689 1
52 2 15 716 53
76 1 11 894 87
53 5 16 912 23
15 2 10 690 86
20 1 15 769 5
59 1 10 776 99
57 5 15 774 20
59 2 4 875 92
20 2 8 774 31
56 2 5 904 81
55 3 15 794 17
90 3 11 981 10
5 1 1 623 13
92 1 8 805 83
3 2 7 971 97
11 1 1 958 57
53 6 13 997 39
47 3 9 958 85
91 3 18 864 81
67 1 12 860 40
76 2 15 981 97
32 2 1 1015 40
12 4 4 967 61
84 0 16 935 32
92 2 13 1036 55
94 2 15 1078 38
38 1 8 888 51
38 2 10 939 65
63 2 10 1004 32
92 3 0 1091 80
34 3 8 939 25
39 2 4 1028 44
78 3 3 803 34
27 4 19 874 77
7 1 17 713 88
5 2 18 945 74
13 5 17 951 55
96 0 6 707 33
86 3 2 888 66
4 3 16 967 24
67 2 1 1055 71
4 4 6 991 8
8 4 9 1043 90
27 5 12 951 31
68 2 19 951 76
1 3 13 1091 79
14 2 9 1133 49
85 1 11 991 64
71 2 6 999 77
24 2 13 1170 32
95 1 9 1182 56
97 2 15 1116 41
42 1 8 964 41
97 3 2 1157 8
4 5 12 999 72
41 1 3 837 42
24 3 10 1202 61
38 3 3 1004 5
28 0 12 1071 70
68 3 2 1165 22
41 2 5 985 99
71 3 4 1076 69
49 4 14 1034 18
53 7 4 1145 45
85 2 19 1055 70
97 4 12 1165 78
92 4 18 1171 47
53 8 15 1190 39
2 1 0 1171 32
90 4 1 1126 85
27 6 0 1203 43
12 5 0 1246 40
65 0 1 1211 33
19 1 9 1238 98
91 4 16 991 54
97 5 19 1243 88
81 2 5 1084 70
33 3 12 1243 63
23 3 1 1244 76
86 4 6 1076 87
49 5 16 1052 44
15 3 8 1005 19
93 2 17 1006 54
31 3 17 1060 61
56 3 2 1187 1
14 3 10 1263 20
8 5 17 1133 71
16 1 18 1218 46
46 0 5 1154 35
87 3 8 1024 54
71 4 19 1331 83
94 3 3 1116 72
63 3 7 1068 20
36 4 4 1190 29
88 4 14 1052 64
40 1 8 1078 1
83 1 8 1079 95
72 2 3 1188 70
96 1 3 1258 62
80 1 13 1202 66
95 2 15 1238 73
89 1 17 1204 83
58 7 18 1264 81
98 0 11 1055 96
84 1 15 1311 59
44 4 15 1370 50
62 4 11 1151 38
89 2 16 1287 29
55 4 17 1287 85
12 6 14 1286 93
15 4 13 1268 9
30 2 9 1336 53
14 4 5 1283 52
90 5 16 1316 56
16 2 9 1389 63
29 4 5 1335 94
48 2 18 1345 47
55 5 4 1372 27
64 5 6 1163 30
11 2 3 1320 51
23 4 6 1320 29
39 3 0 1286 65
7 2 19 1414 59
72 3 15 1420 20
1 4 2 1188 92
22 3 17 1372 27
99 4 18 1392 51
35 1 19 1473 99
66 4 14 1379 54
77 3 10 1283 64
54 2 2 1280 67
88 5 5 1429 71
39 4 13 1351 37
17 2 15 1440 56
55 6 9 1452 92
79 3 2 1347 39
51 0 5 1500 90
78 4 11 1189 62
21 4 11 1251 2
48 3 9 1544 60
0 0 17 1399 17
21 5 18 1443 45
87 4 5 1590 73
46 1 2 1386 7
3 3 0 1351 20
33 4 15 1496 93
64 6 14 1433 44
3 4 13 1388 3
88 6 9 1604 67
57 6 16 1372 24
50 4 7 1088 17
2 2 18 1488 76
8 6 19 1572 38
68 4 9 1671 17
89 3 18 1564 84
44 5 6 1420 82
75 2 6 1502 94
82 6 4 1399 36
24 4 15 1589 85
46 2 11 1393 98
87 5 4 1663 18
91 5 14 1477 15
55 7 7 1544 11
16 3 6 1596 64
15 5 3 1371 23
31 4 19 1610 6
23 5 7 1555 61
89 4 0 1648 25
22 4 4 1681 28
66 5 9 1688 81
82 7 7 1616 51
48 4 15 1674 21
5 3 6 1660 38
87 6 12 1681 26
74 3 0 1673 12
75 3 7 1667 86
7 3 11 1491 79
72 4 5 1663 60
32 3 17 1416 78
24 5 14 1674 34
87 7 1 1707 58
46 3 18 1648 66
99 5 12 1707 14
32 4 8 1494 52
63 4 0 1685 20
90 6 5 1723 56
90 7 9 1779 10
85 3 18 1714 35
22 5 10 1709 81
2 3 10 1790 80
52 3 4 1709 1
64 7 19 1616 25
8 7 15 1695 39
20 3 17 1494 25
0 1 16 1416 25
60 1 2 1393 62
71 5 7 1753 17
43 4 13 1391 53
36 5 8 1546 90
82 8 19 1667 97
14 5 2 1455 57
47 4 2 1512 66
32 5 12 1721 10
83 2 18 1749 42
6 2 4 1710 7
26 3 16 1441 70
25 3 1 1765 30
5 4 17 1698 10
94 4 16 1511 45
41 3 6 1698 25
74 4 2 1685 81
28 1 11 1570 9
40 2 17 1708 43
7 4 13 1570 98
66 6 1 1795 44
86 5 13 1668 35
8 8 4 1734 77
69 2 8 1636 63
61 0 18 1791 5
48 5 0 1705 11
30 3 10 1870 9
14 6 19 1764 17
72 5 13 1723 22
4 6 2 1766 54
85 4 12 1749 6
97 6 14 1708 82
96 2 16 1556 48
83 3 12 1791 60
94 5 18 1796 75
83 4 6 1851 62
11 3 14 1790 25
75 4 18 1871 54
26 4 13 1745 90
47 5 15 1734 99
44 6 11 1579 8
40 3 15 1833 7
82 9 12 1851 39
91 6 7 1770 67
86 6 18 1925 83
30 4 2 1879 63
31 5 8 1699 66
9 2 15 1840 51
54 3 17 1751 9
24 6 12 1890 21
5 5 16 1708 67
11 4 13 1835 57
91 7 17 1837 46
47 6 13 1892 5
46 4 12 1911 16
80 2 14 1815 25
73 2 3 1394 71
60 2 4 1811 1
39 5 10 1879 5
95 3 19 1781 17
56 4 11 1587 65
62 5 8 1765 41
6 3 11 1717 40
17 3 5 1779 19
31 6 15 1891 56
2 4 2 1942 19
98 1 0 1716 24
14 7 0 1781 42
31 7 7 1947 41
61 1 7 1988 83
97 7 10 1884 53
13 6 18 2008 18
64 8 12 1927 99
57 7 6 1913 59
59 3 13 1897 53
58 8 13 1950 61
59 4 14 1950 5
77 4 17 1883 8
20 4 6 1972 8
7 5 16 1775 66
42 2 17 1891 20
82 10 1 1890 58
69 3 6 1980 23
2 5 1 1961 6
25 4 14 1955 27
77 5 6 2003 79
38 4 7 2071 34
64 9 8 2026 91
29 5 11 1757 86
21 6 6 2082 82
19 2 5 1798 14
69 4 7 2105 31
80 3 10 1937 2
46 5 15 1947 89
98 2 4 1812 47
28 2 6 2164 52
81 3 9 1789 63
9 3 14 1982 41
9 4 8 2117 17
50 5 4 1859 7
65 1 0 1823 54
72 6 16 1841 8
3 5 12 2026 1
87 8 18 2026 44
54 4 16 1849 7
50 6 19 1866 38
92 5 16 1856 28
32 6 13 2011 50
97 8 6 2216 25
90 8 13 2061 30
58 9 4 2011 44
19 3 1 1967 38
53 9 14 2023 85
54 5 10 1939 81
39 6 19 1904 51
68 5 16 1884 15
10 3 15 2036 99
87 9 11 2070 1
66 7 4 2055 94
65 2 7 2136 79
78 5 15 2135 31
87 10 0 2071 49
56 5 17 1911 69
1 5 7 2215 79
56 6 19 1980 24
55 8 1 2005 15
76 3 19 2004 90
84 2 18 2070 93
66 8 12 2149 95
1 6 16 2294 63
81 4 2 1961 70
89 5 6 2241 12
46 6 0 2120 6
45 3 18 2163 44
60 3 3 1812 41
16 4 7 2294 72
8 9 18 2207 18
14 8 16 2357 50
72 7 9 1852 31
73 3 5 1812 13
4 7 4 2149 67
94 6 8 2134 28
14 9 6 2407 74
24 7 1 2020 52
47 7 12 2244 29
16 5 3 2366 70
59 5 9 1955 33
88 7 12 2273 24
84 3 11 2163 95
86 7 0 2126 90
60 4 5 1853 84
76 4 7 2366 25
72 8 14 2108 53
77 6 4 2216 96
67 3 3 2436 39
7 6 0 2216 9
40 4 11 2258 64
93 3 0 2225 73
23 6 12 2297 13
97 9 0 2298 80
62 6 19 2094 78
24 8 17 2072 66
40 5 1 2322 50
95 4 16 2407 31
63 5 4 2312 5
9 5 17 2138 91
9 6 12 2310 82
78 6 0 2378 53
44 7 8 2162 79
41 4 9 1988 75
20 5 14 2161 38
53 10 10 2108 54
67 4 14 2475 13
83 5 14 2488 99
9 7 16 2438 68
20 6 19 2199 17
73 4 16 2506 85
60 5 19 2216 61
85 5 0 2431 8
44 8 14 2587 80
80 4 15 2166 13
93 4 16 2591 94
78 7 9 2431 13
25 5 16 2685 57
95 5 1 2438 49
33 5 16 2742 42
3 6 2 2031 97
89 6 13 2253 81
23 7 9 2444 95
11 5 7 2391 46
63 6 15 2317 43
3 7 10 2162 92
62 7 7 2437 81
79 4 3 2475 64
28 3 5 2216 55
18 3 7 2518 31
5 6 0 2439 6
50 7 0 2445 50
12 7 2 2128 17
99 6 2 2145 64
72 9 10 2254 67
45 4 8 2241 64
12 8 15 2360 86
21 7 19 2277 7
13 7 4 2317 40
90 9 10 2321 82
30 5 0 2495 92
50 8 14 2667 6
22 6 5 2271 2
31 8 11 2322 97
32 7 15 2446 61
7 7 10 2403 1
67 5 2 2488 19
48 6 13 2334 46
2 6 6 2481 37
18 4 0 2587 71
11 6 8 2437 93
57 8 17 2229 75
23 8 17 2539 28
5 7 19 2445 50
81 5 8 2530 22
65 3 19 2495 56
96 3 12 2392 21
1 7 17 2567 10
27 7 18 2225 87
84 4 2 2507 61
2 7 4 2518 59
17 4 0 2658 50
94 7 9 2539 30
74 5 12 2413 94
78 8 14 2673 63
84 5 14 2736 19
44 9 2 2667 22
77 7 15 2507 70
31 9 6 2518 41
81 6 4 2577 98
35 2 10 2404 89
84 6 8 2755 46
0 2 7 2549 65
4 8 5 2273 63
16 6 2 2689 86
34 4 2 2775 19
61 2 10 2493 25
65 4 16 2784 54
52 4 10 2518 67
71 6 10 2585 22
56 7 14 2755 47
55 9 3 2539 61
39 7 18 2312 26
58 10 10 2607 2
43 5 6 2559 50
24 9 4 2675 47
8 10 0 2708 12
38 5 15 2577 58
70 2 8 2801 10
6 4 18 2338 73
43 6 3 2609 81
20 7 18 2411 17
34 5 16 2838 73
90 10 4 2722 2
89 7 9 2569 89
29 6 8 2811 43
54 6 9 2658 4
93 5 14 2802 80
0 3 0 2720 31
90 11 2 2794 45
75 5 16 2911 70
85 6 7 2614 97
67 6 11 2507 1
19 4 10 2609 94
94 8 10 2703 52
45 5 0 2751 94
74 6 10 2755 61
99 7 13 2380 10
52 5 5 2585 53
77 8 13 2577 25
66 9 10 2816 29
57 9 4 2724 64
61 3 11 2518 37
31 10 14 2882 1
23 9 11 2567 3
49 6 6 2609 48
78 9 10 2845 14
51 1 9 2662 11
48 7 10 2859 14
71 7 1 2607 32
55 10 19 2600 18
25 6 0 2845 96
50 9 11 2673 15
0 4 2 2839 80
48 8 11 2873 59
77 9 1 2639 30
43 7 2 2919 28
91 8 3 2690 98
43 8 9 2947 91
8 11 14 2883 17
40 6 5 2638 26
4 9 11 2932 39
63 7 13 2602 63
16 7 11 2971 10
43 9 17 3038 55
50 10 2 2947 14
11 7 17 3093 58
70 3 11 2981 5
46 7 3 2788 24
53 11 8 2854 69
61 4 6 2657 81
15 6 0 2941 64
84 7 4 2801 75
38 6 14 2900 9
91 9 5 2788 72
3 8 3 2812 43
59 6 7 2711 59
85 7 4 2876 7
98 3 10 2873 35
35 3 11 2986 43
8 12 1 2900 10
88 8 18 2428 39
59 7 19 2770 32
56 8 16 2981 92
91 10 13 2860 65
10 4 16 3073 78
36 6 17 3151 60
23 10 18 2570 89
71 8 16 3151 58
88 9 13 2925 73
39 8 12 2507 65
29 7 0 3005 43
59 8 3 2855 93
67 7 10 2908 82
33 6 7 2784 32
85 8 6 2883 56
95 6 3 2948 47
11 8 19 3151 20
71 9 17 3211 63
49 7 1 2910 18
37 2 19 3171 18
51 2 14 2909 87
42 3 19 3189 50
1 8 6 2939 47
66 10 15 2845 14
69 5 0 3048 90
73 5 14 2996 95
74 7 8 2923 56
60 6 16 3209 31
87 11 15 2859 95
49 8 15 2954 80
80 5 18 2659 72
4 10 18 2971 76
79 5 8 2979 71
50 11 6 2986 30
41 5 18 3047 93
14 10 17 3274 33
34 6 9 3038 98
47 8 5 2860 98
46 8 17 3307 18
75 6 15 3034 83
2 8 14 3091 8
79 6 5 3050 18
3 9 9 3136 11
76 5 2 2961 77
95 7 0 3138 66
91 11 2 3038 42
24 10 7 2816 30
74 8 15 3117 56
94 9 11 3029 57
44 10 5 3068 63
66 11 13 2998 50
45 6 7 2846 55
23 11 14 3099 28
38 7 5 3131 10
89 8 3 2995 44
76 6 17 3325 88
56 9 15 3173 25
29 8 3 3048 75
1 9 14 3127 64
99 8 11 3086 95
97 10 1 2928 32
28 4 7 2901 92
97 11 9 3147 28
54 7 6 3016 86
93 6 9 3175 61
69 6 1 3138 46
2 9 8 3099 3
29 9 1 3184 98
39 9 9 3236 16
32 8 5 3141 95
11 9 12 3171 4
48 9 19 3239 51
64 10 16 3240 21
84 8 1 3282 69
57 10 18 3140 26
71 10 18 3274 59
61 5 16 3261 42
11 10 4 3175 19
38 8 0 3204 30
94 10 14 3191 26
76 7 18 3413 76
55 11 0 3234 34
42 4 10 3239 38
68 6 6 3102 64
16 8 16 3303 11
49 9 8 3102 67
51 3 3 3123 34
40 7 10 3277 29
0 5 5 3236 64
6 5 14 3217 89
3 10 1 3351 25
19 5 18 3489 77
33 7 1 3376 12
68 7 17 3413 71
85 9 13 3048 92
15 7 5 3300 32
48 10 14 3306 7
54 8 5 3332 74
61 6 5 3406 20
38 9 11 3234 87
63 8 16 3314 23
51 4 12 3175 20
51 5 17 3484 1
3 11 17 3485 31
86 8 3 3157 93
87 12 16 3337 91
93 7 12 3236 74
74 9 7 3173 62
96 4 15 3198 79
79 7 10 3306 60
18 5 19 3290 78
83 6 13 3140 31
22 7 19 3368 66
51 6 4 3485 57
2 10 12 3310 41
42 5 13 3277 76
22 8 3 3434 28
6 6 16 3428 85
29 10 19 3434 88
31 11 4 3542 21
11 11 18 3566 91
81 7 15 3277 4
78 10 13 3353 20
86 9 12 3351 54
46 9 19 3522 39
70 4 10 3366 40
6 7 10 3513 78
42 6 5 3426 68
26 5 0 3268 34
37 3 8 3189 3
55 12 13 3373 96
28 5 19 3561 60
1 10 9 3252 56
45 7 2 3080 20
62 8 15 3281 5
99 9 16 3513 7
77 10 14 3313 75
69 7 11 3321 83
6 8 5 3591 29
47 9 0 3302 17
65 5 17 3516 75
19 6 2 3566 52
25 7 10 3591 36
41 6 19 3621 76
87 13 14 3428 38
56 10 1 3388 22
37 4 0 3319 29
25 8 4 3627 8
4 11 14 3466 12
4 12 10 3627 1
10 5 4 3635 5
47 10 7 3319 4
52 6 9 3308 86
43 10 1 3410 50
52 7 0 3394 8
74 10 3 3462 25
69 8 10 3628 21
83 7 16 3520 94
64 11 13 3469 45
64 12 0 3514 82
4 13 1 3628 7
5 8 7 3323 72
10 6 19 3697 15
18 6 3 3487 38
32 9 3 3525 28
64 13 11 3596 41
87 14 10 3649 93
68 8 7 3484 22
17 5 7 3506 82
65 6 5 3620 79
2 11 15 3351 79
99 10 7 3588 38
26 6 12 3405 87
36 7 0 3596 84
80 6 1 3635 51
52 8 17 3591 12
81 8 7 3626 85
3 12 11 3637 98
96 5 4 3640 48
47 11 19 3712 48
15 8 11 3735 24
76 8 8 3489 69
1 11 5 3699 4
48 11 16 3614 58
21 8 16 3672 7
86 10 8 3558 10
7 8 18 3657 35
92 6 15 3430 82
91 12 1 3686 13
70 5 15 3512 66
94 11 1 3699 77
67 8 0 3680 58
63 9 2 3618 29
49 10 13 3514 10
93 8 18 3692 92
20 8 5 3703 13
33 8 4 3688 66
67 9 13 3738 26
49 11 7 3711 9
30 6 1 3776 18
70 6 0 3738 13
90 12 8 3568 16
36 8 6 3680 83
26 7 10 3742 6
80 7 11 3759 81
16 9 4 3754 99
67 10 15 3764 44
63 10 19 3760 45
40 8 6 3763 13
32 10 9 3553 38
86 11 9 3591 22
71 11 3 3553 31
77 11 16 3679 86
6 9 3 3620 89
66 12 17 3603 98
56 11 7 3720 60
83 8 3 3709 78
9 8 9 3613 76
75 7 14 3478 39
29 11 9 3689 67
22 9 14 3517 46
96 6 11 3840 93
86 12 10 3748 18
25 9 5 3716 77
96 7 8 3933 29
65 7 8 3962 99
7 9 7 3780 69
22 10 0 3751 96
1 12 1 3794 87
80 8 16 3840 47
36 9 2 3763 41
49 12 5 3793 16
52 9 11 3933 51
29 12 6 3776 63
17 6 8 4061 20
37 5 9 3756 88
42 7 14 3563 66
35 4 17 3701 49
84 9 9 3844 76
70 7 18 3784 20
92 7 5 3809 82
71 12 15 3808 94
27 8 13 3764 52
81 9 14 3711 29
73 6 10 3766 27
81 10 3 3787 81
44 11 3 3868 61
90 13 12 3584 36
44 12 9 3929 25
71 13 11 3984 90
69 9 18 3804 4
74 11 16 3887 2
20 9 9 3954 59
38 10 2 3804 62
86 13 17 3766 97
63 11 3 3929 79
80 9 19 3887 6
52 10 7 3984 90
3 13 16 3889 73
10 7 2 3866 71
96 8 5 3962 99
81 11 12 3868 26
55 13 2 3937 56
51 7 11 4074 30
66 13 7 4074 18
62 9 6 3839 46
61 7 9 4013 22
35 5 4 3853 8
80 10 8 4081 42
21 9 8 4123 50
98 4 7 4092 36
21 10 15 4173 81
22 11 6 3885 55
25 10 3 4008 59
63 12 12 4008 68
58 11 14 3740 69
53 12 12 4076 44
25 11 9 4067 36
12 9 8 4173 19
98 5 17 4128 83
98 6 16 4211 99
52 11 18 4074 73
55 14 16 4310 34
35 6 5 4061 44
4 14 19 3893 46
47 12 11 4104 45
11 12 5 4105 25
32 11 7 4128 24
69 10 3 4067 53
62 10 12 4120 10
32 12 6 4152 51
18 7 9 4103 11
6 10 13 3816 9
58 12 5 4130 72
61 8 13 4035 50
55 15 5 4344 44
75 8 4 3861 54
36 10 7 4152 7
30 7 6 4203 68
34 7 4 3915 63
24 11 11 4149 49
45 8 10 3793 11
59 9 17 4211 13
90 14 7 4159 89
93 9 10 3804 23
10 8 18 4147 59
43 11 11 4198 29
40 9 9 4114 76
33 9 9 4190 94
58 13 9 4284 21
19 7 7 4248 95
56 12 13 4085 62
42 8 7 4343 84
78 11 16 4344 12
99 11 14 3809 11
10 9 11 4227 21
33 10 5 4388 89
53 13 17 4224 92
59 10 0 4224 64
31 12 2 3993 43
44 13 16 4356 61
31 13 12 4130 76
37 6 7 4427 97
28 6 2 4036 39
47 13 17 4316 26
13 8 11 4248 74
94 12 6 4271 72
1 13 0 4288 16
94 13 13 4343 43
96 9 10 4061 98
57 11 10 4159 88
84 10 19 3939 96
16 10 14 3853 93
22 12 8 4192 99
99 12 10 4247 35
0 6 13 4386 30
61 9 4 4085 40
84 11 3 4120 50
16 11 17 4342 90
78 12 17 4432 14
24 12 0 4304 88
45 9 16 4417 77
70 8 1 3881 25
19 8 8 4343 20
13 9 3 4322 91
3 14 4 4125 38
18 8 15 4254 26
15 9 17 4446 14
28 7 17 4460 13
63 13 11 4322 73
68 9 15 4280 79
63 14 18 4395 1
7 10 5 4477 29
96 10 18 4396 93
27 9 2 4075 63
51 8 2 4138 19
79 8 15 4359 28
57 12 9 4305 57
18 9 5 4506 12
75 9 11 4395 76
18 10 12 4518 69
79 9 16 4494 82
34 8 15 4387 95
66 14 3 4413 50
51 9 19 4157 25
28 8 3 4473 68
13 10 6 4413 95
44 14 1 4417 71
19 9 11 4471 77
65 8 18 4489 38
6 11 0 4392 88
79 10 6 4576 93
96 11 2 4489 36
17 7 18 4527 49
6 12 7 4524 43
57 13 5 4518 68
51 10 6 4669 22
76 9 4 4163 15
65 9 15 4527 13
66 15 19 4463 96
58 14 7 4567 55
41 7 2 4525 56
70 9 5 4586 95
30 8 17 4473 55
61 10 1 4488 77
33 11 11 4548 25
20 10 12 4587 36
11 13 2 4581 88
56 13 9 4362 97
73 7 4 4178 10
27 10 1 4565 75
16 12 19 4559 4
27 11 11 4640 21
65 10 12 4623 2
87 15 3 4541 29
10 10 0 4480 58
32 13 10 4282 96
0 7 15 4540 36
27 12 8 4661 30
75 10 8 4691 50
32 14 2 4669 90
33 12 13 4573 16
35 7 18 4576 33
9 9 18 4609 13
15 10 9 4460 47
13 11 1 4640 65
30 9 15 4576 10
32 15 19 4759 18
56 14 3 4570 78
28 9 15 4586 72
22 13 12 4625 90
5 9 10 4378 93
73 8 1 4705 24
20 11 2 4759 88
24 13 18 4622 95
25 12 13 4589 13
54 9 15 4658 49
40 10 19 4777 9
76 10 14 4178 49
54 10 12 4715 26
20 12 0 4847 57
13 12 15 4707 13
96 12 14 4525 49
81 12 6 4691 49
68 10 3 4648 89
84 12 10 4471 10
32 16 0 4904 77
2 12 13 4602 8
8 13 8 4741 77
57 14 2 4847 60
63 15 14 4574 10
67 11 8 4818 18
82 11 3 4737 50
95 8 12 4741 17
78 13 6 4740 48
40 11 7 4786 5
28 10 9 4658 80
38 11 9 4738 89
19 10 14 4584 42
24 14 6 4788 94
97 12 17 4528 75
11 14 11 4669 94
72 10 6 4882 66
28 11 13 4738 45
72 11 2 4948 75
36 11 10 4481 24
19 11 4 4626 28
41 8 11 4763 23
87 16 7 4791 70
95 9 6 4948 75
7 11 9 4827 67
74 12 19 4786 5
77 12 11 4786 72
84 13 7 4861 69
64 14 4 4654 76
68 11 4 4737 80
89 9 4 4817 23
8 14 2 5023 49
43 12 15 4720 27
61 11 19 4791 76
95 10 11 5023 25
59 11 8 4836 19
22 14 7 4930 5
88 10 3 4787 98
7 12 6 5023 60
93 10 5 4681 18
4 15 8 4855 14
22 15 2 5072 37
15 11 15 4747 81
18 11 13 4783 64
13 13 7 4935 26
70 10 7 4961 88
83 9 10 4505 27
43 13 12 4758 9
48 12 7 5049 49
37 7 15 4828 55
0 8 9 4894 99
35 8 14 4626 91
43 14 16 4767 61
88 11 10 4885 12
28 12 14 4783 28
77 13 18 4858 49
92 8 11 5048 46
77 14 5 4907 74
37 8 18 4907 55
67 12 7 5098 94
84 14 6 5083 10
86 14 1 4729 19
21 11 14 4811 1
46 10 13 4847 52
16 13 5 4981 75
81 13 1 4748 62
41 9 15 4883 87
69 11 14 4812 99
37 9 17 4962 15
55 16 11 5094 32
23 12 19 4867 13
78 14 19 4880 4
93 11 4 4840 41
58 15 17 4977 69
42 9 6 5093 77
89 10 19 4884 66
92 9 6 5170 89
90 15 14 4911 27
67 13 5 5192 8
36 12 5 5200 73
47 14 4 4881 80
26 8 4 4961 59
7 13 12 5083 43
1 14 18 4962 43
24 15 16 4882 59
38 12 17 5046 78
70 11 4 5049 32
60 7 10 4897 63
14 11 11 5126 38
52 12 3 4885 44
25 13 8 4869 96
14 12 15 5164 16
68 12 5 5273 7
92 10 9 5259 22
59 12 18 5005 96
38 13 1 5124 37
95 11 17 5124 38
12 10 16 4941 49
91 13 9 5281 40
69 12 13 4911 65
79 11 4 5081 68
86 15 14 4938 94
94 14 0 4981 62
13 14 19 4961 40
97 13 11 5164 31
37 10 4 5149 87
28 13 8 4965 69
23 13 4 5236 63
97 14 7 5195 19
17 8 13 4976 73
54 11 8 5034 9
19 12 15 5180 69
0 9 10 4993 16
1 15 4 5299 70
75 11 9 5321 18
51 11 15 5249 32
16 14 10 5056 87
67 14 9 5339 68
82 12 9 5407 48
76 11 1 5161 27
16 15 8 5143 35
25 14 7 5214 88
5 10 3 4929 25
34 9 10 5143 57
55 17 6 5259 1
85 10 10 5200 11
12 11 10 5211 98
44 15 4 5369 93
18 12 18 5101 1
64 15 1 5188 33
64 16 5 5280 77
63 16 1 5221 61
83 10 15 5281 23
92 11 12 5281 69
93 12 2 5109 46
45 10 9 5455 3
47 15 8 5178 5
17 9 2 5155 21
88 12 17 5162 34
27 13 14 5032 68
55 18 12 5350 16
17 10 17 5196 28
40 12 2 5176 85
62 11 13 5049 6
23 14 8 5299 32
69 13 17 5224 99
87 17 19 5001 14
2 13 3 4954 83
49 13 11 5195 35
86 16 4 5462 60
54 12 14 5100 27
36 13 9 5458 58
47 16 18 5183 56
50 12 1 5282 36
65 11 3 5037 53
29 13 2 5261 34
49 14 0 5230 16
46 11 9 5516 49
47 17 14 5239 53
22 16 11 5230 18
80 11 12 5366 44
67 15 19 5407 90
74 13 1 5318 87
53 14 0 5246 86
87 18 13 5055 6
14 13 4 5522 21
64 17 9 5565 49
59 13 11 5248 12
98 7 14 5292 22
50 13 3 5318 18
77 15 0 5332 55
81 14 10 5309 49
77 16 7 5387 87
3 15 19 5497 71
57 15 11 5260 12
14 14 1 5543 35
85 11 15 5304 50
73 9 11 5272 43
81 15 13 5358 66
35 9 0 5387 39
41 10 17 5323 8
39 10 7 5474 90
40 13 4 5543 19
43 15 10 5358 27
15 12 4 5562 45
91 14 0 5426 56
4 16 3 5336 54
84 15 13 5424 98
16 16 13 5522 46
20 13 4 5607 19
70 12 17 5331 45
23 15 2 5331 50
41 11 0 5482 2
53 15 11 5332 42
35 10 16 5426 36
98 8 2 5381 91
58 16 2 5472 13
4 17 9 5614 66
45 11 6 5458 26
19 13 17 5376 88
52 13 16 5462 12
53 16 2 5485 83
47 18 6 5484 76
72 12 0 5484 22
8 15 5 5357 25
55 19 18 5366 55
90 16 3 5390 34
14 15 7 5578 85
69 14 16 5474 58
21 12 12 5410 99
43 16 5 5385 36
83 11 5 5421 60
3 16 15 5568 69
85 12 8 5354 39
0 10 3 5424 32
89 11 10 5385 31
58 17 16 5532 69
0 11 1 5578 3
95 12 13 5568 43
95 13 10 5611 95
46 12 7 5663 52
72 13 19 5568 30
4 18 17 5680 55
21 13 17 5735 91
73 10 7 5715 81
94 15 5 5481 7
94 16 19 5598 41
60 8 6 5560 10
45 12 1 5581 8
89 12 1 5589 29
99 13 17 5826 25
30 10 4 5626 78
78 15 12 5509 64
43 17 7 5796 43
10 11 10 5706 29
59 14 2 5568 66
42 10 1 5618 30
44 16 19 5639 44
98 9 3 5472 1
66 16 0 5506 74
0 12 19 5683 28
92 12 4 5704 44
38 14 12 5573 94
23 16 0 5580 24
5 11 2 5634 72
9 10 1 5648 93
95 14 18 5706 4
72 14 12 5667 47
95 15 7 5839 71
48 13 2 5706 57
79 12 1 5741 75
25 15 11 5374 47
65 12 11 5421 89
75 12 19 5711 15
99 14 4 5851 77
23 17 15 5637 63
82 13 10 5735 94
19 14 3 5473 29
97 15 5 5488 11
65 13 4 5928 82
76 12 6 5570 75
85 13 1 5816 72
96 13 9 5680 42
53 17 9 5722 85
90 17 19 5726 85
31 14 1 5888 20
54 13 3 5502 33
85 14 2 5888 25
9 11 7 5910 12
8 16 13 5611 85
2 14 16 5601 68
37 11 1 5908 17
18 13 16 5669 96
15 13 1 5925 84
73 11 9 5807 88
82 14 17 5851 35
89 13 15 5700 64
80 12 7 5922 88
29 14 14 5314 61
65 14 10 6010 53
60 9 17 5886 10
18 14 17 5896 36
99 15 6 5928 82
89 14 2 5913 67
82 15 2 5980 95
14 16 18 5710 7
7 14 15 5764 21
39 11 5 5564 40
77 17 12 5714 34
72 15 8 5714 69
19 15 13 5696 18
22 17 18 5717 55
80 13 0 6010 36
51 12 10 6063 86
72 16 4 6010 68
70 13 2 6075 11
85 15 5 5913 85
91 15 6 6010 43
91 16 10 6149 57
25 16 2 6086 80
35 11 9 5895 72
71 14 13 5714 20
36 14 15 5785 91
94 17 12 5748 21
29 15 15 5876 85
10 12 14 5735 59
71 15 8 5783 83
46 13 6 6053 26
8 17 10 6206 30
37 12 12 5925 43
82 16 18 6075 37
34 10 7 6010 67
11 15 6 6079 52
62 12 16 5765 31
59 15 5 5998 4
4 19 15 5961 42
70 14 12 6086 20
46 14 16 6079 11
41 12 8 5866 60
16 17 15 6003 27
39 12 14 5794 76
50 14 15 6030 59
35 12 1 6009 27
98 10 5 6002 43
50 15 16 6090 63
40 14 18 6112 23
39 13 1 6036 54
27 14 5 6045 81
48 14 1 6090 71
41 13 16 6153 79
20 14 1 6161 57
89 15 8 5980 56
39 14 8 6090 72
49 15 4 6078 10
73 12 12 6106 72
66 17 6 6131 66
90 18 0 6046 16
85 16 3 5998 4
84 16 17 5932 60
21 14 9 5967 54
91 17 11 6206 56
60 10 8 6162 14
60 11 13 6176 75
68 13 1 6218 78
97 16 3 6002 4
80 14 3 6046 93
10 13 3 6139 98
50 16 13 6251 92
42 11 2 6166 55
86 17 16 6232 90
18 15 2 6221 93
19 16 16 6322 95
8 18 6 6236 14
17 11 19 5811 40
98 11 15 6089 33
94 18 2 6314 58
88 13 15 6122 20
83 12 9 6021 10
96 14 17 5992 22
68 14 14 6296 87
49 16 12 6178 29
98 12 12 6207 97
21 15 5 6126 4
81 16 16 6417 41
37 13 3 6237 58
83 13 1 6296 80
54 14 0 6062 51
37 14 11 6295 69
29 16 18 6135 32
36 15 1 6376 47
63 17 8 6176 56
5 12 5 6130 66
51 13 0 6149 31
57 16 12 6304 54
2 15 5 6196 53
89 16 11 6364 34
69 15 5 6249 5
88 14 7 6142 31
38 15 16 6458 40
12 12 13 6343 74
61 12 3 6295 58
83 14 2 6376 83
5 13 13 6417 71
9 12 2 6459 90
34 11 1 6423 7
84 17 0 6180 1
14 17 12 6358 66
63 18 17 6232 95
96 15 19 6014 63
26 9 2 6549 79
62 13 4 6088 44
14 18 13 6488 68
27 15 3 6353 89
96 16 7 6173 43
50 17 18 6343 26
1 16 10 6236 15
93 13 15 6142 94
29 17 4 6167 96
91 18 4 6263 77
98 13 18 6369 50
42 12 18 6419 50
23 18 5 6254 76
43 18 19 6077 5
75 13 0 6181 4
62 14 17 6327 22
93 14 8 6236 73
82 17 16 6498 79
74 14 17 6349 75
50 18 8 6369 46
62 15 18 6469 78
59 16 15 6236 83
12 13 17 6424 6
81 17 11 6458 31
68 15 11 6489 88
15 14 6 6250 10
39 15 17 6430 27
38 16 6 6498 50
10 14 9 6237 2
7 15 14 6383 19
27 16 9 6442 68
78 16 5 6330 17
0 13 12 6424 79
31 15 9 6510 73
57 17 3 6442 99
11 16 10 6251 23
54 15 19 6113 95
38 17 18 6548 83
63 19 6 6548 36
75 14 10 6274 34
52 14 8 6415 92
37 15 14 6402 66
74 15 9 6583 14
65 15 13 6556 33
47 19 16 6577 41
35 13 7 6216 70
73 13 17 6457 5
35 14 15 6319 66
61 13 14 6468 88
0 14 14 6556 1
9 13 19 6549 58
39 16 11 6577 37
45 13 17 6462 21
60 12 12 6503 14
30 11 11 6614 34
37 16 5 6468 31
66 18 18 6631 38
52 15 14 6557 58
71 16 9 6597 14
83 15 11 6648 54
68 16 18 6669 22
51 14 18 6691 4
46 15 10 6308 73
5 14 4 6488 18
65 16 6 6589 43
41 14 12 6517 30
3 17 6 6632 71
46 16 14 6615 91
78 17 18 6695 5
40 15 13 6589 95
72 17 18 6700 77
67 16 16 6618 39
82 18 5 6577 71
74 16 13 6684 14
15 15 12 6547 25
67 17 6 6703 47
20 15 3 6541 65
24 16 9 6611 77
7 16 8 6507 76
68 17 0 6691 59
61 14 15 6556 77
31 16 5 6648 88
38 18 4 6631 74
53 18 3 6606 23
36 16 12 6572 82
93 15 7 6309 31
10 15 7 6340 18
93 16 11 6702 33
72 18 7 6777 10
30 12 13 6698 57
0 15 6 6750 50
98 14 8 6583 41
80 15 5 6736 21
2 16 11 6735 29
44 17 18 6777 65
36 17 14 6706 81
44 18 17 6842 72
31 17 13 6755 98
67 18 4 6750 43
40 16 16 6684 76
82 19 6 6800 12
29 18 16 6760 45
16 18 12 6654 94
81 18 18 6842 51
17 12 10 6381 49
27 17 15 6633 44
62 16 2 6628 93
31 18 0 6853 56
42 13 3 6629 40
35 15 6 6812 82
39 17 16 6805 75
76 13 10 6430 90
56 15 10 6520 63
26 10 15 6677 11
86 18 11 6764 83
31 19 3 6909 26
3 18 5 6757 73
54 16 13 6853 32
85 17 14 6787 59
29 19 17 6914 51
12 14 5 6830 27
71 17 0 6909 67
1 17 8 6624 27
22 18 1 6430 78
8 19 16 6880 92
74 17 5 6857 45
56 16 8 6651 18
20 16 13 6885 88
10 16 17 6965 87
22 19 15 6688 53
36 18 19 6787 67
97 17 8 6669 92
57 18 1 6541 51
14 19 14 6846 66
59 17 6 6894 65
87 19 6 6959 51
24 17 8 6761 5
25 17 6 7010 32
40 17 3 6935 69
76 14 13 6973 32
19 17 19 6854 73
71 18 14 6976 62
20 17 11 6973 23
61 15 17 7052 69
74 18 11 6996 30
13 15 0 6976 89
36 19 18 6893 15
1 18 15 6741 99
25 18 17 7121 43
41 15 1 6592 16
77 18 3 7004 98
86 19 19 6927 41
81 19 19 6968 23
68 18 13 7005 75
98 15 9 6688 78
12 15 7 6857 91
91 19 12 6748 94
50 19 17 7164 23
76 15 9 7005 26
76 16 16 7031 67
48 15 12 6842 57
65 17 14 7038 73
48 16 4 6899 47
98 16 6 7042 92
96 17 1 6608 27
93 17 1 6735 35
16 19 1 6770 83
1 19 11 7026 37
7 17 2 6721 55
40 18 0 7065 48
64 18 18 6908 63
44 19 12 6914 88
53 19 1 6853 58
42 14 15 6840 99
62 17 14 7111 42
92 13 2 6776 84
25 19 15 7164 93
70 15 16 7098 61
94 19 7 6948 21
37 17 6 7134 43
60 13 0 7113 63
92 14 7 6969 70
38 19 13 7080 83
89 17 12 7002 97
99 16 0 7176 79
17 13 4 6946 83
2 17 7 7039 61
6 13 6 7177 52
35 16 8 6894 94
80 16 6 7229 6
30 13 16 7159 13
64 19 7 7100 37
15 16 2 6860 74
46 17 1 6911 69
61 16 0 7255 63
89 18 7 7137 27
35 17 3 7102 46
76 17 0 7318 82
27 18 10 6677 63
66 19 11 7063 49
3 19 18 6971 2
78 18 4 7029 85
43 19 14 7153 56
52 16 19 6991 57
5 15 9 7031 77
20 18 10 6996 52
69 16 15 7257 33
67 19 17 7187 80
45 14 11 7112 73
57 19 7 7164 71
79 13 7 7235 56
30 14 18 7172 64
39 18 6 7235 77
62 18 3 7153 21
32 17 16 7172 11
56 17 0 7400 35
56 18 12 7435 80
34 12 13 7163 76
77 19 2 7102 46
46 18 4 7114 99
60 14 1 7176 53
40 19 12 7515 26
92 15 3 7174 32
46 19 8 7213 79
42 15 11 7185 5
72 19 1 7229 4
27 19 4 7213 51
79 14 19 7291 9
23 19 10 7048 47
85 18 9 7108 2
12 16 11 7190 58
26 11 5 6902 50
88 15 6 7312 12
54 17 11 7248 24
21 16 1 7233 87
17 14 14 7209 82
75 15 13 7239 12
7 18 1 7320 77
30 15 8 7292 59
21 17 3 7320 29
28 14 10 7095 48
80 17 9 7235 62
51 15 7 7291 54
48 17 6 7324 1
71 19 5 7038 62
69 17 2 7290 17
74 19 18 7236 8
49 17 18 7244 71
20 19 16 7183 40
83 16 19 7300 96
80 18 17 7297 18
52 17 6 7325 63
10 17 5 7100 55
96 18 0 7435 10
95 16 2 7307 26
51 16 1 7397 32
62 19 5 7174 43
61 17 8 7351 56
83 17 17 7396 15
35 18 13 7251 18
49 18 19 7396 89
80 19 4 7315 38
21 18 7 7349 63
98 17 13 7269 92
21 19 0 7445 45
58 18 1 7429 80
85 19 17 7411 27
12 17 19 7485 59
98 18 19 7544 40
98 19 1 7584 45
12 18 12 7544 22
52 18 12 7566 82
97 18 4 7353 31
35 19 2 7333 98
11 17 16 7223 4
32 18 4 7384 43
69 18 19 7584 26
32 19 11 7427 93
18 16 6 7388 52
6 14 12 7648 36
61 18 2 7431 49
75 16 3 7349 9
30 16 19 7610 56
97 19 16 7384 1
34 13 6 7440 79
24 18 19 7666 79
45 15 4 7427 80
49 19 3 7485 87
59 18 16 7385 3
90 19 18 7315 75
93 18 3 7572 32
10 18 13 7361 83
33 13 6 7519 96
19 18 0 7490 16
56 19 6 7615 55
69 19 4 7610 7
42 16 9 7297 27
78 19 8 7407 41
99 17 8 7448 81
10 19 1 7629 85
33 14 18 7615 87
59 19 12 7684 79
88 16 11 7520 40
2 18 19 7745 24
37 18 16 7388 8
28 15 16 7396 29
83 18 4 7617 50
13 16 16 7425 25
95 17 8 7529 5
96 19 13 7445 3
52 19 1 7714 68
88 17 8 7560 75
99 18 3 7604 17
0 16 4 7667 94
61 19 12 7763 41
24 19 5 7745 27
45 16 15 7507 89
70 16 14 7291 36
19 19 6 7670 34
88 18 1 7782 22
13 17 5 7772 33
95 18 14 7534 26
83 19 0 7667 64
18 17 11 7560 30
15 17 19 7769 81
28 16 1 7804 42
51 17 8 7635 17
79 15 11 7590 9
18 18 4 7761 22
95 19 4 7783 28
75 17 5 7805 47
18 19 1 7846 25
79 16 0 7731 20
34 14 14 7560 90
51 18 16 7652 24
28 17 0 7846 55
13 18 2 7805 3
6 15 15 7684 44
79 17 18 7751 61
12 19 6 7704 15
17 15 12 7804 16
51 19 13 7676 67
76 18 12 7820 59
88 19 4 7811 65
41 16 13 7743 61
70 17 6 7719 45
30 17 7 7666 76
33 15 14 7702 39
89 19 5 7852 71
11 18 0 7901 27
2 19 9 7769 53
73 14 15 7728 51
11 19 15 7928 66
99 19 5 7923 33
26 12 17 7438 46
41 17 14 7804 16
68 19 8 7652 24
76 19 5 7956 72
48 18 17 7484 85
65 18 2 7808 25
65 19 9 7833 14
48 19 5 8028 72
93 19 6 7764 15
7 19 3 7621 15
42 17 0 7928 10
92 16 10 7206 21
70 18 19 7850 5
37 19 2 7833 2
60 15 9 7847 61
92 17 17 7569 55
5 16 14 7820 27
33 16 19 7855 58
6 16 17 7728 77
73 15 18 7812 75
84 18 5 8100 81
9 14 6 7779 52
5 17 12 7879 20
15 18 18 7887 98
5 18 8 7899 97
39 19 3 7636 89
45 17 19 7913 53
17 16 6 7831 97
75 18 17 7852 31
26 13 19 7966 12
33 17 17 7913 8
33 18 10 7921 2
42 18 4 7938 32
58 19 0 7938 91
79 18 14 7847 78
13 19 8 7996 21
75 19 12 7899 65
17 17 11 7928 86
9 15 10 7923 83
92 18 1 7871 52
73 16 8 8017 44
70 19 3 7855 56
84 19 12 8181 79
73 17 13 8061 49
17 18 1 8014 46
42 19 16 7970 24
28 18 18 7985 44
0 17 11 8014 31
34 15 18 8029 75
33 19 3 7923 17
41 18 10 8006 1
45 18 3 7966 19
6 17 1 8060 44
54 18 4 7970 31
6 18 9 8104 82
34 16 0 8104 42
60 16 15 7994 41
30 18 14 7925 41
30 19 5 8181 56
79 19 12 8260 5
34 17 19 8146 66
45 19 13 8110 95
92 19 14 7966 13
41 19 7 8007 31
26 14 6 7978 38
15 19 14 7985 79
6 19 8 8186 90
0 18 18 8104 87
26 15 1 8104 55
26 16 7 8159 15
28 19 4 8029 88
73 18 0 8146 43
17 19 3 8060 45
73 19 2 8189 26
34 18 17 8212 90
34 19 3 8302 41
26 17 3 8343 18
60 17 14 8064 7
9 16 13 8205 68
60 18 11 8071 57
60 19 7 8174 15
0 19 8 8276 94
26 18 18 8361 80
26 19 8 8441 98
54 19 18 8441 58
5 19 15 8035 17
9 17 4 8273 3
9 18 5 8276 11
9 19 3 8361 40
