7 0 13 0 40
52 0 11 0 74
68 0 15 0 31
70 0 10 0 58
43 0 18 0 68
37 0 10 58 10
10 0 17 0 14
46 0 10 68 1
55 0 10 69 14
2 0 14 0 62
60 0 17 14 23
90 0 1 0 84
82 0 18 68 97
28 0 9 0 26
62 0 14 62 55
64 0 9 26 83
34 0 18 165 46
63 0 18 211 85
11 0 8 0 84
14 0 18 296 26
24 0 15 31 70
36 0 17 37 28
81 0 12 0 19
74 0 1 84 53
80 0 4 0 61
53 0 8 84 90
41 0 8 174 2
44 0 10 83 74
98 0 12 19 28
79 0 6 0 41
68 1 10 157 19
98 1 14 117 15
98 2 11 132 97
46 1 11 229 24
10 1 2 14 41
1 0 15 101 64
22 0 13 40 15
63 1 0 296 38
73 0 14 132 89
42 0 10 176 96
15 0 4 61 98
30 0 11 253 1
15 1 8 176 22
47 0 15 165 92
40 0 11 254 52
31 0 13 55 42
84 0 7 0 92
97 0 2 55 84
15 2 3 198 97
59 0 1 137 13
71 0 10 272 74
1 1 1 165 49
69 0 11 306 19
25 0 3 295 56
36 1 7 92 65
80 1 7 157 2
16 0 7 159 44
86 0 2 139 4
55 1 14 221 62
37 1 6 68 2
39 0 14 283 75
43 1 3 351 23
72 0 18 322 39
3 0 4 159 84
39 1 4 358 89
67 0 13 97 98
6 0 11 325 65
4 0 17 65 15
88 0 19 0 63
52 1 3 374 7
12 0 2 143 93
29 0 8 198 95
66 0 7 203 51
65 0 13 195 31
51 0 16 0 9
67 1 16 195 65
58 0 15 257 34
20 0 5 0 31
47 1 10 346 82
53 1 10 428 39
59 1 3 381 44
94 0 17 80 72
99 0 1 214 51
44 1 12 157 79
72 1 10 467 21
47 2 16 428 21
2 1 9 109 62
48 0 19 63 29
4 1 9 171 75
62 1 5 117 50
33 0 2 236 87
90 1 2 323 41
79 1 13 226 15
3 1 9 246 31
15 3 7 295 9
30 1 14 358 54
82 1 15 291 85
33 1 3 425 27
66 1 9 277 1
9 0 0 334 23
34 1 9 278 51
8 0 11 390 13
36 2 12 236 7
77 0 13 241 89
57 0 1 265 65
27 0 0 357 48
88 1 4 447 29
94 1 10 488 51
78 0 11 403 15
94 2 19 539 16
68 2 12 243 30
55 2 15 376 13
82 2 11 418 29
75 0 16 449 77
3 2 11 447 2
65 1 7 304 76
96 0 1 330 42
25 1 9 351 80
90 2 10 539 78
16 1 1 372 51
8 1 9 431 47
61 0 2 364 10
41 1 10 617 27
41 2 17 644 80
88 2 15 476 64
85 0 13 330 18
42 1 15 540 86
30 2 1 423 42
0 0 1 465 91
83 0 7 380 59
57 1 3 452 89
79 2 7 439 27
27 1 10 644 89
58 1 18 361 85
66 2 12 278 80
74 1 14 412 72
18 0 19 555 88
81 1 18 446 59
29 1 3 541 25
59 2 9 478 98
23 0 14 484 98
95 0 5 167 59
85 1 14 582 59
79 3 19 643 90
49 0 14 641 18
6 1 1 556 56
70 1 9 576 37
31 1 8 293 71
72 2 2 488 51
88 3 13 540 50
80 2 13 590 27
32 0 0 405 67
56 0 3 566 48
0 1 0 556 20
88 4 11 590 11
86 1 6 143 70
85 2 11 641 15
56 1 8 614 13
91 0 7 466 68
29 2 4 566 71
19 0 11 656 92
25 2 19 733 14
77 1 9 613 19
23 1 15 626 2
96 1 3 614 93
75 1 1 612 59
78 1 19 747 99
22 1 2 539 30
36 3 4 637 50
40 1 3 707 91
10 2 15 628 11
96 2 13 707 88
96 3 17 795 89
9 1 10 733 40
68 3 13 795 80
49 1 4 687 64
91 1 18 534 59
25 3 17 884 28
26 0 12 358 92
43 2 11 748 50
58 2 8 627 2
37 2 18 593 11
15 4 18 604 55
7 1 14 659 27
77 2 1 671 25
59 3 6 576 16
58 3 5 629 29
74 2 2 569 49
9 2 7 773 84
71 1 18 659 26
53 2 3 798 58
89 0 4 751 9
3 3 8 629 31
61 1 4 760 68
30 3 15 639 78
79 4 1 733 91
59 4 0 592 63
84 1 0 655 29
28 1 7 857 38
22 2 14 686 96
46 2 1 824 11
4 2 18 685 88
61 2 5 828 56
85 3 7 895 56
95 1 11 798 69
14 1 15 717 83
97 1 3 856 8
78 2 0 846 14
72 3 6 592 92
12 1 12 450 8
33 2 17 912 7
84 2 11 867 62
55 3 12 458 84
75 2 11 929 83
27 2 11 1012 99
22 3 17 919 50
29 3 7 951 16
19 1 8 748 76
25 4 15 912 14
77 3 12 696 62
23 2 1 835 61
96 4 14 884 31
75 3 17 1012 50
78 3 12 860 33
22 4 6 969 73
36 4 15 926 1
40 2 1 896 24
96 5 19 915 89
9 3 13 875 77
68 4 5 884 24
49 2 12 893 86
91 2 2 618 67
26 1 18 773 26
15 5 16 659 90
7 2 17 1062 70
59 5 16 749 31
74 3 18 799 11
9 4 19 1004 60
71 2 15 927 75
89 1 0 860 82
61 3 0 942 72
59 6 18 810 73
28 2 0 1014 98
35 0 18 883 43
43 3 9 798 80
48 1 2 685 7
45 0 5 908 45
81 2 3 864 73
82 3 7 967 20
96 6 11 1111 59
92 0 7 987 24
33 3 14 919 33
30 4 2 717 15
97 2 13 952 84
16 2 17 1132 7
32 1 14 952 2
67 2 1 920 22
44 2 17 1139 40
17 0 8 824 23
84 3 14 954 81
92 1 8 1011 97
22 5 10 1042 42
33 4 5 953 92
33 5 18 1045 52
20 1 11 1170 10
10 3 8 1108 36
1 2 14 1035 88
73 1 18 1097 88
44 3 1 1179 53
53 3 16 856 30
42 2 9 878 48
20 2 18 1185 19
75 4 12 1062 88
12 2 16 886 35
81 3 13 1036 90
17 1 15 1002 24
74 4 6 1042 52
56 2 13 1126 5
24 1 12 1150 51
41 3 13 1131 11
97 3 4 1036 67
10 4 12 1201 62
17 2 7 1026 60
13 0 10 1084 84
53 4 0 1112 35
11 1 2 732 14
77 4 11 1180 72
31 2 18 1204 94
20 3 2 1204 83
60 1 3 937 94
96 7 6 1170 86
39 2 1 1232 92
21 0 1 1324 55
58 4 3 1031 17
82 4 10 1168 99
68 5 17 1179 74
5 0 8 1144 2
12 3 5 1045 11
84 4 9 1035 81
13 1 8 1168 6
75 5 9 1150 8
17 3 19 1086 59
19 2 16 921 53
37 3 4 1103 82
12 4 9 1158 82
22 6 11 1252 56
36 5 6 1256 61
40 3 0 1147 2
96 8 8 1256 28
9 5 9 1240 53
68 6 2 1287 67
49 3 16 979 82
91 3 15 1026 24
26 2 8 1284 24
15 6 11 1308 51
7 3 2 1354 49
74 5 3 1094 61
9 6 2 1403 48
71 3 19 1145 40
89 2 11 1359 69
61 4 7 1086 63
28 3 3 1155 29
35 1 5 1056 46
43 4 10 1267 83
48 2 9 1293 78
45 1 16 1061 17
81 4 7 1149 20
82 5 14 1267 29
92 2 14 1296 11
30 5 10 1350 71
97 4 17 1253 84
16 3 0 1149 59
32 2 6 1317 68
67 3 19 1185 31
44 4 11 1428 24
17 4 18 1298 77
84 5 2 1451 97
92 3 15 1307 69
22 7 0 1308 67
20 4 10 1421 10
10 5 9 1371 82
1 3 9 1453 17
73 2 19 1216 9
44 5 9 1470 30
53 5 6 1385 80
42 3 7 1169 74
75 6 14 1307 9
12 5 14 1316 2
81 5 10 1431 27
17 5 17 1375 43
74 6 0 1375 36
56 3 12 1263 13
24 2 3 1201 89
41 4 4 1185 19
97 5 14 1337 11
10 6 18 1453 55
17 6 16 1418 20
13 2 19 1225 73
53 6 9 1500 69
11 2 1 1379 38
77 5 18 1508 21
31 3 19 1298 73
60 2 19 1371 55
39 3 12 1324 16
21 1 12 1379 46
58 5 4 1204 60
82 6 6 1465 49
68 7 6 1514 39
5 1 11 1452 41
12 6 18 1529 41
84 6 10 1548 96
13 3 2 1548 99
17 7 6 1553 99
19 3 19 1426 85
37 4 9 1569 56
12 7 10 1644 34
67 4 14 1348 38
79 5 14 1386 2
58 6 10 1678 69
93 0 12 1425 47
0 2 11 1493 60
61 5 3 1290 80
54 0 19 1511 91
26 3 10 1747 18
85 4 19 1602 85
64 1 0 1411 11
9 7 11 1553 58
8 2 7 1243 69
4 3 14 1388 47
72 4 7 1312 92
60 3 13 1426 25
88 5 7 1404 38
61 6 16 1438 91
70 2 11 1611 46
37 5 16 1625 78
69 1 4 1264 4
92 4 1 1417 6
50 0 7 1442 27
14 2 19 1687 13
54 1 11 1657 39
38 0 3 1370 8
5 2 4 1493 28
70 3 19 1700 4
10 7 16 1703 78
1 4 17 1470 30
95 2 1 1423 98
19 4 2 1647 46
13 4 1 1647 69
35 2 7 1469 63
47 3 11 1696 70
57 2 2 1693 39
30 6 4 1521 69
70 4 12 1704 73
79 6 15 1388 69
4 4 2 1732 61
95 3 6 1652 60
4 5 0 1793 91
37 6 14 1703 75
46 3 16 1781 88
2 2 2 1793 5
24 3 13 1451 76
2 3 0 1884 72
16 4 3 1378 48
45 2 11 1766 81
76 0 4 1590 24
99 1 11 1847 25
58 7 14 1778 55
45 3 8 1847 97
87 0 15 1457 13
76 1 3 1614 60
67 5 11 1872 45
51 1 7 1532 66
93 1 17 1500 64
84 7 3 1674 66
87 1 7 1598 52
62 2 8 1944 2
78 4 5 1102 81
73 3 11 1917 63
73 4 6 1980 64
60 4 12 1777 93
40 4 7 1650 43
57 3 7 1732 77
88 6 0 1956 19
14 3 9 1700 37
21 2 13 1527 33
87 2 14 1833 88
14 4 7 1809 71
52 2 14 1921 3
24 4 18 1570 77
21 3 14 1924 46
40 5 12 1870 37
98 3 5 1183 31
27 3 5 1214 49
67 6 15 1917 72
79 7 3 1740 89
93 2 5 1564 16
22 8 4 1614 16
61 7 11 1980 80
26 4 9 1765 30
82 7 16 1869 86
9 8 15 1989 14
2 4 3 1956 96
70 5 7 1880 86
92 5 10 1765 12
50 1 0 1975 30
14 5 1 1880 24
5 3 7 1966 90
1 5 11 2060 77
95 4 16 1955 73
19 5 10 1777 42
35 3 10 1819 62
47 4 8 1946 89
57 4 15 2003 18
79 8 17 1829 30
2 5 6 2052 25
98 4 1 1904 15
24 5 5 1647 6
76 2 0 2005 20
17 8 11 2137 28
63 2 11 2165 27
18 1 7 2056 62
97 6 12 1907 89
99 2 14 1970 56
29 4 11 2192 64
38 1 1 1919 26
36 6 18 1647 56
83 1 18 1703 54
72 5 1 1945 36
89 3 10 1881 14
57 5 0 2025 42
83 2 6 2077 77
84 8 4 1740 81
41 5 19 1704 60
62 3 3 2052 69
23 3 11 2256 9
69 2 15 2021 52
11 3 18 1757 36
8 3 16 2028 24
6 2 16 2052 77
54 2 7 2118 86
38 2 18 1945 11
88 7 3 2121 7
64 2 15 2073 94
63 3 2 2192 93
66 3 11 2265 63
28 4 4 1821 29
11 4 4 1850 68
18 2 17 2118 75
54 3 12 2204 47
38 3 5 1956 29
50 2 9 2005 99
40 6 16 2129 11
73 5 16 2140 85
78 5 18 1956 39
54 4 3 2251 61
64 3 13 2167 44
46 4 0 2067 77
0 3 9 2104 13
34 2 16 2225 57
77 6 6 2154 32
24 6 14 2026 22
52 3 2 2285 96
98 5 6 2186 35
40 7 19 2140 55
88 8 14 2128 59
27 4 16 2282 54
50 3 13 2211 72
71 4 3 2312 29
67 7 4 1989 72
53 7 11 2328 7
48 3 12 2251 90
84 9 1 1981 75
90 3 4 2061 53
86 2 10 1895 84
32 3 19 2195 89
73 6 10 2225 95
86 3 8 2035 80
43 5 0 2144 71
48 4 6 2341 78
90 4 7 2204 82
78 6 10 2320 49
60 5 1 2056 30
24 7 19 2284 29
32 4 1 2284 4
90 5 14 2286 32
29 5 6 2419 23
65 2 11 2335 9
0 4 19 2313 54
33 6 1 2288 82
66 4 3 2341 1
34 3 3 2342 88
8 4 10 2369 89
36 7 5 1985 21
77 7 8 2186 56
66 5 2 2381 61
42 4 16 2336 10
28 5 15 2167 53
97 7 19 2367 38
52 4 6 2442 9
85 5 1 2370 32
28 6 13 2283 50
97 8 18 2405 12
62 4 11 2344 44
52 5 9 2451 44
11 5 11 2388 16
69 3 8 2242 82
98 6 16 2346 9
88 9 6 2451 40
23 4 7 2286 48
29 6 18 2442 77
42 5 13 2346 4
7 4 5 2006 97
23 5 13 2350 69
69 4 13 2419 42
56 4 18 2519 19
11 6 10 2458 92
91 4 10 2550 2
6 3 3 2430 30
10 8 13 2461 39
18 3 6 2491 83
38 4 17 2193 99
50 4 4 2283 17
81 6 4 2300 36
71 5 1 2402 79
33 7 0 2370 29
66 6 18 2538 98
67 8 18 2636 37
20 5 15 2220 77
47 5 0 2399 26
53 8 7 2335 70
94 3 4 2336 32
44 6 15 2297 52
72 6 4 2368 73
48 5 11 2419 94
62 5 15 2388 19
15 7 13 2500 30
82 8 3 2460 96
34 4 2 2442 71
36 8 2 2513 39
75 7 0 2425 58
26 5 13 2530 11
92 6 16 2355 84
22 9 7 2405 37
33 8 8 2399 88
33 9 16 2487 21
20 6 16 2508 95
10 9 7 2500 99
1 6 12 2341 97
73 7 15 2407 87
44 7 6 2574 26
53 9 1 2481 52
20 7 8 2603 57
75 8 6 2600 45
12 8 1 2533 22
81 7 6 2645 16
17 9 10 2552 65
74 7 4 2441 99
56 5 15 2538 87
24 8 17 2313 5
41 6 6 2661 58
97 9 15 2625 74
10 10 6 2719 93
13 5 17 2318 77
53 10 19 2533 88
11 7 17 2550 41
77 8 7 2599 61
31 4 6 2812 58
20 8 12 2660 49
60 6 6 2870 95
96 9 10 2617 23
39 4 10 2640 52
21 4 9 2495 50
58 8 16 2603 34
82 9 2 2556 83
5 4 9 2545 14
12 9 7 2660 98
84 10 13 2541 93
91 5 11 2552 69
6 4 10 2692 24
18 4 1 2574 71
38 5 4 2540 9
50 5 11 2621 69
81 8 9 2661 53
71 6 16 2637 83
66 7 13 2636 58
51 2 5 2103 33
67 9 5 2673 63
47 6 19 2621 24
53 11 17 2621 56
94 4 3 2556 43
44 8 19 2645 90
72 7 5 2736 53
47 7 5 2789 1
48 6 5 2790 7
62 6 4 2549 70
15 8 10 2716 48
82 10 0 2639 14
34 5 11 2690 10
36 9 16 2720 57
75 9 18 2673 25
26 6 19 2735 62
84 11 8 2660 51
80 3 9 2714 20
12 10 17 2758 72
1 7 3 2599 5
11 8 14 2591 4
41 7 2 2719 16
25 5 2 2735 6
18 5 4 2645 32
36 10 11 2777 43
40 8 14 2595 51
10 11 19 2812 73
96 10 16 2777 4
68 8 11 2820 35
49 4 0 2653 6
91 6 13 2694 45
25 6 10 2764 6
26 7 16 2797 38
43 6 12 2709 33
15 9 5 2797 47
7 5 16 2835 8
81 9 8 2714 68
57 6 6 2965 45
30 7 16 2843 10
2 6 18 2698 57
16 5 14 2646 86
45 4 17 2830 81
76 3 8 2782 16
99 3 0 2659 67
45 5 4 2911 67
87 3 0 2726 54
51 3 10 2770 35
84 12 17 2911 73
39 5 3 2692 98
69 5 14 2732 71
80 4 5 2844 75
16 6 15 2732 30
86 4 11 2855 17
55 4 1 2645 15
37 7 2 2741 40
43 7 7 2758 48
72 8 0 2789 62
3 4 1 2660 15
6 5 0 2851 59
4 6 10 2805 7
52 6 7 2806 15
29 7 14 2803 29
65 3 2 2781 16
51 4 9 2805 25
94 5 8 2798 61
99 4 18 2755 51
99 5 13 2806 44
4 7 7 2821 28
62 7 13 2850 71
79 9 11 2872 67
3 5 18 2806 63
83 3 4 2978 99
69 6 2 2803 19
8 5 18 2869 97
6 6 5 2919 13
38 6 2 2822 58
88 10 12 2742 56
46 5 3 2790 64
2 7 8 2859 4
24 9 1 2675 36
16 7 18 2966 99
76 4 12 2798 65
76 5 2 2880 66
30 8 3 2854 67
67 10 10 2812 37
51 5 13 2921 44
93 3 18 3065 64
60 7 16 2965 56
57 7 5 3010 83
21 5 8 2863 24
27 5 15 2762 57
49 5 9 2830 2
0 5 8 2887 38
13 6 12 2863 25
55 5 8 2925 19
98 7 9 2832 59
27 6 7 2849 32
49 6 17 2984 82
0 6 6 3010 69
83 4 1 3077 90
72 9 17 3066 97
89 4 15 2819 77
83 5 9 3167 61
54 5 16 3021 19
63 4 1 3167 81
28 7 17 3163 7
54 6 14 3040 72
50 6 2 2946 59
65 4 4 3077 28
46 6 7 2881 27
3 6 13 2965 19
39 6 19 2885 21
6 7 6 3079 47
65 5 10 3105 88
15 10 15 2896 48
7 6 3 2921 20
59 7 4 3105 75
74 8 11 2939 49
9 9 14 3112 16
71 7 2 3005 40
44 9 2 3045 53
42 6 8 2944 55
75 10 7 2908 11
77 9 2 3098 23
98 8 18 3129 50
27 7 3 2941 86
57 8 12 3093 54
27 8 18 3179 75
2 8 16 3040 36
49 7 2 3121 46
0 7 14 3128 66
17 10 3 3027 85
70 6 18 3254 8
83 6 19 3228 65
89 5 8 2999 39
83 7 17 3293 58
31 5 9 3228 22
20 9 1 3248 67
60 8 9 3250 1
96 11 12 3147 72
39 7 7 2919 50
21 6 7 2969 66
58 9 7 3035 12
82 11 4 3180 95
68 9 0 2910 79
5 5 16 3076 71
12 11 4 3275 67
84 13 16 3147 76
13 7 18 3262 39
75 11 3 3112 34
17 11 12 3219 22
19 6 0 2989 34
37 8 7 3047 34
12 12 13 3342 98
22 10 5 3093 28
36 11 19 3293 34
40 9 4 3342 27
96 12 15 3219 43
9 10 8 3128 20
68 10 3 3146 42
49 8 7 3167 22
91 7 17 3351 85
26 8 4 3369 52
7 7 6 3126 11
74 9 12 3241 83
9 11 12 3324 79
71 8 5 3121 35
89 6 9 3251 27
61 8 6 3137 22
28 8 2 3170 81
35 4 12 3403 72
43 8 6 3159 28
48 7 16 3223 53
45 6 10 3193 82
81 10 2 3251 10
82 12 13 3440 17
92 7 3 3188 32
30 9 9 3278 27
97 10 9 3305 14
16 8 8 3148 51
32 5 3 3220 83
67 11 0 3023 50
44 10 16 3276 50
17 12 9 3319 94
84 14 15 3262 33
92 8 13 3457 1
22 11 18 3301 14
20 10 0 3315 34
10 12 5 3156 93
1 8 10 3275 87
73 8 5 3249 44
44 11 18 3326 91
53 12 14 3194 8
42 7 5 3293 53
75 12 13 3458 68
12 13 8 3440 19
81 11 5 3346 59
74 10 19 3327 10
56 6 4 3421 80
24 10 7 3189 54
41 8 3 3303 34
97 11 11 3319 50
10 13 1 3315 91
13 8 13 3526 27
53 13 4 3501 12
11 9 9 3413 47
77 10 16 3326 33
31 6 5 3405 42
60 9 10 3362 3
39 8 9 3460 61
21 7 5 3447 30
58 10 2 3261 17
82 13 9 3521 45
5 6 18 3417 71
12 14 6 3459 16
84 15 19 3337 34
5 7 15 3488 63
12 15 0 3475 7
84 16 5 3477 95
13 9 14 3553 8
75 13 19 3526 35
19 7 9 3566 85
37 9 13 3553 42
22 12 16 3359 12
36 12 8 3459 57
40 10 15 3551 28
9 12 17 3436 88
91 8 9 3651 51
26 9 1 3421 3
7 8 9 3702 78
71 9 13 3595 53
89 7 16 3371 98
61 9 8 3516 70
28 9 6 3475 78
35 5 19 3561 12
43 9 4 3513 60
48 8 10 3365 8
45 7 6 3553 24
81 12 11 3405 83
82 14 1 3566 65
92 9 0 3482 90
30 10 5 3572 82
16 9 13 3648 47
32 6 16 3469 63
92 10 6 3577 32
1 9 7 3362 99
73 9 1 3631 15
42 8 2 3346 56
56 7 7 3501 6
41 9 5 3654 68
13 10 15 3579 67
30 11 12 3654 59
97 12 5 3722 83
16 10 19 3695 1
32 7 18 3532 58
67 12 9 3780 6
44 12 14 3561 70
17 13 0 3572 62
84 17 18 3590 4
92 11 2 3609 98
22 13 19 3696 17
20 11 14 3631 21
10 14 3 3406 36
1 10 13 3695 22
73 10 13 3717 23
44 13 13 3740 90
53 14 2 3707 4
42 9 17 3524 1
81 13 19 3713 22
74 11 13 3830 32
56 8 6 3609 54
24 11 16 3532 31
41 10 1 3722 89
97 13 10 3805 42
10 15 10 3847 11
13 11 4 3646 38
53 15 13 3862 48
11 10 19 3735 50
77 11 5 3805 66
31 7 1 3811 13
60 10 7 3507 77
39 9 8 3586 22
21 8 17 3525 88
58 11 19 3785 60
82 15 8 3631 48
5 8 17 3613 90
13 12 3 3684 62
19 8 14 3652 53
37 10 11 3595 51
67 13 7 3786 30
79 10 2 3711 37
58 12 9 3845 1
93 4 16 3563 69
0 8 17 3703 78
61 10 18 3594 39
54 7 6 3663 63
26 10 3 3746 86
85 6 6 3726 68
64 4 12 3713 80
8 6 13 3910 51
4 8 16 3632 8
72 10 15 3646 62
60 11 18 3633 1
88 11 17 3781 5
61 11 10 3858 38
70 7 6 3794 51
37 11 19 3845 17
69 7 3 3832 47
92 12 5 3871 79
50 7 10 3896 3
14 6 12 3793 20
54 8 8 3726 44
38 7 10 3899 60
5 9 19 3862 44
70 8 8 3845 46
10 16 4 3858 78
1 11 19 3906 42
16 11 2 3748 16
45 8 3 3879 27
76 6 16 3640 47
99 6 4 3936 80
58 13 13 3961 63
45 9 14 3906 52
87 4 12 3813 50
76 7 18 3687 43
67 14 2 3816 11
51 6 1 3824 13
93 5 1 3837 16
87 5 3 3906 59
62 8 16 3687 53
78 7 17 3786 96
73 11 8 3891 10
73 12 3 3965 93
60 12 11 3646 52
40 11 5 3950 91
57 9 4 4016 63
88 12 2 3827 59
14 7 3 4058 45
21 9 0 3634 26
87 6 6 3965 51
14 8 2 4103 33
52 7 19 3948 16
24 12 9 3846 6
21 10 15 3708 79
40 12 10 4041 45
98 9 13 4024 98
27 9 4 4079 64
67 15 12 3863 34
79 11 12 3897 22
93 6 7 3853 45
22 14 1 3853 12
61 12 17 3896 57
26 11 15 3832 17
9 13 5 4041 25
2 9 19 3964 2
18 6 0 3660 6
69 8 7 3898 17
90 6 9 3852 51
19 9 17 3953 20
76 8 14 3958 63
86 5 15 3849 43
94 6 1 3865 11
47 8 17 3973 22
48 9 15 3892 92
62 9 1 3876 98
34 6 4 4143 9
26 12 11 3849 2
80 5 6 4016 2
1 12 8 3948 50
41 11 14 4021 83
25 7 16 3740 79
18 7 8 3998 89
95 5 14 4104 37
19 10 1 3974 24
35 6 16 3819 98
47 9 7 3995 12
57 10 16 4079 82
30 12 18 3730 93
70 9 14 4141 38
79 12 9 3919 79
4 9 11 3851 96
95 6 9 4141 35
4 10 6 4018 4
37 12 1 3998 62
46 7 19 3966 13
2 10 7 4007 51
24 13 2 4136 87
2 11 12 4058 13
16 12 6 4022 75
45 10 2 4223 59
76 9 17 4021 9
99 7 19 4016 66
58 14 12 4071 62
45 11 7 4282 55
87 7 19 4082 36
76 10 15 4030 14
67 16 6 4097 46
51 7 3 4103 8
93 7 2 4282 62
87 8 13 4122 87
62 10 7 4337 65
78 8 9 4176 31
73 13 12 4133 67
60 13 8 4087 52
57 11 9 4207 50
14 9 11 4136 48
21 11 10 4086 32
87 9 9 4257 98
14 10 17 4184 75
52 8 8 4139 98
24 14 11 4223 84
79 13 8 4237 78
93 8 0 4344 16
0 9 13 4209 32
61 13 12 4200 79
54 9 10 4118 95
26 13 5 4066 50
85 7 15 4044 70
64 5 18 3823 94
8 7 12 4279 41
4 11 4 4152 91
72 11 3 4111 17
60 14 5 4139 21
88 13 16 4161 83
70 10 16 4244 33
69 9 10 4213 67
50 8 19 4118 93
14 11 16 4277 15
54 10 15 4213 52
38 8 7 4402 52
5 10 5 4160 87
70 11 0 4360 34
10 17 0 4394 70
1 13 16 4292 27
95 7 15 4265 47
35 7 17 4259 53
47 10 14 4179 6
57 12 11 4307 9
30 13 7 4454 87
79 14 0 4464 73
4 12 19 4243 22
95 8 13 4312 17
4 13 8 4315 60
46 8 14 4185 52
2 12 5 4247 80
28 10 10 4280 85
22 15 15 4312 89
46 9 17 4312 49
4 14 12 4375 55
61 14 1 4279 60
85 8 18 4114 24
95 9 3 4329 93
14 12 10 4365 29
97 14 8 4375 77
78 9 2 4344 62
72 12 11 4316 80
12 16 3 4422 82
33 10 7 4541 45
84 18 6 4143 59
55 6 9 4355 70
75 14 5 4327 26
27 10 13 4329 99
22 16 8 4452 90
29 8 16 4319 90
19 11 3 4504 15
25 8 12 4430 84
77 12 19 4265 65
23 6 17 4361 65
96 13 7 4586 28
75 15 4 4353 48
78 10 3 4519 40
22 17 9 4542 92
36 13 10 4394 39
40 13 2 4406 78
96 14 0 4614 52
9 14 18 4138 29
68 11 1 4339 24
49 9 6 4202 13
91 9 19 4330 46
26 14 14 4237 87
15 11 17 4426 78
7 9 15 4401 47
59 8 10 4433 31
74 12 17 4504 39
9 15 3 4559 68
71 10 14 4324 57
89 8 7 4614 8
61 15 14 4381 19
59 9 15 4464 46
28 11 19 4376 26
35 8 11 4396 57
43 10 2 4484 76
48 10 8 4542 18
45 12 12 4514 74
81 14 16 4409 6
82 16 19 4402 64
96 15 9 4666 18
92 13 17 4543 36
33 11 12 4588 61
30 14 17 4579 55
97 15 0 4666 88
16 13 16 4415 29
32 8 10 4464 46
67 17 8 4560 34
44 14 5 4353 31
17 14 5 4384 24
84 19 12 4649 69
92 14 9 4684 56
22 18 3 4634 92
33 12 19 4649 34
33 13 11 4683 53
20 12 19 4683 27
10 18 11 4736 70
1 14 6 4319 19
73 14 17 4634 69
44 15 7 4622 35
53 16 18 4167 57
42 10 0 4754 52
20 13 4 4710 43
75 16 15 4510 1
12 17 15 4511 67
81 15 17 4703 91
17 15 14 4408 56
74 13 16 4543 39
56 9 16 4582 41
24 15 0 4806 3
41 12 11 4806 5
97 16 1 4754 58
10 19 14 4806 62
17 16 1 4812 75
13 13 11 4811 8
53 17 5 4408 34
11 11 13 4428 88
77 13 3 4726 10
31 8 16 4623 56
20 14 7 4753 56
60 15 2 4560 5
96 16 18 4684 60
39 10 11 4819 78
21 12 18 4744 67
58 15 0 4809 14
82 17 5 4466 9
68 12 7 4809 45
5 11 6 4338 72
12 18 19 4710 24
13 14 9 4819 35
75 17 8 4594 48
19 12 18 4811 26
37 13 8 4642 32
22 19 12 4726 42
36 14 3 4736 22
40 14 17 4794 29
96 17 5 4744 91
9 16 4 4753 3
68 13 19 4854 5
49 10 19 4859 92
91 10 14 4868 86
26 15 6 4410 10
15 12 19 4951 20
7 10 18 4837 69
74 14 8 4674 86
9 17 1 4887 85
71 11 12 4768 99
89 9 6 4622 53
61 16 15 4578 95
28 12 11 4897 27
35 9 3 4758 67
43 11 1 4972 18
48 11 7 4854 59
45 13 9 4854 25
81 16 1 4990 22
82 18 12 4867 26
92 15 4 4756 1
30 15 8 4760 61
97 17 7 4913 58
16 14 9 4879 64
32 9 2 4565 62
67 18 3 4825 37
44 16 3 4862 66
92 16 19 4971 17
20 15 6 4809 93
1 15 0 4823 55
73 15 7 4971 13
44 17 8 4928 90
53 18 15 4673 70
42 11 12 4893 52
75 18 2 4642 12
81 17 14 5012 74
74 15 5 4835 13
56 10 5 4848 56
24 16 10 4809 5
41 13 7 4984 43
97 18 16 4971 8
13 15 6 4902 44
53 19 12 4945 13
11 12 6 4946 92
77 14 10 4814 27
31 9 11 4924 74
60 16 15 4743 1
39 11 18 4906 51
21 13 6 5038 24
58 16 11 4998 76
82 19 17 4893 36
68 14 8 5018 13
5 12 3 4928 31
13 16 5 4946 45
19 13 13 4837 11
37 14 5 4991 88
67 19 17 4929 82
79 15 10 4841 71
58 17 6 5074 2
93 9 10 4912 5
0 10 15 4744 47
61 17 13 4848 35
54 11 0 4878 61
26 16 0 4939 37
85 9 4 4757 53
64 6 14 5086 24
47 11 12 4958 34
57 13 17 5011 72
79 16 18 4957 67
2 13 4 4810 82
98 10 0 4976 86
24 17 4 4892 88
76 11 6 5076 70
63 5 4 4980 17
18 8 3 4959 44
97 19 6 5146 17
99 8 5 5079 23
29 9 19 4988 55
38 9 14 5110 36
36 15 1 5012 80
83 8 16 4979 42
72 13 9 4943 29
89 10 2 4675 15
57 14 8 5083 46
83 9 2 5021 86
41 14 18 5027 70
62 11 12 4992 4
23 7 12 4996 8
69 10 6 5163 38
11 13 5 5102 29
8 8 17 5083 29
6 8 17 5112 56
54 12 9 4972 7
38 10 19 5146 14
88 14 18 5097 46
64 7 6 5201 65
63 6 15 4997 14
66 8 10 4917 47
28 13 5 5131 52
11 14 0 5131 23
18 9 11 5074 30
54 13 13 4979 94
38 11 0 5160 47
50 9 1 5092 4
40 15 9 4979 66
73 16 9 5045 35
78 11 6 5266 54
54 14 18 5143 77
64 8 10 5266 22
46 10 9 5080 19
0 11 7 5027 81
34 7 5 5183 45
77 15 0 5207 39
24 18 8 5129 35
52 9 15 5011 19
98 11 10 5288 6
40 16 13 5073 87
88 15 1 5143 41
27 11 1 5184 60
50 10 14 5146 30
71 12 0 5246 57
48 12 4 4997 59
90 7 11 5104 27
86 6 13 5160 50
32 10 9 5099 99
73 17 2 5107 71
86 7 5 5228 17
43 12 14 5176 32
48 13 13 5210 96
90 8 19 5160 56
78 12 7 5320 53
60 17 0 5303 9
24 19 6 5320 89
32 11 8 5198 90
90 9 18 5220 4
29 10 2 5178 83
65 6 6 5409 97
0 12 10 5294 96
33 14 9 5198 26
66 9 1 5244 15
34 8 0 5312 90
8 9 6 5506 69
36 16 13 5306 88
77 16 15 5246 46
66 10 14 5259 83
42 12 14 5342 86
28 14 12 5183 7
52 10 10 5390 8
85 10 8 5288 12
28 15 1 5259 94
62 12 19 5216 46
52 11 12 5398 1
85 11 5 5300 69
11 15 16 5154 19
69 11 0 5402 23
98 12 17 5294 49
88 16 5 5369 90
29 11 1 5353 18
42 13 19 5428 6
7 11 7 5373 58
23 8 9 5224 82
69 12 5 5459 79
56 11 9 5306 10
11 16 12 5399 10
91 11 1 5371 11
6 9 18 5224 51
18 10 9 5316 10
38 12 13 5394 70
50 11 3 5176 18
81 18 15 5292 99
71 13 7 5431 94
33 15 15 5391 23
66 11 16 5342 16
20 16 13 5464 47
47 12 3 5194 88
94 7 5 5538 1
44 18 4 5056 1
72 14 14 5428 86
48 14 3 5306 52
62 13 9 5326 94
15 13 9 5420 14
34 9 12 5409 16
36 17 9 5434 66
75 19 10 5398 56
26 17 7 5525 42
92 17 18 5275 84
33 16 4 5414 69
33 17 10 5483 73
20 17 17 5511 80
1 16 2 5261 77
73 18 0 5425 51
44 19 0 5476 21
20 18 3 5591 28
81 19 0 5497 61
74 16 9 5500 54
56 12 19 5434 64
41 15 15 5414 10
13 17 0 5558 56
11 17 3 5619 9
77 17 4 5483 31
31 10 0 5614 12
20 19 9 5619 78
60 18 4 5514 23
96 18 2 5338 86
39 12 5 5539 70
21 14 11 5131 20
58 18 1 5382 85
5 13 2 5424 57
91 12 4 5537 2
6 10 15 5424 55
18 11 12 5425 35
38 13 12 5464 10
50 12 8 5300 36
71 14 8 5525 99
66 12 8 5624 50
51 8 14 5514 47
47 13 1 5467 28
94 8 14 5561 74
72 15 16 5514 89
47 14 13 5511 54
11 18 15 5628 24
77 18 14 5635 23
31 11 2 5626 26
60 19 14 5658 78
39 13 2 5652 41
21 15 4 5539 67
58 19 17 5591 9
5 14 13 5565 42
13 18 16 5614 46
19 14 12 5474 28
37 15 3 5628 70
79 17 4 5606 48
93 10 11 5151 26
0 13 2 5693 69
61 18 19 5498 41
54 15 17 5600 58
26 18 2 5762 30
85 12 10 5556 35
64 9 7 5567 74
8 10 0 5626 60
4 15 13 5607 22
72 16 12 5603 26
88 17 9 5697 4
61 19 9 5701 3
70 12 2 5792 89
37 16 12 5698 50
69 13 12 5748 95
50 13 5 5609 65
14 13 0 5686 15
54 16 5 5674 11
38 14 16 5660 1
5 15 12 5843 1
70 13 3 5881 90
1 17 18 5359 78
16 15 12 5844 65
45 14 15 5652 58
76 12 5 5685 46
99 9 12 5909 74
45 15 1 5710 62
87 10 11 5177 26
76 13 11 5731 32
51 9 15 5710 80
93 11 3 5971 70
87 11 10 5591 56
78 13 16 5661 91
73 19 4 5654 90
40 17 8 5674 86
57 15 18 5437 51
88 18 10 5701 24
14 14 5 5731 44
21 16 16 5752 4
87 12 5 5775 89
14 15 4 5775 55
52 12 13 5629 87
21 17 3 6041 8
40 18 18 5760 16
98 13 3 6049 24
27 12 6 5575 71
79 18 5 5864 10
93 12 14 6041 48
26 19 17 5792 5
90 10 8 5760 19
34 10 10 5725 55
80 6 0 5701 58
85 13 3 6073 89
64 10 16 5756 62
55 7 18 5776 32
2 14 10 5780 49
18 12 10 5829 78
69 14 9 5843 21
90 11 5 5874 41
19 15 5 5915 96
76 14 10 5907 54
86 8 19 5539 50
94 9 12 5983 17
47 15 9 5864 8
62 14 6 5646 48
15 14 2 5881 21
34 11 15 5790 91
80 7 15 5881 36
1 18 4 5830 20
41 16 16 5818 65
25 9 11 5763 23
18 13 2 5907 40
95 10 18 5808 83
35 10 8 5779 45
47 16 18 5891 74
57 16 14 6089 36
30 16 19 5589 70
70 14 1 5971 73
79 19 16 5883 54
4 16 15 5917 36
95 11 7 5891 27
4 17 1 6044 37
37 17 17 5797 78
46 11 4 5850 62
2 15 15 5953 96
2 16 1 6081 27
16 16 11 5909 94
76 15 13 5961 17
99 10 7 5983 12
87 13 2 5947 38
76 16 19 5978 85
51 10 8 5824 99
93 13 9 6089 58
87 14 18 5985 48
62 15 2 5985 86
57 17 19 6125 27
14 16 13 5978 1
87 15 17 6033 58
52 13 18 6033 9
93 14 19 6152 75
0 14 5 6011 74
54 17 4 5912 21
64 11 1 6108 58
8 11 4 5933 50
4 18 3 6162 43
72 17 13 5979 29
88 19 8 5923 34
70 15 5 6085 81
69 15 16 5937 56
50 14 6 5694 93
38 15 9 6147 66
1 19 5 6166 56
95 12 0 5918 95
35 11 4 5983 90
47 17 2 6071 41
57 18 13 6152 9
30 17 0 6013 58
4 19 5 6222 13
95 13 2 6112 77
46 12 18 6042 10
2 17 13 6161 25
99 11 16 5995 52
51 11 12 6000 23
93 15 13 6227 13
57 19 10 6161 48
98 14 15 6073 89
27 13 2 6189 52
50 15 12 6023 37
35 12 0 6073 83
47 18 4 6112 1
63 7 16 6047 78
18 14 15 6162 48
11 19 7 5995 74
25 10 7 6069 76
36 18 0 6156 90
91 13 6 5787 97
25 11 14 6145 38
43 13 17 6091 65
15 15 1 6166 97
30 18 6 6071 86
16 17 4 6113 83
99 12 17 6156 13
51 12 18 6052 59
80 8 17 6169 54
86 9 18 6111 66
55 8 11 6003 57
72 18 8 6008 9
6 11 7 6145 11
56 13 2 6241 26
13 19 7 6156 35
31 12 4 6196 70
96 19 4 6266 6
91 14 16 6125 53
6 12 19 6227 74
38 16 15 6213 51
66 13 6 6157 36
51 13 0 6246 2
94 10 9 6213 15
72 19 19 6301 83
80 9 14 6223 46
25 12 18 6183 28
68 15 14 6269 44
49 11 1 6263 38
43 14 13 6240 33
85 14 16 6178 6
95 14 19 6384 67
14 17 6 6193 21
78 14 1 6301 87
12 19 11 6060 53
33 18 6 6214 87
55 9 2 6267 38
27 14 12 6241 74
29 12 12 6315 42
19 16 6 6301 49
25 13 8 6211 98
77 19 17 6223 24
23 9 3 6205 64
78 15 13 6388 36
36 19 14 6313 20
40 19 6 6350 20
9 18 16 6184 49
68 16 16 6313 93
49 12 5 6301 72
91 15 5 6373 44
15 16 0 6263 69
7 12 4 6272 35
59 10 14 6333 85
74 17 7 6191 91
9 19 6 6370 6
71 15 11 6113 53
89 11 19 6451 1
59 11 19 6452 79
28 16 14 6418 86
35 13 14 6504 36
43 15 8 6309 98
48 15 1 6388 69
45 16 13 6424 29
68 17 4 6406 33
55 10 17 6305 90
3 7 16 6406 38
65 7 19 6531 43
25 14 1 6457 98
90 12 12 6357 80
16 18 5 6417 61
8 12 15 6264 83
41 17 0 6332 70
41 18 9 6402 12
85 15 12 6437 41
42 14 6 6376 65
30 19 13 6453 7
0 15 18 6211 91
83 10 15 6347 64
27 15 9 6414 18
66 14 0 6402 13
74 18 15 6411 6
18 15 14 6540 82
29 13 15 6417 78
59 12 8 6531 67
23 10 10 6269 61
95 15 17 6451 30
85 16 17 6481 87
49 13 3 6373 45
6 13 13 6460 85
70 16 15 6495 37
31 13 14 6622 91
80 10 10 6330 85
32 12 11 6166 91
56 14 10 6415 33
0 16 4 6439 73
86 10 7 6282 24
85 17 9 6568 41
56 15 11 6448 11
91 16 8 6598 64
29 14 10 6495 33
19 17 4 6512 7
25 15 13 6555 38
23 11 6 6441 5
78 16 14 6713 79
68 18 9 6609 34
49 14 11 6459 66
91 17 12 6662 33
25 16 5 6593 57
43 16 19 6574 28
37 18 0 6415 39
15 17 14 6792 25
7 13 11 6525 20
59 13 12 6695 6
74 19 10 6528 51
71 16 17 6568 93
89 12 14 6817 68
3 8 7 6444 75
59 14 11 6701 25
28 17 8 6662 54
46 13 8 6716 42
85 18 0 6609 85
95 16 10 6579 78
14 18 8 6758 67
78 17 4 6792 27
33 19 13 6593 53
55 11 5 6650 37
27 16 17 6661 13
29 15 13 6646 12
19 18 7 6519 33
25 17 4 6819 27
23 12 16 6446 21
78 18 15 6819 2
68 19 18 6643 28
49 15 13 6658 48
91 18 0 6695 32
7 14 10 6657 52
59 15 2 6726 40
71 17 9 6661 75
89 13 12 6885 56
59 16 5 6766 39
28 18 18 6716 51
35 14 15 6821 54
43 17 5 6805 92
48 16 18 6767 64
45 17 0 6727 88
92 18 11 6726 80
16 19 10 6709 36
32 13 15 6875 9
17 17 4 6846 11
92 19 12 6941 64
42 15 18 6831 58
17 18 2 6857 48
56 16 14 6885 20
41 19 12 7005 24
17 19 13 6905 26
31 14 15 6884 68
39 14 13 6931 39
21 18 2 6905 4
5 16 10 6745 6
19 19 15 6952 82
37 19 15 7034 98
49 16 10 6751 10
91 19 3 6727 53
7 15 8 6825 5
71 18 6 6736 29
89 14 5 6941 72
28 19 16 6767 17
35 15 9 6875 85
43 18 16 6897 95
48 17 17 6831 76
45 18 19 6815 97
32 14 7 6884 83
42 16 1 6889 80
56 17 0 6905 32
42 17 4 6969 96
56 18 1 6969 24
31 15 12 7029 1
39 15 6 6970 19
21 19 19 6912 31
5 17 0 6937 74
93 16 15 7132 11
0 17 12 7030 67
54 18 1 6993 54
85 19 2 6909 51
64 12 11 6806 86
8 13 5 7013 64
70 17 17 6907 50
69 16 17 6957 19
50 16 15 7143 10
14 19 14 6905 27
54 19 2 7047 80
38 17 11 6892 96
5 18 14 7011 27
70 18 13 6970 80
95 17 4 7065 26
35 16 6 6989 29
47 19 6 7018 74
70 19 4 7091 63
95 18 12 7097 45
46 14 15 7153 97
2 18 11 6988 83
2 19 17 7071 42
45 19 18 6912 80
76 17 7 6967 6
99 13 15 7250 4
87 16 1 7047 3
76 18 9 6973 12
51 14 19 6943 89
93 17 4 7154 47
87 17 8 7050 72
62 16 10 6761 6
78 19 8 7122 34
87 18 16 7122 10
52 14 5 7077 48
98 15 4 7201 56
27 17 8 7156 59
93 18 6 7201 50
50 17 18 7153 45
5 19 1 7050 86
95 19 8 7215 55
35 17 2 7127 6
98 16 7 7257 85
76 19 1 7136 11
63 8 17 7113 89
18 16 16 7132 77
99 14 8 7270 36
29 16 5 7125 28
38 18 6 7251 41
83 11 5 7153 3
89 15 1 7147 61
83 12 13 7156 55
62 17 0 7011 34
23 13 18 7198 97
69 17 19 7032 52
8 14 2 7133 86
6 14 4 7257 46
38 19 8 7306 73
64 13 5 7156 49
63 9 3 7202 90
66 15 4 7303 46
18 17 5 7209 73
50 18 16 7209 14
64 14 8 7379 94
46 15 12 7250 49
0 18 16 7223 89
34 12 6 7292 65
52 15 16 7312 76
98 17 19 7342 14
27 18 19 7356 26
50 19 17 7223 98
71 19 4 7349 79
48 18 0 7045 82
90 13 0 7127 33
86 11 12 7299 15
32 15 4 7428 15
86 12 9 7314 90
43 19 15 7254 11
48 19 14 7127 36
90 14 16 7388 71
32 16 5 7443 83
90 15 3 7459 18
29 17 17 7321 97
65 8 8 7473 14
0 19 3 7477 81
66 16 17 7418 97
34 13 8 7487 36
8 15 1 7219 96
66 17 5 7526 87
42 18 11 7071 38
52 16 1 7388 26
62 18 17 7515 97
52 17 0 7414 63
69 18 1 7414 25
98 18 2 7356 78
29 18 0 7477 61
42 19 3 7558 94
7 16 0 7538 56
23 14 5 7613 63
69 19 18 7439 68
56 19 17 7612 27
6 15 12 7314 14
18 18 13 7282 19
66 18 19 7613 3
94 11 2 7434 72
62 19 18 7612 45
15 18 6 7357 55
34 14 14 7523 19
15 19 12 7412 52
34 15 7 7542 70
31 16 10 7030 2
39 16 0 7594 91
6 16 2 7506 57
18 19 18 7657 86
66 19 15 7616 50
51 15 11 7109 16
94 12 13 7506 87
80 11 19 7616 27
25 18 6 7412 62
25 19 0 7685 94
49 17 8 7523 94
7 17 1 7594 68
99 15 2 7563 69
51 16 2 7632 30
39 17 17 7685 62
80 12 11 7643 63
86 13 1 7662 83
55 12 6 7474 31
3 9 12 7464 35
6 17 14 7563 8
52 18 17 7747 52
29 19 9 7538 7
65 9 0 7779 89
51 17 17 7799 45
94 13 18 7743 81
99 16 3 7652 5
31 17 3 7657 12
39 18 15 7747 46
93 19 8 7617 29
64 15 2 7662 29
8 16 19 7643 58
35 18 13 7593 36
46 16 13 7629 76
99 17 6 7657 21
87 19 4 7443 81
51 18 4 7844 3
52 19 4 7847 12
98 19 8 7646 20
27 19 14 7571 59
35 19 1 7745 32
63 10 10 7292 97
99 18 9 7678 57
83 13 8 7666 79
89 16 3 7669 49
83 14 3 7745 88
23 15 8 7745 85
8 17 8 7830 57
6 18 9 7735 36
64 16 19 7701 75
63 11 5 7676 97
64 17 4 7859 13
46 17 5 7773 59
34 16 17 7844 92
90 16 15 7793 13
86 14 14 7745 45
32 17 13 7705 47
86 15 3 7833 15
90 17 17 7936 3
32 18 17 7939 95
90 18 13 7939 43
65 10 17 8034 38
34 17 19 7936 16
8 18 3 7887 60
7 18 19 7952 44
23 16 0 7868 18
6 19 8 7887 17
94 14 11 7824 26
34 18 1 7952 76
31 18 7 7669 91
39 19 16 7793 39
51 19 6 7847 55
94 15 16 7850 26
80 13 2 7706 42
49 18 18 7824 83
7 19 12 7996 74
99 19 10 7735 79
80 14 16 7876 88
86 16 0 7886 72
55 13 19 7996 64
3 10 15 7806 52
65 11 1 8072 66
94 16 6 7902 74
3 11 10 7858 37
83 15 14 7833 13
23 17 2 7886 39
8 19 14 7947 47
46 18 6 7976 36
55 14 3 8060 20
83 16 0 7958 63
89 17 18 7907 35
83 17 12 8070 66
63 12 19 8060 12
65 12 18 8138 62
46 19 2 8012 43
3 12 17 8072 91
65 13 14 8200 8
59 17 17 8163 16
83 18 11 8136 83
89 18 13 7982 67
31 19 17 8179 53
89 19 17 8232 21
32 19 12 8136 42
64 18 17 8253 26
80 15 8 7964 75
86 17 17 8279 26
55 15 4 8080 12
3 13 14 8208 34
65 14 3 8208 41
94 17 0 8021 30
3 14 2 8242 7
83 19 10 8219 85
23 18 19 8072 91
49 19 15 7907 5
55 16 13 8092 9
63 13 9 8072 28
65 15 9 8249 81
3 15 5 8249 63
65 16 15 8330 38
59 18 7 8179 60
59 19 13 8239 64
80 16 18 8200 30
86 18 16 8305 89
55 17 7 8239 75
3 16 3 8312 7
65 17 12 8368 16
94 18 7 8314 79
90 19 6 8012 95
3 17 19 8319 11
34 19 13 8303 1
94 19 15 8393 40
55 18 16 8394 90
3 18 6 8330 45
65 18 16 8484 26
23 19 4 8163 64
80 17 1 8230 46
86 19 4 8394 83
3 19 0 8375 68
55 19 0 8484 15
64 19 3 8319 82
63 14 8 8100 72
63 15 14 8242 93
63 16 6 8375 18
65 19 5 8510 16
80 18 3 8401 19
80 19 12 8420 12
63 17 12 8432 90
63 18 7 8522 53
63 19 13 8575 23
