52 0 16 0 4
80 0 0 0 89
15 0 6 0 99
54 0 14 0 82
98 0 19 0 94
83 0 0 89 50
38 0 13 0 5
70 0 2 0 1
76 0 12 0 25
16 0 12 25 63
47 0 1 0 52
33 0 14 82 22
0 0 9 0 53
77 0 5 0 41
3 0 12 88 10
45 0 16 4 64
37 0 5 41 37
87 0 16 68 86
3 1 19 98 6
51 0 11 0 61
22 0 19 104 86
45 1 12 98 11
36 0 10 0 63
64 0 1 52 78
8 0 8 0 37
21 0 4 0 31
20 0 15 0 99
60 0 3 0 32
22 1 17 190 59
3 2 5 104 62
63 0 1 130 44
40 0 1 174 4
96 0 0 139 14
94 0 8 37 38
93 0 11 61 3
61 0 7 0 4
0 1 19 190 48
90 0 16 154 70
90 1 2 224 55
92 0 3 32 72
37 1 15 99 60
18 0 4 31 80
44 0 19 238 93
87 1 18 154 18
12 0 11 64 87
44 1 13 331 16
83 1 3 139 95
82 0 10 63 77
78 0 1 178 29
0 2 7 238 17
41 0 12 109 14
11 0 16 224 76
69 0 8 75 84
19 0 12 123 93
5 0 12 216 63
75 0 3 234 86
27 0 8 159 54
57 0 13 347 97
93 1 7 255 17
38 1 0 153 29
91 0 13 444 71
77 1 6 99 23
73 0 6 122 73
43 0 10 140 36
23 0 16 300 17
90 2 14 279 92
17 0 6 195 6
55 0 2 279 11
9 0 11 151 40
23 1 15 317 59
40 1 7 272 20
49 0 19 331 25
29 0 16 317 43
29 1 15 376 35
75 1 5 320 60
75 2 17 380 48
58 0 19 356 7
42 0 5 380 82
4 0 12 279 17
25 0 9 53 39
96 1 18 172 41
4 1 2 296 37
10 0 0 182 48
83 2 1 234 33
30 0 11 191 81
98 1 4 111 7
18 1 1 267 50
86 0 9 92 97
71 0 11 272 70
30 1 5 462 3
18 2 15 411 35
68 0 5 465 63
55 1 11 342 53
80 1 14 371 97
10 1 9 230 63
13 0 3 320 22
53 0 13 515 73
95 0 17 428 37
52 1 12 296 57
84 0 10 176 83
11 1 11 395 56
10 2 2 333 47
26 0 10 259 84
13 1 19 363 64
55 2 0 395 39
76 1 15 446 19
56 0 6 201 79
35 0 14 468 26
27 1 5 528 89
8 1 1 317 70
11 2 6 451 19
47 1 19 427 50
34 0 16 360 1
51 1 1 387 4
46 0 4 118 10
35 1 3 494 65
3 3 11 451 67
96 2 12 353 82
96 3 4 435 47
55 3 15 465 81
36 1 16 361 30
24 0 12 435 70
25 1 1 391 62
28 0 4 482 65
13 2 14 494 21
51 2 2 391 30
49 1 6 470 29
75 3 15 546 8
2 0 12 505 42
59 0 12 547 9
33 1 0 434 95
57 1 2 444 40
59 1 0 556 28
97 0 9 293 99
80 2 18 468 66
74 0 16 391 65
18 3 19 477 43
80 3 15 554 17
50 0 9 392 35
99 0 4 547 79
62 0 7 292 86
68 1 11 528 28
66 0 7 378 8
19 1 19 520 46
73 1 17 465 19
33 2 17 529 92
15 1 1 453 72
24 1 11 556 23
24 2 1 579 29
9 1 13 588 23
62 1 4 626 46
29 2 10 411 84
81 0 10 495 57
64 1 18 534 22
25 2 19 566 80
89 0 16 456 8
80 4 5 617 2
36 2 7 391 24
13 3 10 552 44
81 1 2 552 89
64 2 12 556 8
17 1 15 571 39
28 1 6 547 82
31 0 15 610 35
5 1 14 515 68
5 2 18 583 45
68 2 1 608 37
96 4 8 482 49
83 3 19 646 34
26 1 5 619 87
16 1 16 464 87
59 2 17 621 6
60 1 0 584 71
51 3 15 645 50
49 2 0 655 51
52 2 10 596 1
52 3 2 641 80
60 2 14 655 47
65 0 8 531 30
65 1 19 680 41
63 1 9 427 55
63 2 5 706 12
14 0 6 629 58
75 4 6 687 18
65 2 18 721 20
48 0 4 672 70
16 2 2 721 72
43 1 1 645 14
66 1 2 793 15
2 1 11 579 62
48 1 6 742 98
40 2 15 695 37
51 4 13 695 50
35 2 5 718 93
60 3 5 811 16
18 4 0 706 96
60 4 4 827 50
30 2 3 559 69
27 2 9 617 30
27 3 19 721 4
18 5 18 802 3
21 1 6 840 26
7 0 5 827 33
1 0 3 628 52
98 2 10 597 40
29 3 3 680 68
78 1 17 627 24
45 2 14 702 13
73 2 5 860 89
74 1 6 866 39
28 2 12 629 11
63 3 14 718 38
38 2 11 641 76
74 2 17 905 15
28 3 5 949 85
80 5 7 619 32
63 4 17 920 35
38 3 7 717 16
22 2 18 805 40
58 1 7 733 54
16 3 3 793 44
57 2 12 640 32
97 1 15 732 52
28 4 9 1034 8
23 2 18 845 60
94 1 15 784 51
45 3 19 725 4
11 3 13 745 7
49 3 3 837 83
40 3 9 1042 62
60 5 15 877 96
92 1 19 729 65
34 1 15 973 22
34 2 14 995 46
89 1 13 752 79
69 1 3 920 84
1 1 2 808 74
48 2 3 1004 23
12 1 14 1041 22
34 3 6 1041 91
50 1 18 905 12
79 0 8 561 17
30 3 4 877 81
19 2 13 831 47
90 3 3 1027 59
70 1 16 551 41
48 3 13 1027 29
96 5 14 1063 52
93 2 15 995 78
23 3 8 905 37
33 3 19 794 95
88 0 9 1104 17
3 4 14 1115 66
98 3 18 917 29
41 1 13 1056 19
74 3 5 1034 72
32 0 16 592 98
27 4 2 882 37
84 1 6 1132 93
4 2 10 637 21
88 1 6 1225 80
4 3 11 717 91
97 2 14 1181 30
17 2 0 802 65
47 2 5 1106 13
81 2 18 946 78
73 3 0 949 90
56 1 15 1073 97
56 2 9 1170 9
99 1 11 808 39
54 1 2 919 37
74 4 11 1106 65
79 1 6 1305 18
94 2 13 1075 28
39 0 5 1119 85
78 2 18 1024 48
53 1 5 1204 92
66 2 1 808 66
57 3 3 1086 7
94 3 14 1211 76
77 2 12 672 34
22 3 12 845 42
65 3 7 787 49
30 4 0 1039 52
91 1 9 1179 69
70 2 9 1248 31
50 2 12 917 89
21 2 5 1296 12
48 4 1 1056 88
42 1 13 1103 73
49 4 5 1308 91
39 1 11 1204 99
80 6 12 1006 94
45 4 9 1279 74
89 2 17 955 71
71 1 7 836 40
91 2 1 1248 9
54 2 3 1093 99
65 4 4 958 60
76 2 19 889 88
76 3 3 1192 68
90 4 19 1086 62
36 3 11 1303 41
53 2 8 1296 25
14 1 9 1353 56
94 4 18 1287 38
73 4 7 1039 27
43 2 17 1026 96
57 4 5 1399 85
6 0 2 956 91
53 3 19 1321 41
1 2 6 1323 35
50 3 10 1006 41
94 5 16 1325 96
20 1 12 1100 55
85 0 18 1325 61
14 2 11 1409 73
11 4 17 1122 44
57 5 6 1484 60
94 6 19 1421 91
11 5 14 1287 90
11 6 2 1377 23
37 2 13 1176 79
51 5 8 1321 39
9 2 0 1091 52
75 5 13 1255 14
87 2 15 1170 71
80 7 11 1482 71
65 5 16 1421 59
52 4 6 1544 21
40 4 19 1512 79
86 1 15 1241 42
15 2 5 1484 40
79 2 1 1323 36
88 2 12 1305 96
61 1 4 1018 8
31 1 2 1400 14
46 1 3 1260 99
47 3 14 1377 73
96 6 5 1524 64
73 5 15 1283 84
10 3 7 1066 12
47 4 12 1450 88
87 3 0 1241 19
30 5 9 1409 59
27 5 11 1553 72
82 1 4 1026 79
87 4 6 1565 13
9 3 4 1143 39
86 2 8 1360 77
9 4 8 1437 64
41 2 6 1578 36
82 2 7 1105 61
30 6 16 1480 88
94 7 0 1512 32
79 3 10 1359 1
96 7 6 1614 25
99 2 9 1468 46
4 4 8 1501 7
76 4 10 1360 40
55 4 19 1591 66
85 1 12 1538 65
77 3 3 1359 31
54 3 6 1639 34
43 3 2 1414 61
54 4 12 1673 94
17 3 5 1588 47
71 2 15 1367 18
72 0 15 1385 1
62 2 1 1359 71
6 1 18 1386 58
18 6 16 1568 81
9 5 19 1657 9
84 2 8 1508 90
80 8 10 1553 87
14 3 4 1482 22
51 6 4 1504 41
74 5 9 1514 6
87 5 2 1578 72
48 5 10 1640 31
71 3 14 1450 41
90 5 9 1520 16
96 8 16 1649 12
43 4 19 1666 3
77 4 4 1545 65
97 3 12 1767 27
85 2 6 1673 48
55 5 6 1721 99
3 5 4 1610 38
56 3 0 1544 56
32 1 17 1166 76
50 4 1 1430 70
47 5 13 1538 67
50 5 2 1650 18
44 2 3 1390 96
58 2 15 1386 19
68 3 0 1600 62
22 4 5 1635 46
95 1 8 1598 71
0 3 6 1820 42
62 3 19 1669 94
50 6 13 1668 70
43 5 14 1669 30
73 6 18 1444 73
37 3 16 1661 25
33 4 18 1517 70
39 2 13 1738 30
38 4 18 1587 81
78 3 15 1405 13
19 3 8 1669 13
72 1 11 1625 55
39 3 9 1768 23
1 3 15 1418 3
41 3 18 1668 52
72 2 8 1682 80
16 4 0 1662 20
34 4 4 1648 78
3 6 13 1768 20
44 3 7 1486 73
73 7 19 1763 30
33 5 11 1680 84
30 7 17 1568 99
70 3 6 1862 10
33 6 4 1764 3
67 0 16 1686 29
66 3 6 1872 46
20 2 11 1764 44
42 2 9 1791 91
24 3 0 1682 78
83 4 15 1421 49
35 3 18 1720 8
51 7 10 1671 15
49 5 4 1767 93
95 2 2 1669 80
86 3 14 1699 4
27 6 18 1728 1
61 2 15 1470 91
67 1 3 1715 10
93 3 16 1715 72
30 8 13 1788 63
76 5 16 1787 42
60 6 2 1749 31
58 3 14 1703 14
94 8 7 1559 90
82 3 18 1729 52
11 7 5 1681 12
52 5 18 1781 35
48 6 2 1780 7
1 4 16 1829 45
29 4 5 1693 85
53 4 9 1882 58
86 4 0 1760 80
88 3 18 1816 44
49 6 12 1860 44
45 5 8 1762 23
70 4 19 1872 99
67 2 5 1778 78
63 5 0 1840 6
22 5 15 1681 78
37 4 18 1860 83
51 8 16 1874 22
75 6 12 1904 71
87 6 12 1975 12
46 2 10 1686 20
26 2 15 1759 40
11 8 1 1693 57
10 4 4 1860 56
97 4 7 1794 86
55 6 4 1916 73
31 2 11 1808 63
17 4 2 1787 69
31 3 12 1987 25
80 9 16 1896 45
63 6 3 1846 61
38 5 5 1856 9
16 5 18 1943 77
57 6 17 1667 19
28 5 15 1799 53
11 9 4 1989 99
40 5 5 1865 62
60 7 17 1780 10
31 4 5 2012 7
17 5 12 2012 17
49 7 8 1904 16
89 3 14 1717 87
32 2 13 1851 87
49 8 2 1920 23
26 3 16 1941 12
56 4 14 1804 50
33 7 3 1907 56
41 4 8 1920 88
74 6 13 1938 99
32 3 2 1943 69
27 7 4 2088 10
84 3 2 2012 96
88 4 15 1860 2
97 5 3 1963 29
17 6 19 2029 35
47 6 18 2020 78
81 3 13 2037 21
73 8 1 1793 51
99 3 17 1790 95
54 5 5 2019 46
74 7 19 2064 83
79 4 5 2065 54
94 9 17 1885 73
39 4 17 1958 91
78 4 0 1846 93
53 5 15 1940 36
66 4 11 1918 22
57 7 19 2147 13
94 10 12 2029 56
77 5 10 1706 43
22 6 0 1939 14
65 6 6 1918 40
30 9 12 2085 35
91 3 18 2098 92
70 5 3 1992 94
50 7 6 1958 69
35 4 6 2027 44
61 3 13 2058 54
76 6 2 2108 60
36 4 14 1854 97
58 4 10 1749 68
82 4 8 2008 74
68 4 16 1953 56
11 10 8 2088 75
52 6 9 1940 32
48 7 5 2119 92
1 5 18 2190 36
33 8 12 2120 31
29 5 14 1951 3
92 2 9 1972 18
49 9 7 1943 7
45 6 15 1976 84
70 6 0 2086 9
67 3 10 1856 46
22 7 8 2163 7
37 5 19 2160 21
51 9 14 1954 55
46 3 15 2060 80
26 4 2 2168 9
16 6 9 2020 48
10 5 3 2086 86
97 6 5 2211 80
55 7 3 2172 76
46 4 11 2140 60
31 5 1 2019 22
46 5 5 2291 2
31 6 10 2041 72
17 7 10 2113 94
49 10 17 2049 57
89 4 12 2151 1
32 4 1 2041 65
26 5 9 2177 62
56 5 8 2170 43
33 9 15 2151 10
41 5 2 2177 67
74 8 1 2147 65
32 5 6 2106 64
84 4 7 2108 75
4 5 18 2226 44
88 5 11 2200 92
97 7 19 2291 78
17 8 3 2248 52
47 7 9 2239 82
81 4 11 2292 58
73 9 12 2152 33
56 6 13 2213 55
99 4 0 2095 4
54 6 16 2065 74
74 9 14 2212 84
79 5 12 2185 20
94 11 11 2350 67
39 5 3 2300 32
78 5 14 2296 68
53 6 1 2212 50
66 5 12 2205 66
66 6 14 2364 13
57 8 8 2213 54
77 6 15 2161 51
94 12 4 2417 4
77 7 0 2212 35
22 8 4 2421 49
65 7 15 2212 72
30 10 18 2270 48
91 4 7 2190 69
70 7 7 2259 69
50 8 8 2267 5
35 5 16 2139 98
21 3 7 2328 48
48 8 18 2318 3
42 3 11 2417 78
39 6 14 2377 61
89 5 15 2284 61
91 5 12 2271 91
45 7 18 2321 62
89 6 18 2383 82
91 6 19 2369 63
54 7 19 2432 45
76 7 18 2465 29
76 8 11 2495 87
90 6 6 2170 4
88 6 17 2292 32
36 5 5 2293 71
53 7 10 2262 90
14 4 14 2438 65
73 10 2 2244 84
43 6 0 2247 98
57 9 10 2352 62
1 6 8 2272 92
6 2 8 2364 75
50 9 17 2324 59
20 3 19 2477 16
85 3 19 2493 2
14 5 8 2503 94
11 11 9 2321 22
57 10 16 2414 47
5 3 0 2345 41
22 9 1 2470 6
11 12 15 2345 59
37 6 8 2597 10
51 10 12 2362 37
53 8 4 2470 98
9 6 14 2503 65
52 7 17 2383 98
40 6 17 2481 71
15 3 18 2494 88
79 6 0 2386 95
88 7 3 2332 57
61 4 11 2582 59
61 5 9 2641 51
31 7 3 2389 38
96 9 13 2268 56
73 11 10 2414 21
10 6 15 2404 86
30 11 10 2435 26
27 8 3 2427 65
41 6 14 2568 2
30 12 2 2461 44
79 7 11 2641 20
99 5 12 2399 55
4 6 17 2552 22
85 4 15 2495 98
54 8 4 2568 78
17 9 7 2376 58
72 3 14 2570 27
62 4 6 2174 84
6 3 10 2461 11
84 5 15 2593 41
48 9 16 2461 80
90 7 17 2574 29
97 8 0 2481 76
85 5 16 2593 44
56 7 1 2476 32
32 6 14 2597 58
50 10 7 2434 30
44 4 10 2472 94
58 5 9 2692 74
68 5 10 2566 73
95 3 11 2661 33
0 4 2 2505 70
62 5 14 2655 72
33 10 10 2639 35
1 7 14 2727 20
44 5 6 2566 36
70 8 12 2454 55
68 6 6 2639 54
66 7 18 2582 7
42 4 10 2674 54
24 4 8 2607 54
83 5 8 2661 25
35 6 1 2508 50
6 4 17 2603 7
52 8 0 2557 78
29 6 12 2509 11
40 7 8 2686 18
86 5 7 2464 95
15 4 13 2582 39
79 8 2 2661 57
88 8 7 2559 74
31 8 7 2633 63
46 6 0 2635 98
73 12 4 2646 38
10 7 17 2610 1
87 7 14 2747 64
30 13 1 2558 38
27 9 7 2696 81
82 5 9 2766 31
43 7 8 2704 75
40 8 2 2718 82
9 7 2 2800 22
86 6 3 2559 17
61 6 1 2692 58
78 6 5 2364 17
19 4 10 2728 87
72 4 3 2597 58
44 6 9 2797 29
70 9 17 2611 92
68 7 2 2822 70
67 4 15 2634 94
66 8 9 2826 30
20 4 3 2655 49
42 5 16 2728 1
24 5 6 2693 3
83 6 16 2729 22
35 7 19 2558 36
6 5 12 2610 86
20 5 0 2733 86
52 9 1 2750 50
29 7 18 2589 13
40 9 11 2800 7
15 5 15 2728 26
79 9 3 2718 42
46 7 12 2733 97
10 8 6 2696 20
87 8 3 2811 78
30 14 14 2811 32
27 10 12 2830 22
82 6 17 2797 71
87 9 11 2889 37
43 8 15 2779 41
75 7 16 2751 41
9 8 17 2868 71
41 7 1 2800 30
65 8 9 2856 31
48 10 17 2939 18
74 10 2 2892 85
54 9 1 2830 41
19 5 14 2843 60
33 11 13 2674 47
58 6 4 2766 1
69 2 2 2977 21
18 7 14 2903 10
18 8 12 2913 14
8 2 7 2777 38
24 6 15 2820 27
62 6 13 2727 51
62 7 12 2927 75
59 3 18 2602 73
65 9 12 3002 26
35 8 10 2815 5
75 8 14 2913 76
15 6 9 2887 57
25 3 16 2792 74
59 4 6 2716 73
65 10 1 3028 55
18 9 11 2927 32
36 6 13 2778 92
69 3 14 2998 35
81 5 9 2944 78
25 4 7 2866 25
95 4 9 3022 95
89 7 8 2779 7
93 4 3 2889 63
95 5 4 3117 41
89 8 19 2786 53
93 5 2 2998 92
61 7 8 2786 55
76 9 7 2891 57
36 7 12 3028 91
39 7 12 3119 42
38 6 6 2789 94
61 8 6 2883 63
78 7 11 2959 51
19 6 17 2957 83
72 5 13 2870 92
92 3 16 2866 80
72 6 18 2962 18
64 3 0 2819 85
2 2 13 2962 83
34 5 5 2381 48
81 6 14 3033 25
82 7 19 2868 98
38 7 8 2883 82
44 7 2 3090 38
83 7 11 3010 87
86 7 18 2980 50
34 6 1 3083 32
92 4 14 3058 55
81 7 4 3158 51
82 8 1 3115 4
3 7 7 2948 76
44 8 14 3128 63
33 12 16 2946 94
70 10 18 3030 17
83 8 13 3097 46
49 11 18 3047 56
25 5 5 2891 43
65 11 14 3191 3
69 4 0 3033 54
91 7 2 3128 3
68 8 7 3024 53
13 4 16 3040 34
13 5 7 3077 43
8 3 15 2847 84
28 6 0 3087 89
53 9 17 3040 39
6 6 19 2966 70
20 6 14 3194 40
85 6 1 3119 4
5 4 9 3117 78
37 7 11 3097 78
26 6 4 3209 27
16 7 10 2820 34
29 8 13 3143 66
97 9 2 3131 13
55 8 17 3079 7
46 8 14 3234 1
31 9 14 3235 80
17 10 13 3209 63
49 12 9 3195 72
36 8 17 3119 22
26 7 0 3236 68
56 8 4 3236 91
93 6 12 3161 35
84 6 13 3272 68
54 10 9 3267 58
52 10 15 2931 79
41 8 16 3074 83
14 6 10 2854 98
47 8 7 3120 18
39 8 19 3161 11
0 5 13 3340 99
99 6 14 3315 80
39 9 4 3327 56
91 8 11 3175 96
42 6 4 3383 30
47 9 16 3157 86
79 10 4 3413 3
66 9 15 3010 64
23 4 1 3123 95
71 4 2 3144 26
34 7 19 3172 93
20 7 4 3416 40
42 7 18 3413 9
24 7 3 2952 82
56 9 5 3327 75
21 4 1 3218 41
16 8 19 3265 62
67 5 8 2965 97
63 7 2 3170 93
71 5 0 3304 65
98 4 1 3259 87
21 5 2 3263 2
23 5 7 3218 78
9 9 12 3196 51
97 10 1 3346 12
46 9 1 3358 1
12 2 18 3422 14
88 9 14 3395 32
7 1 11 3271 97
92 5 5 3402 45
73 13 8 3062 29
57 11 0 3369 11
5 5 3 3195 74
25 6 17 3141 79
15 7 3 3269 81
93 7 5 3447 62
61 9 0 3380 3
68 9 8 3091 7
64 4 5 3509 92
2 3 16 3243 59
29 9 0 3383 74
5 6 15 3269 97
26 8 8 3304 24
16 9 4 3456 64
41 9 4 3520 86
0 6 11 3439 23
31 10 18 3436 65
71 6 1 3369 7
6 7 9 3325 26
87 10 9 3351 69
43 9 16 3302 79
77 8 17 3220 42
97 11 8 3358 23
85 7 2 3265 50
3 8 6 3024 94
65 12 17 3262 61
68 10 12 3247 35
69 5 1 3376 98
91 9 6 3271 9
13 6 0 3457 14
13 7 1 3474 73
91 10 17 3323 48
42 8 0 3471 37
23 6 17 3371 61
34 8 0 3508 28
20 8 1 3547 41
42 9 17 3508 3
24 8 17 3511 30
21 6 13 3439 25
67 6 6 3280 85
63 8 18 3501 18
98 5 17 3541 18
21 7 3 3464 17
23 7 10 3432 45
46 10 2 3359 59
12 3 8 3436 19
7 2 0 3536 81
25 7 11 3462 52
15 8 7 3350 63
93 8 17 3559 86
56 10 17 3645 83
21 8 9 3481 32
67 7 14 3427 86
71 7 4 3606 56
98 6 0 3617 82
21 9 18 3519 77
23 8 0 3699 51
9 10 18 3596 7
97 12 4 3662 66
46 11 19 3418 1
12 4 1 3588 98
7 3 18 3617 35
5 7 16 3381 14
15 9 8 3455 71
93 9 19 3645 5
61 10 12 3383 64
68 11 14 3513 64
64 5 11 3601 8
2 4 7 3413 60
5 8 2 3418 48
41 10 7 3606 97
0 7 18 3652 79
31 11 19 3650 84
71 8 12 3662 32
6 8 7 3703 53
77 9 14 3577 56
97 13 16 3728 30
85 8 7 3756 66
91 11 3 3481 29
13 8 12 3694 38
42 10 8 3526 71
20 9 13 3588 36
24 9 9 3541 90
67 8 13 3624 63
98 7 8 3699 75
8 4 17 3728 25
28 7 16 3758 29
20 10 18 3731 93
36 9 6 3365 97
67 9 19 3734 50
18 10 3 3510 54
8 5 12 3753 32
62 8 0 3750 46
62 9 17 3796 17
29 10 1 3686 30
45 8 0 3796 8
45 9 6 3804 42
40 10 3 3564 42
10 9 1 3716 80
77 10 19 3784 29
54 11 7 3822 43
19 7 1 3796 69
58 7 17 3813 62
69 6 16 3787 95
98 8 5 3774 32
75 9 10 3477 57
59 5 5 3806 71
59 6 11 3877 7
86 8 4 3728 32
74 11 7 3865 90
59 7 3 3884 57
59 8 2 3941 95
81 8 15 3366 7
76 10 9 3631 77
34 9 10 3536 91
81 9 12 3785 1
13 9 5 3877 58
53 10 18 3824 94
37 8 4 3760 75
55 9 14 3633 91
95 6 10 3627 15
7 4 16 3882 83
92 6 4 3835 34
83 9 10 3642 13
64 6 9 3708 45
38 8 14 3724 71
64 7 14 3795 38
69 7 6 3882 54
8 6 14 3833 72
2 5 9 3753 8
4 7 6 3936 50
7 5 6 3986 28
2 6 3 3941 15
55 10 9 3761 33
31 12 13 3734 8
17 11 4 3869 63
89 9 6 4014 70
36 10 9 3794 49
32 7 4 3932 7
26 9 19 3813 79
56 11 18 3918 17
84 7 9 3843 43
52 11 4 3939 53
41 11 9 3886 33
14 7 19 3892 13
47 10 0 3804 27
78 8 8 3774 49
39 10 16 3965 33
0 8 16 3998 42
99 7 1 3865 79
39 11 1 3998 30
50 11 4 3992 34
47 11 6 4084 34
64 8 2 4036 20
2 7 19 3956 10
5 9 13 3742 54
26 10 14 3905 52
0 9 8 4040 88
71 9 9 3919 37
85 9 3 3956 97
3 9 15 3373 67
69 8 11 3936 63
85 10 17 4053 26
3 10 18 3935 34
69 9 9 3999 59
7 6 3 4053 47
8 7 18 3969 37
36 11 2 4056 40
8 8 16 4040 23
40 11 12 3786 97
10 10 10 3796 82
54 12 0 3865 71
19 8 7 3955 32
58 8 13 3875 53
70 11 5 3935 89
67 10 18 4006 49
37 9 6 4118 9
75 10 0 3936 72
11 13 19 3966 96
97 14 6 4127 66
55 11 16 4063 47
80 10 6 4193 45
38 9 4 4026 5
28 8 11 3999 60
60 8 12 3883 63
89 10 2 4096 54
32 8 18 4055 18
56 12 12 3946 55
74 12 8 4128 23
32 9 15 4073 7
27 11 1 4028 17
84 8 18 4073 77
4 8 5 4024 31
88 10 10 3878 48
47 12 10 4118 26
81 10 19 4062 61
33 13 9 4058 61
41 12 0 4008 23
84 9 12 4150 32
4 9 13 4055 82
81 11 17 4123 92
73 14 3 4100 34
99 8 19 4123 35
54 13 15 4080 59
79 11 15 4139 55
17 12 11 4059 89
89 11 11 4150 62
36 12 3 4134 37
32 10 19 4158 9
26 11 13 4137 18
56 13 10 4144 43
84 10 16 4182 75
52 12 19 4167 40
41 13 19 4207 5
14 8 5 4055 25
47 13 15 4194 30
78 9 3 4171 76
39 12 15 4224 27
0 10 14 4128 23
99 9 13 4158 11
39 13 2 4251 19
50 12 11 4212 23
47 14 17 4224 17
64 9 15 4251 38
2 8 10 4187 1
5 10 17 4241 91
26 12 1 4155 57
0 11 3 4247 77
71 10 3 4324 32
85 11 4 4079 85
3 11 1 4212 59
69 10 4 4164 74
7 7 7 4100 34
5 11 7 4332 92
8 9 0 4063 14
36 13 1 4271 36
8 10 3 4356 44
40 12 6 4238 10
10 11 8 4151 4
54 14 11 4235 25
19 9 3 4400 12
58 9 2 4270 51
45 10 2 4321 96
70 12 14 4151 73
67 11 7 4424 27
22 10 6 4248 28
37 10 3 4412 70
51 11 17 4332 7
75 11 18 4150 23
26 13 12 4212 93
11 14 3 4482 5
10 12 19 4212 8
97 15 18 4193 52
55 12 18 4245 14
46 12 16 4257 26
27 12 6 4276 72
82 9 14 4224 62
61 11 18 4259 38
72 7 0 4077 91
44 9 11 4260 14
70 13 10 4224 10
66 10 3 4487 55
35 9 2 4417 68
27 13 10 4348 41
48 11 7 4451 39
74 13 18 4297 45
72 8 4 4238 23
44 10 17 4339 7
70 14 4 4261 98
49 13 1 4307 41
28 9 3 4542 22
17 13 16 4283 56
84 11 1 4348 1
12 5 9 4119 68
4 10 9 4187 53
33 14 7 4490 45
30 15 19 4220 4
48 12 15 4490 57
90 8 15 4547 18
1 8 10 4389 58
11 15 0 4487 67
96 10 2 4485 47
30 16 7 4535 80
30 17 15 4615 44
90 9 0 4565 20
1 9 12 4447 14
80 11 9 4240 21
28 10 7 4615 46
88 11 0 4585 61
97 16 10 4447 67
17 14 8 4339 30
47 15 4 4359 2
48 13 8 4547 56
43 10 3 4564 96
2 9 14 4286 78
48 14 9 4603 8
40 13 0 4646 6
12 6 5 4187 47
7 8 13 4169 23
5 12 11 4424 91
93 10 14 4364 55
64 10 8 4603 73
41 14 5 4234 42
0 12 1 4349 59
31 13 4 4361 18
6 9 4 4379 5
77 11 8 4676 79
85 12 0 4652 71
91 12 16 4339 14
13 10 11 4515 52
24 10 7 4661 27
98 9 9 4611 45
8 11 13 4400 3
28 11 8 4755 29
18 11 9 4656 21
8 12 9 4677 25
62 10 11 4567 35
45 11 11 4602 26
54 15 17 4346 55
19 10 4 4412 2
58 10 8 4784 35
69 11 18 4342 90
98 10 14 4656 19
59 9 10 4514 93
59 10 15 4659 56
86 9 13 4403 44
74 14 0 4723 74
59 11 7 4715 67
81 12 1 4408 13
76 11 8 4819 23
34 10 2 4532 16
81 13 3 4660 73
13 11 6 4567 26
53 11 14 4675 64
95 7 15 4715 67
7 9 9 4702 96
92 7 6 4593 67
83 10 5 4276 96
38 10 9 4798 3
69 12 19 4432 68
4 11 14 4739 21
7 10 10 4798 31
89 12 5 4372 75
32 11 0 4797 36
26 14 17 4401 61
56 14 19 4500 80
84 12 17 4462 28
52 13 11 4628 19
14 9 12 4461 66
78 10 16 4353 40
39 14 18 4432 14
99 10 2 4548 4
39 15 0 4833 81
50 13 3 4733 42
3 12 0 4914 27
69 13 10 4829 98
69 14 5 4927 39
54 16 18 4446 84
19 11 18 4530 89
58 11 6 4819 23
80 12 19 4580 91
28 12 17 4784 22
60 9 10 4927 10
89 13 10 4937 13
32 12 12 4833 48
56 15 11 4647 62
74 15 15 4797 88
32 13 8 4881 48
4 12 4 4760 89
88 12 4 4849 47
81 14 6 4842 35
73 15 9 4801 12
99 11 3 4775 24
54 17 13 4530 48
79 12 17 4806 18
56 16 2 4709 60
14 10 18 4619 35
78 11 6 4877 88
50 14 0 4941 45
22 11 10 4950 12
72 9 6 4965 96
56 17 7 4782 3
95 8 5 4966 10
83 11 9 4813 98
42 11 3 4799 26
49 14 10 4962 68
39 16 10 5030 21
80 13 2 4769 30
45 12 13 4628 41
89 14 0 4986 53
71 11 19 4671 48
91 13 14 4760 15
54 18 10 5051 84
65 13 2 4799 57
76 12 17 4842 91
76 13 13 4933 34
90 10 7 4785 56
36 14 8 4929 23
53 12 2 4856 15
14 11 17 4933 50
94 13 1 4421 55
73 16 14 4813 57
43 11 9 4911 73
57 12 15 4885 32
6 10 11 4709 81
53 13 0 5039 29
1 10 13 4967 5
50 15 15 4986 92
94 14 3 4825 77
20 11 8 4952 34
85 13 9 4984 52
14 12 3 4983 8
11 16 18 4654 94
57 13 11 4917 49
94 15 9 5036 20
11 17 7 4841 64
11 18 12 4905 88
37 11 2 4871 36
51 12 18 4748 88
9 11 6 5061 7
75 12 1 4476 81
87 11 13 4972 13
80 14 3 4991 33
65 14 10 5135 58
52 14 7 4905 25
40 14 14 4870 25
86 10 2 4907 93
15 10 16 4393 93
79 13 13 4985 39
88 13 16 4896 78
61 12 19 4719 21
31 14 17 4983 79
46 13 18 4836 99
47 16 11 4966 87
96 11 7 4930 42
73 17 16 4974 46
10 13 5 4976 55
47 17 2 5053 85
87 12 7 4985 78
30 18 8 4986 86
27 14 14 4895 51
82 10 16 5020 44
87 13 8 5072 60
9 12 3 5068 7
86 11 12 5000 2
9 13 5 5075 34
41 15 11 5053 77
82 11 15 5078 38
30 19 6 5072 90
79 14 19 5024 85
96 12 9 5056 77
99 12 15 5116 63
4 13 16 5064 35
91 14 15 5179 11
13 12 18 4935 6
42 12 14 4946 98
20 12 17 5062 88
24 11 19 5109 95
67 12 17 5150 63
98 11 6 5162 23
8 13 4 4896 91
28 13 18 4941 71
20 13 2 5150 90
36 15 15 5190 83
18 12 10 5193 57
46 14 8 5132 89
12 7 10 5250 97
7 11 14 5044 94
93 11 6 5185 77
61 13 14 5138 8
68 12 18 5012 22
64 11 6 5262 53
2 10 2 5240 27
41 16 10 5347 47
9 14 10 5394 59
84 13 11 5130 11
80 15 8 5221 20
14 13 15 5273 47
51 13 6 5315 58
74 16 4 4987 26
87 14 5 5132 71
48 15 19 5204 1
71 12 16 5099 77
90 11 11 5141 82
96 13 15 5320 89
43 12 18 5034 54
77 12 7 5063 22
85 14 11 5223 32
55 13 8 5241 51
3 13 3 5075 61
56 18 16 5176 56
32 14 9 5133 83
44 11 12 5002 7
58 12 11 5255 88
22 12 13 5024 73
95 9 19 5205 94
0 13 4 5013 45
62 11 18 5088 22
43 13 4 5088 72
73 18 13 5097 9
37 12 0 5068 41
33 15 2 5267 47
38 11 10 5453 38
78 12 2 5314 85
19 12 5 5203 3
72 10 1 5061 86
1 11 1 5147 93
72 11 17 5213 40
16 10 13 5106 26
34 11 12 5009 52
3 14 17 5253 10
44 12 4 5160 56
33 16 1 5314 4
66 11 8 5292 31
20 14 7 5240 99
24 12 13 5204 8
83 12 6 5373 43
52 15 13 5212 84
41 17 3 5394 58
14 14 0 5320 33
47 18 8 5323 40
78 13 9 5399 43
39 17 8 5363 56
0 14 5 5206 84
99 13 16 5232 14
39 18 7 5419 57
50 16 19 5299 92
47 19 3 5452 77
64 12 3 5529 44
2 11 0 5353 98
5 13 10 5491 64
26 15 18 5110 15
0 15 0 5451 58
71 13 5 5290 26
85 15 13 5296 98
3 15 2 5399 67
69 15 17 5263 83
85 16 14 5394 60
3 16 10 5555 21
69 16 13 5394 5
7 12 19 5391 63
8 14 19 5454 97
36 16 18 5273 53
8 15 11 5551 88
40 15 10 5576 70
10 14 16 5246 85
54 19 8 5419 57
19 13 6 5416 12
58 13 1 5343 68
70 15 13 5399 38
67 13 11 5639 81
37 13 17 5346 8
75 13 7 5476 50
11 19 10 5646 77
97 17 11 5720 42
55 14 1 5411 25
80 16 17 5354 97
38 12 19 5551 25
28 14 13 5437 35
60 10 16 5331 74
89 15 3 5573 53
32 15 10 5723 43
56 19 3 5626 33
74 17 12 5061 41
32 16 5 5766 35
27 15 15 5409 42
84 14 14 5454 90
4 14 19 5576 48
88 14 19 5624 81
81 15 16 5405 46
33 17 5 5801 1
41 18 17 5452 23
84 15 5 5802 5
4 15 15 5624 16
81 16 0 5509 61
73 19 11 5762 8
99 14 6 5428 34
79 15 18 5326 28
17 15 1 5436 24
89 16 4 5626 78
36 17 0 5570 71
32 17 3 5801 84
26 16 11 5770 61
84 16 4 5807 4
52 16 8 5476 91
41 19 15 5640 44
14 15 1 5460 24
78 14 13 5472 56
39 19 6 5476 68
0 16 15 5684 47
99 15 8 5567 14
50 17 16 5451 60
64 13 17 5573 19
2 12 18 5451 35
5 14 5 5807 61
26 17 3 5885 21
0 17 10 5766 91
71 14 17 5592 91
85 17 10 5857 88
3 17 16 5576 90
69 17 7 5526 19
7 13 15 5731 21
5 15 19 5868 6
8 16 10 5945 64
36 18 19 5874 64
8 17 6 6009 81
40 16 16 5666 27
10 15 18 5486 75
19 14 2 5466 14
58 14 18 5561 53
45 13 7 5545 2
70 16 15 5752 13
67 14 2 5720 4
22 13 16 5693 35
37 14 1 5484 1
51 14 5 5868 90
75 14 8 5581 60
26 18 7 5906 93
10 16 11 5831 22
97 18 13 5762 91
55 15 13 5853 4
31 15 8 5641 42
17 16 18 5614 37
38 13 15 5765 85
28 15 19 5938 6
60 11 7 5999 88
17 17 14 5651 3
89 17 1 5704 97
32 18 11 5885 32
26 19 6 6090 57
74 18 10 6009 61
32 19 7 6087 84
27 16 16 5728 21
84 17 3 5906 63
4 16 3 5969 70
88 15 8 5705 86
81 17 8 5791 4
99 16 10 6070 57
74 19 3 6070 28
79 16 7 6171 21
94 16 6 6147 43
78 15 4 5811 31
53 14 7 6192 27
94 17 2 6190 62
22 14 14 5728 64
50 18 14 5792 98
35 10 12 5102 6
61 14 3 6098 69
76 14 0 5641 96
58 15 16 5749 39
82 12 11 5917 25
52 17 5 5958 51
48 16 0 5737 79
1 12 17 5683 46
92 8 15 5850 59
85 18 8 5945 75
69 18 12 5545 74
13 13 8 6020 56
13 14 4 6076 98
12 8 2 6252 10
7 14 12 5752 1
15 11 14 5890 59
12 9 3 6262 71
7 15 1 5801 56
5 16 8 6076 6
64 14 10 6127 75
2 13 6 6190 22
0 18 12 5857 29
6 11 14 5949 66
8 18 5 6090 65
18 13 8 6082 78
8 19 2 6262 59
45 14 4 6174 28
19 15 15 5909 99
58 16 3 6333 65
69 19 15 6008 73
59 12 9 5442 23
59 13 13 5857 30
59 14 8 6160 98
81 18 7 6219 68
76 15 1 5857 22
81 19 5 6287 3
53 15 3 6398 89
37 15 10 6202 19
94 18 5 6290 79
77 13 16 5788 66
22 15 2 6321 57
65 15 3 6487 87
91 15 4 6202 2
70 17 11 5942 52
50 19 5 6369 41
35 11 9 5465 49
61 15 16 6167 93
36 19 4 6204 76
79 17 14 6192 49
19 16 0 6008 69
90 12 5 6410 33
70 18 1 5994 48
48 17 14 6241 90
96 14 17 5729 92
93 12 9 5514 95
23 9 9 5609 67
33 18 6 6212 35
88 16 1 6042 29
3 18 8 6258 73
27 17 0 6077 39
84 18 19 5969 79
4 17 1 6071 93
88 17 2 6378 64
4 18 0 6164 41
97 19 17 5853 84
17 18 9 5676 61
99 17 7 6287 58
48 18 11 6331 74
1 13 0 6205 36
29 11 8 6331 54
53 16 16 6487 50
86 12 6 6247 5
88 18 13 6442 48
49 15 14 6331 25
45 15 3 6574 14
70 19 8 6385 87
67 15 0 6241 80
63 9 13 6490 62
22 16 7 6378 77
80 17 4 6280 34
13 15 2 6442 2
64 15 13 6552 41
17 19 17 5937 12
28 16 2 6444 22
31 16 6 6252 94
5 17 4 6314 60
5 18 1 6374 65
68 13 4 6374 98
96 15 1 6439 41
83 13 7 6455 80
16 11 15 6081 68
59 15 1 6480 37
60 12 6 6346 32
51 15 0 6321 64
49 16 13 6593 63
52 18 14 6356 95
52 19 3 6588 4
60 13 11 6405 50
65 16 0 6574 88
65 17 13 6662 40
63 10 4 6552 42
63 11 11 6594 23
14 16 16 6537 53
75 15 11 6617 15
65 18 11 6702 94
48 19 12 6405 55
15 12 10 6221 12
25 8 8 6472 12
59 16 4 6594 34
65 19 5 6796 78
18 14 2 6466 56
25 9 0 6662 6
95 10 0 6668 63
89 18 9 5801 18
93 13 10 6233 49
95 11 14 6731 97
89 19 7 6535 39
93 14 8 6484 6
61 16 10 6282 95
76 16 4 6628 84
38 14 1 6517 45
78 16 12 6460 77
19 17 11 6796 12
72 12 19 6048 17
92 9 11 6808 5
72 13 12 6537 39
64 16 7 6593 71
2 14 1 6562 80
34 12 17 5949 48
82 13 13 6702 29
38 15 2 6562 62
44 13 16 6590 54
91 16 8 6490 43
42 13 2 6624 70
79 18 9 6241 7
66 12 17 5997 96
23 10 12 6576 34
71 15 10 6377 5
34 13 13 6731 43
20 15 5 6874 37
42 14 7 6694 35
24 13 18 5651 9
21 10 16 6644 98
16 12 6 6378 92
67 16 4 6712 9
67 17 12 6721 95
63 12 12 6816 9
71 16 13 6774 33
98 12 12 6825 69
21 11 15 6742 2
23 11 14 6828 45
9 15 15 6744 2
46 15 6 6470 38
12 10 16 6742 66
88 19 5 6911 34
92 10 1 6813 38
57 14 18 5660 65
61 17 2 6694 61
68 14 15 6746 41
29 12 19 6385 12
16 13 17 6470 18
31 17 9 6346 89
71 17 18 6807 74
35 12 0 6731 46
63 13 6 6825 71
71 18 8 6881 90
98 13 7 6894 1
21 12 12 6894 82
23 12 11 6873 47
9 16 16 6808 45
46 16 7 6895 15
12 11 0 6808 42
92 11 7 6910 99
57 15 9 6435 69
61 18 17 6755 37
68 15 19 6787 6
86 13 19 6793 68
49 17 16 6853 43
45 16 1 6851 99
67 18 1 6950 6
63 14 8 6971 79
22 17 11 6920 64
37 16 12 6976 1
51 16 3 6592 7
75 16 4 6721 33
87 15 19 6861 63
46 17 17 6910 47
10 17 14 6873 11
55 16 5 6945 15
31 18 0 6850 29
31 19 16 6896 40
80 18 13 6807 15
63 15 19 7050 84
38 16 3 6624 30
16 14 7 7009 51
57 16 7 7060 67
28 17 10 6466 77
40 17 13 6822 87
60 14 8 7050 93
49 18 15 6896 87
49 19 11 6984 53
33 19 8 7143 53
27 18 17 6957 1
84 19 0 6879 92
99 18 5 6960 14
79 19 16 6936 98
94 19 10 6543 49
78 17 7 7127 88
53 17 12 6977 26
66 13 16 7034 82
57 17 1 7127 96
77 14 9 6504 68
91 17 0 6971 52
35 13 4 6777 55
61 19 5 6974 74
76 17 5 7048 26
58 17 0 7023 64
82 14 5 7074 40
68 16 17 6958 88
1 14 5 7114 94
29 13 17 7046 94
92 12 8 7196 91
45 17 5 7208 14
67 19 9 6956 83
22 18 9 7039 63
37 17 14 6977 6
51 17 19 7134 23
46 18 9 7102 74
16 15 5 7222 43
10 18 12 7003 46
55 17 7 7215 26
46 19 13 7176 14
4 19 7 7241 5
99 19 18 6974 60
78 18 10 7215 53
53 18 11 7037 38
66 14 19 7157 60
66 15 0 7217 14
57 18 4 7223 7
77 15 13 7190 32
77 16 1 7223 21
22 19 3 7102 15
91 18 5 7265 54
35 14 17 7140 1
21 13 0 7231 92
42 15 19 7217 55
91 19 10 7319 96
45 18 17 7222 65
76 18 14 7074 66
76 19 6 7140 76
90 13 12 7049 77
53 19 6 7216 11
14 17 13 7222 39
43 14 12 7126 29
57 19 14 7230 71
1 15 11 7208 76
6 12 1 7244 57
20 16 16 7116 54
85 19 5 7319 43
14 18 7 7261 43
5 19 6 7227 73
37 18 9 7176 67
51 18 7 7304 19
9 17 1 7301 41
40 18 18 7034 69
15 13 4 7230 71
96 16 3 7117 75
10 19 13 7261 48
27 19 13 7309 59
72 14 9 7243 49
62 12 5 7362 43
6 13 3 7301 77
90 14 18 7126 64
44 14 5 7405 7
58 18 12 7155 93
68 17 9 7292 20
95 12 6 7300 56
0 19 17 7287 48
62 13 15 7405 64
1 16 7 7323 63
44 15 15 7469 83
68 18 13 7368 5
66 16 13 7373 63
42 16 12 7272 72
24 14 14 7301 58
83 14 17 7335 70
35 15 7 7386 94
6 14 0 7378 89
29 14 7 7480 85
40 19 4 7301 53
86 14 5 7412 78
15 14 17 7405 87
87 16 10 7415 77
82 15 0 7467 30
43 15 7 7565 6
9 18 7 7571 96
86 15 16 7490 21
78 19 19 7272 53
19 18 16 7511 79
72 15 5 7490 31
44 16 18 7552 33
68 19 3 7378 86
66 17 4 7436 56
20 17 6 7356 82
42 17 6 7438 47
24 15 4 7492 41
83 15 12 7405 7
35 16 13 7480 13
6 15 16 7590 49
20 18 10 7492 4
29 15 4 7565 86
15 15 11 7492 52
87 17 17 7492 41
82 16 2 7497 65
87 18 4 7651 84
43 16 6 7571 31
75 17 19 7325 54
9 19 9 7667 20
19 19 9 7687 72
58 19 5 7521 93
18 15 17 7533 8
18 16 6 7602 60
24 16 16 7639 25
62 14 10 7496 4
62 15 8 7500 32
59 17 14 7359 27
35 17 11 7544 39
75 18 2 7562 67
15 16 12 7544 67
25 10 2 7629 67
59 18 19 7386 45
18 17 5 7662 37
25 11 3 7696 46
95 13 16 7664 42
93 15 18 7585 58
95 14 18 7706 35
93 16 0 7643 16
38 17 12 7611 58
72 16 2 7696 60
92 13 10 7500 15
72 17 7 7756 53
64 17 4 7735 6
2 15 17 7541 77
34 14 8 7532 11
82 17 3 7742 79
38 18 17 7669 10
44 17 8 7585 60
83 16 14 7412 97
86 16 11 7583 70
34 15 9 7759 68
92 14 2 7756 42
82 18 12 7821 57
3 19 9 7827 14
44 18 0 7659 88
83 17 4 7741 19
25 12 18 7742 37
13 16 15 7552 98
13 17 9 7841 49
28 18 14 7509 69
6 16 13 7639 3
20 19 9 7890 55
37 19 7 7809 46
16 16 11 7653 15
29 16 2 7798 74
55 18 10 7515 79
93 17 13 7659 78
14 19 2 7872 96
42 18 15 7650 35
66 18 5 7699 71
23 13 5 7770 86
71 19 6 7662 97
24 17 5 7856 87
21 14 11 7668 33
16 17 8 7668 70
63 16 7 7855 90
98 14 2 7968 92
21 15 17 7701 53
12 12 4 7760 21
7 16 17 7754 36
92 15 13 7798 74
25 13 4 7781 14
15 17 0 7747 27
93 18 1 7737 62
64 18 19 7741 84
2 16 15 7685 86
29 17 11 7872 17
16 18 1 7799 23
6 17 15 7771 59
87 19 1 7822 71
43 17 5 7943 32
77 17 11 7889 82
24 18 10 7943 35
21 16 10 7978 53
82 19 6 7878 10
43 18 11 7975 34
24 19 2 8060 24
62 16 9 7945 22
62 17 3 7967 71
35 18 15 7830 90
15 18 19 7825 70
25 14 12 7878 37
25 15 15 7920 2
95 15 3 8038 63
93 19 4 7799 73
95 16 7 8101 16
72 18 16 7809 74
92 16 0 7872 24
72 19 10 8031 23
64 19 16 7883 74
2 17 5 7975 63
7 17 8 7790 50
25 16 10 8054 82
15 19 2 8084 91
21 17 8 8031 28
98 15 15 8060 9
21 18 14 8059 27
23 14 13 7872 74
12 13 17 7790 49
7 18 4 7872 91
2 18 4 8038 44
6 18 6 7888 93
77 18 2 8175 42
13 18 13 7946 91
42 19 1 7893 85
98 16 3 8101 29
28 19 1 7978 30
18 18 7 8117 47
62 18 16 8038 26
62 19 2 8217 62
29 18 6 7981 88
45 19 10 8136 80
77 19 18 8217 66
98 17 13 8130 37
75 19 9 7967 80
59 19 16 8064 62
86 17 17 7839 18
34 16 3 8130 44
13 19 17 8037 65
55 19 12 7915 70
95 17 12 8117 92
7 19 2 8279 88
92 17 17 8102 23
83 18 18 8283 74
38 19 16 8126 20
2 19 8 8082 39
80 19 1 8008 24
60 15 9 8047 41
51 19 9 8088 37
60 16 19 8088 55
35 19 8 8121 40
1 17 4 8082 95
92 18 18 8357 10
12 14 13 8167 87
12 15 19 8254 49
6 19 5 8038 37
18 19 13 8254 2
90 15 8 8161 25
96 17 19 8303 23
23 15 6 8069 5
1 18 9 8177 66
29 19 9 8243 6
86 18 10 8216 49
63 17 10 8265 67
63 18 16 8332 92
16 19 14 8086 56
60 17 13 8256 5
25 17 14 8142 12
25 18 13 8261 38
95 18 1 8209 13
95 19 13 8299 88
92 19 12 8367 53
34 17 7 8174 51
44 19 1 8222 58
83 19 2 8367 47
86 19 1 8280 5
34 18 11 8225 11
25 19 6 8299 9
34 19 18 8367 33
90 16 10 8332 75
23 16 3 8174 67
21 19 19 8326 86
63 19 15 8424 48
90 17 1 8407 46
96 18 11 8326 40
23 17 4 8241 79
66 19 10 8407 63
90 18 13 8453 54
43 19 13 8507 50
1 19 19 8412 49
96 19 10 8470 91
23 18 2 8414 27
98 18 16 8424 8
23 19 19 8461 9
12 16 6 8308 54
12 17 12 8420 74
90 19 4 8507 55
98 19 11 8432 78
12 18 15 8494 92
12 19 7 8586 25
60 18 18 8400 69
60 19 1 8469 83
