79 0 15 0 19
53 0 15 19 62
88 0 6 0 34
84 0 4 0 54
25 0 8 0 28
95 0 9 0 70
96 0 15 81 6
92 0 19 0 37
36 0 17 0 30
11 0 2 0 99
39 0 10 0 37
66 0 10 37 51
30 0 18 0 33
37 0 4 54 40
30 1 1 33 58
38 0 3 0 1
62 0 6 34 71
97 0 12 0 70
84 1 5 54 62
60 0 0 0 6
63 0 1 91 49
32 0 15 87 48
39 1 8 37 4
80 0 5 116 35
88 1 5 151 90
40 0 0 6 10
36 1 5 241 17
29 0 7 0 57
91 0 17 30 20
76 0 13 0 72
66 1 13 88 48
15 0 4 94 71
63 1 13 140 50
69 0 9 70 17
45 0 12 70 5
1 0 2 99 28
75 0 11 0 17
3 0 1 140 20
63 2 19 190 60
77 0 7 57 53
0 0 3 1 1
81 0 11 17 45
9 0 13 190 66
81 1 9 87 61
11 1 10 99 82
84 2 0 116 42
14 0 18 33 7
3 1 18 160 22
46 0 6 105 74
0 1 10 181 32
41 0 3 2 77
17 0 17 50 72
2 0 7 110 78
46 1 2 179 8
83 0 17 122 69
62 1 2 187 92
75 1 3 79 19
0 2 16 213 15
93 0 7 188 88
39 2 12 75 33
28 0 19 250 45
55 0 9 148 81
93 1 8 276 97
35 0 11 62 46
95 1 5 258 28
64 0 2 279 47
39 3 3 108 80
97 1 0 158 99
72 0 8 373 74
93 2 1 373 99
89 0 18 182 72
18 0 14 0 11
90 0 10 213 13
56 0 4 165 91
91 1 15 135 40
97 2 10 257 99
11 2 13 256 94
97 3 11 356 25
11 3 8 447 20
53 1 2 326 52
30 2 8 467 22
86 0 0 257 51
32 1 13 350 53
94 0 5 286 26
48 0 3 188 86
33 0 18 254 50
74 0 11 381 4
8 0 3 274 73
89 1 7 276 3
10 0 19 295 91
30 3 5 489 22
78 0 8 489 99
76 1 4 256 18
50 0 10 356 58
15 1 1 472 44
17 1 3 347 71
88 2 15 241 86
82 0 10 414 23
87 0 15 327 16
70 0 19 386 52
82 1 3 437 73
93 3 15 472 81
31 0 8 588 88
62 2 0 308 38
91 2 16 228 28
62 3 4 346 6
34 0 19 438 59
10 1 4 386 85
57 0 4 471 95
96 1 8 676 8
16 0 11 385 14
92 1 11 399 79
73 0 19 497 98
96 2 9 684 52
23 0 12 108 31
21 0 10 437 88
2 1 2 378 28
44 0 17 191 53
56 1 1 516 26
18 1 15 553 20
3 2 12 182 76
18 2 12 573 12
19 0 5 511 80
51 0 1 542 26
72 1 0 447 80
79 1 3 510 16
48 1 17 274 45
85 0 10 525 13
16 1 4 566 46
68 0 17 319 13
69 1 0 527 98
45 1 9 736 82
31 1 12 676 52
5 0 4 612 79
26 0 2 406 89
19 1 2 591 71
22 0 4 691 57
99 0 7 279 43
19 2 4 748 50
42 0 6 179 67
40 1 17 332 9
55 1 13 403 9
65 0 0 625 2
23 1 8 684 56
79 2 8 740 69
87 1 12 728 9
67 0 14 11 41
41 1 2 662 96
57 1 13 566 43
98 0 14 52 64
17 2 1 568 84
15 2 6 516 66
81 2 6 582 54
52 0 14 116 15
97 4 2 758 7
36 2 11 478 94
37 1 8 809 13
46 2 13 609 20
95 2 18 304 97
93 4 14 553 48
28 1 16 295 77
17 3 15 652 10
23 2 3 740 97
6 0 3 837 67
44 1 18 401 46
33 1 7 322 3
95 3 16 401 81
81 3 8 822 72
99 1 18 447 86
66 2 6 636 60
50 1 7 414 2
66 3 14 696 99
54 0 0 627 64
27 0 13 629 30
92 2 13 659 70
84 3 18 533 63
1 1 18 596 62
99 2 0 691 15
56 2 2 765 5
52 1 8 894 3
89 2 4 798 75
30 4 13 729 63
81 4 18 894 35
18 3 19 595 61
88 3 2 770 45
7 0 12 737 19
69 2 6 696 22
48 2 15 662 13
56 3 5 770 98
33 2 5 868 61
5 1 7 691 57
21 1 2 815 39
58 0 4 873 48
64 1 0 706 76
75 2 14 795 71
70 1 15 675 90
97 5 9 818 43
29 1 5 929 4
64 2 1 782 7
78 1 11 588 8
45 2 8 897 32
76 2 18 929 91
15 3 18 1020 93
48 3 13 792 3
4 0 6 718 56
36 3 10 572 82
38 1 8 929 40
48 4 19 795 24
11 4 11 596 41
83 1 5 933 86
43 0 2 854 20
89 3 17 873 32
29 2 13 933 30
22 1 14 866 39
57 2 17 905 70
99 3 14 905 1
41 2 4 921 70
55 2 15 765 4
64 3 12 789 62
34 1 4 991 66
31 2 17 975 18
14 1 7 748 62
72 2 12 851 93
93 5 5 1019 3
35 1 4 1057 95
26 1 1 789 36
59 0 13 963 99
23 3 14 906 98
80 1 7 810 76
54 1 12 944 37
3 3 6 774 43
51 1 10 654 15
30 5 12 981 7
80 2 11 886 19
6 1 16 904 2
13 0 11 905 93
58 1 1 921 16
21 2 19 854 70
21 3 6 924 65
40 2 18 1113 19
63 3 2 874 63
29 3 12 988 33
99 4 12 1021 51
24 0 8 969 2
16 2 10 669 10
37 2 18 1132 6
42 1 8 971 42
58 2 3 937 56
23 4 18 1138 18
92 3 6 989 49
71 0 11 998 17
85 1 13 1062 7
88 4 9 861 5
89 4 16 906 51
53 2 8 1013 19
66 4 2 937 53
71 1 13 1069 90
84 4 9 866 87
96 3 17 993 41
2 2 11 1015 2
61 0 8 1032 83
90 1 9 953 87
90 2 5 1040 26
55 3 6 1038 67
36 4 3 993 44
73 1 8 1115 32
38 2 6 1105 59
66 5 17 1034 35
37 3 13 1159 43
73 2 5 1147 97
92 4 4 1152 40
39 4 1 937 41
57 3 5 1244 12
12 0 7 886 34
31 3 7 993 46
67 1 10 679 54
27 1 4 1192 92
63 4 18 1156 51
94 1 7 1039 82
22 2 17 1069 78
40 3 7 1132 60
26 2 19 924 2
71 2 10 1159 80
43 1 12 1072 70
50 2 13 1202 77
79 3 11 1017 96
37 4 3 1202 46
30 6 7 1192 22
25 1 13 1279 79
40 4 10 1239 88
76 3 11 1113 69
96 4 1 1034 33
55 4 17 1147 35
15 4 0 1113 61
41 3 11 1182 19
85 2 5 1256 19
92 5 18 1207 25
51 2 7 1214 17
79 4 17 1182 43
24 1 16 971 76
67 2 17 1225 17
19 3 10 1327 69
43 2 16 1142 20
69 3 14 1004 86
26 3 15 926 42
59 1 0 1174 33
23 5 19 1156 55
80 3 18 1232 57
54 2 15 981 2
3 4 8 1147 60
51 3 4 1284 9
30 7 11 1214 78
80 4 10 1396 82
6 2 19 1211 69
13 1 1 1067 48
58 3 15 993 9
21 4 0 1207 78
40 5 2 1327 88
63 5 5 1275 62
29 4 9 1040 99
99 5 17 1242 7
24 2 17 1249 94
16 3 5 1337 52
37 5 7 1248 84
42 2 7 1332 17
58 4 6 1164 66
23 6 15 1211 69
92 6 1 1232 51
71 3 9 1239 90
85 3 0 1285 4
88 5 4 1293 99
89 5 9 1329 57
53 3 18 1289 92
66 6 15 1280 19
71 4 2 1415 72
84 5 16 1162 98
57 4 10 1478 73
96 5 14 1090 52
2 3 14 1142 3
1 2 9 1386 64
61 1 11 1292 15
90 3 1 1283 73
90 4 14 1356 37
55 5 10 1551 89
74 1 16 1260 47
36 5 18 1381 78
38 3 11 1307 83
66 7 5 1389 78
37 6 15 1332 66
73 3 18 1459 26
92 7 12 1283 66
57 5 3 1551 10
12 1 17 1343 27
67 3 12 1349 91
12 2 11 1390 75
31 4 11 1465 8
67 4 5 1467 48
27 2 18 1485 48
63 6 7 1349 4
94 2 4 1392 58
22 3 16 1307 71
40 6 1 1415 29
26 4 8 1207 74
71 5 8 1487 31
43 3 11 1473 71
50 3 8 1518 72
79 5 16 1378 8
37 7 6 1398 14
30 8 19 1292 84
25 2 9 1450 40
40 7 16 1444 60
76 4 15 1398 13
96 6 3 1561 28
55 6 8 1640 7
15 5 13 1358 66
41 4 16 1504 40
85 4 7 1353 39
92 8 17 1370 27
51 4 19 1376 91
79 6 9 1490 70
67 5 4 1515 80
19 4 19 1467 27
57 6 2 1561 88
61 2 6 1412 18
90 5 19 1494 65
90 6 0 1559 34
55 7 16 1647 1
38 4 12 1440 69
66 8 18 1533 65
73 4 2 1649 16
12 3 4 1595 74
27 3 11 1544 93
63 7 3 1589 86
94 3 16 1648 13
22 4 15 1411 91
26 5 11 1637 89
43 4 0 1593 39
79 7 14 1560 9
30 9 4 1669 95
25 3 0 1632 44
55 8 1 1648 55
41 5 8 1647 97
85 5 16 1661 57
51 5 3 1675 40
24 3 12 1509 62
19 5 0 1676 54
69 4 2 1665 32
93 6 3 1715 67
83 2 11 1726 43
25 4 10 1676 33
45 3 17 1397 28
80 5 1 1703 99
70 2 12 1571 37
39 5 7 1392 74
48 5 7 1466 47
85 6 4 1764 52
70 3 17 1608 63
6 3 6 1430 87
33 3 15 1502 88
52 2 5 1515 51
95 4 7 1513 54
98 1 15 1590 88
32 2 14 1569 34
39 6 15 1678 67
78 2 7 1567 84
25 5 19 1709 2
6 4 10 1709 56
98 2 8 1744 45
77 1 13 1424 63
9 1 18 1598 71
28 2 17 1671 11
21 5 15 1745 9
48 6 12 1608 30
34 2 7 1651 26
70 4 18 1671 25
69 5 3 1782 92
5 2 17 1682 70
95 5 15 1754 60
65 1 15 1814 78
26 6 5 1726 69
16 4 14 1603 7
9 2 19 1711 69
82 2 4 1816 26
26 7 16 1795 13
3 5 5 1795 91
6 5 17 1765 22
62 4 14 1610 86
89 6 8 1789 62
87 2 19 1780 30
45 4 2 1697 43
91 3 4 1842 58
35 2 7 1677 36
86 1 4 1900 49
13 2 6 1517 61
4 1 12 1638 52
13 3 2 1740 57
87 3 13 1810 62
60 1 5 1886 67
49 0 16 1808 47
98 3 16 1855 54
9 3 17 1787 77
44 2 6 1578 12
88 6 1 1802 79
53 4 13 1872 40
69 6 12 1874 2
59 2 19 1810 85
80 6 16 1909 11
54 3 1 1881 9
3 6 19 1895 88
80 7 13 1920 39
6 6 4 1949 24
30 10 10 1765 83
80 8 4 1973 31
6 7 15 1973 67
13 4 7 1797 89
58 5 18 1696 83
21 6 18 1779 65
40 8 13 1959 48
63 8 8 1851 27
29 5 19 1983 4
99 6 8 1878 95
24 4 1 1890 28
16 5 8 1973 1
37 8 0 1730 66
42 3 5 1953 55
58 6 9 1779 26
23 7 6 1590 33
92 9 9 1805 94
71 6 5 2008 6
88 7 19 1987 95
89 7 3 1874 51
66 9 8 1974 72
71 7 4 2014 85
84 6 19 2082 94
96 7 12 1876 61
2 4 0 1796 88
61 3 12 1937 9
90 7 18 1844 77
90 8 3 1925 46
55 9 2 1797 3
36 6 6 1623 97
38 5 15 2040 76
66 10 9 2046 72
37 9 16 1920 16
73 5 14 1696 65
92 10 3 1971 37
12 4 2 1800 82
27 4 12 1946 74
12 5 12 2020 9
31 5 14 1761 5
27 5 15 2116 71
63 9 12 2029 32
94 4 2 1882 92
22 5 3 2008 57
40 9 6 2007 85
71 8 6 2099 30
37 10 19 2176 94
25 6 4 2099 85
40 10 5 2092 89
76 5 0 1884 43
96 8 5 2181 86
95 6 8 2046 71
81 5 7 1886 68
99 7 10 1973 80
66 11 3 2118 60
50 4 6 2129 98
66 12 4 2184 92
54 4 10 2053 6
27 6 3 2187 85
92 11 14 2008 35
84 7 3 2272 70
1 3 16 1936 95
99 8 16 2053 97
56 4 18 1921 10
52 3 16 2150 15
89 8 12 2061 2
81 6 1 1954 89
18 4 17 1864 99
88 8 17 2082 95
7 1 19 2270 98
48 7 11 1769 19
56 5 0 1931 72
5 3 5 2267 34
21 7 5 2301 54
64 4 7 1954 32
75 3 0 2003 91
97 6 7 1986 88
29 6 1 2043 51
64 5 3 2342 64
78 3 18 1931 70
45 5 5 2355 50
76 6 16 2165 80
15 6 3 2406 42
48 8 6 2227 17
4 2 8 2117 73
48 9 18 2244 25
11 5 12 2063 85
64 6 8 2406 28
34 3 17 2177 8
14 2 11 1788 2
72 3 10 2059 91
93 7 11 1790 62
17 4 13 2007 95
6 8 1 2094 60
16 6 6 2244 13
71 9 18 2269 60
66 13 16 2276 15
1 4 14 2043 94
90 9 7 2074 33
90 10 16 2291 78
12 6 15 2187 75
36 7 0 2094 99
38 6 4 2276 38
48 10 8 2434 92
11 6 9 2148 21
83 3 2 1974 11
43 5 14 2137 35
89 9 14 2172 98
29 7 0 2193 42
22 6 5 2405 73
57 7 6 2257 85
99 9 4 2314 3
41 6 12 2148 12
55 10 4 2317 11
64 7 16 2434 45
34 4 14 2270 41
31 6 10 2150 76
14 3 3 2448 28
72 4 9 2169 60
93 8 2 1985 41
35 3 2 2026 26
26 8 7 2107 14
59 3 2 2052 27
74 2 7 2121 71
36 8 15 2262 82
38 7 17 2314 46
66 14 11 2291 61
37 11 12 2270 63
12 7 9 2262 87
67 6 7 2192 95
27 7 14 2311 25
63 10 15 2344 32
40 11 11 2352 47
71 10 17 2360 69
50 5 5 2478 60
79 8 6 2342 18
37 12 9 2349 16
30 11 2 2079 7
76 7 3 2476 63
96 9 16 2479 88
55 11 0 2328 35
85 7 19 2368 98
51 6 5 2538 18
19 6 3 2539 4
61 4 18 2329 87
90 11 6 2369 51
66 15 7 2352 29
61 5 4 2416 66
51 7 9 2556 6
24 5 14 2336 91
69 7 7 2381 27
80 9 9 2562 25
39 7 13 2102 27
6 9 0 2363 7
32 3 2 2086 61
39 8 16 2567 83
78 4 4 2482 45
77 2 4 2527 35
65 2 3 2543 78
16 7 0 2370 77
82 3 15 2376 4
3 7 11 2399 26
89 10 6 2420 63
91 4 13 2129 32
86 2 6 2483 76
13 5 17 2429 62
13 6 10 2491 51
60 2 14 2427 42
44 3 7 2408 21
88 9 10 2542 82
53 5 0 2447 1
59 4 5 2556 93
80 10 6 2587 65
54 5 3 2621 34
58 7 7 2429 40
99 10 19 2466 74
24 6 2 2427 37
16 8 9 2587 37
42 4 10 2624 59
23 8 11 2425 73
71 11 14 2469 91
88 10 0 2624 95
42 5 17 2683 50
85 8 9 2624 27
88 11 11 2719 43
89 11 19 2540 60
53 6 6 2652 97
84 8 1 2342 26
96 10 6 2749 66
2 5 12 2333 69
62 5 1 2368 17
79 9 10 2683 41
1 5 0 2719 86
38 8 13 2360 65
41 7 9 2651 63
49 1 18 2416 6
49 2 10 2724 19
76 8 19 2600 41
75 4 17 2733 23
62 6 18 2422 22
10 2 17 2756 16
50 6 16 2650 38
52 4 0 2805 69
75 5 4 2756 25
8 1 4 2781 73
37 13 11 2762 36
10 3 3 2772 91
47 0 0 2874 44
7 2 5 2649 65
43 6 4 2854 19
14 4 9 2714 73
35 4 15 2380 79
35 5 3 2863 76
83 4 13 2425 25
19 7 18 2543 60
80 11 14 2652 2
75 6 15 2781 45
78 5 0 2918 91
3 8 9 2787 12
69 8 5 2714 52
1 6 3 2939 87
98 4 5 2766 46
77 3 19 2641 69
9 4 16 2688 95
28 3 18 2603 49
21 8 13 2450 96
48 11 4 2873 75
34 5 3 3026 63
70 5 14 2654 2
69 9 16 2783 41
5 4 16 2824 28
95 7 0 3009 15
65 3 11 2798 39
16 9 2 2624 63
9 5 9 2799 30
82 4 16 2852 25
3 9 3 3089 8
62 7 3 3097 88
87 4 11 2837 23
45 6 14 2656 85
91 5 1 2385 73
35 6 0 3024 37
86 3 3 3185 30
13 7 5 2812 89
4 3 10 2743 20
13 8 16 2901 43
87 5 18 2860 47
60 3 11 2860 39
49 3 5 2901 38
98 5 11 2899 53
9 6 6 2829 45
44 4 0 3061 20
88 12 12 2762 34
41 8 15 2826 82
29 8 14 2741 76
53 7 9 2829 56
69 10 19 2824 11
59 5 3 3215 3
54 6 4 2948 1
3 10 2 3097 65
13 9 4 2949 9
58 8 19 2835 28
21 9 14 2817 14
29 9 10 2817 44
16 10 15 2908 37
42 6 12 2796 58
45 7 13 2741 58
31 7 1 2458 20
5 5 15 2945 28
26 9 12 2854 83
22 7 7 2478 36
99 11 13 2799 97
42 7 1 2854 89
23 9 13 2896 4
79 10 1 2943 89
87 6 4 2958 31
67 7 11 2952 84
41 9 13 2908 7
57 8 14 2831 43
98 6 12 2952 7
17 5 6 2874 24
52 5 19 2874 12
17 6 12 2959 18
15 7 7 2514 51
52 6 9 2886 23
97 7 5 2939 75
36 9 13 2915 87
37 14 17 2798 40
46 3 7 2565 63
28 4 12 2977 54
17 7 19 2977 56
44 5 3 3218 22
33 4 12 3031 98
66 16 1 3032 99
54 7 7 2949 42
27 8 5 3014 98
84 9 2 3162 14
1 7 6 3026 11
56 6 7 2991 78
52 7 15 2973 33
30 12 16 2944 66
18 5 18 2907 29
88 13 14 2874 95
7 3 4 2989 56
48 12 0 3081 96
33 5 6 3129 56
5 6 12 3129 84
75 7 13 3002 69
97 8 16 3014 74
29 10 17 2861 16
78 6 6 3185 10
15 8 15 3006 32
4 4 11 3036 76
52 8 18 3006 66
18 6 10 2936 38
7 4 8 3045 21
33 6 4 3185 92
5 7 11 3213 40
74 3 14 2969 32
29 11 8 3066 90
4 5 19 3112 73
43 7 18 3072 90
22 8 11 3253 81
57 9 0 3177 57
34 6 12 3213 69
17 8 7 3069 3
67 8 13 3071 13
0 3 19 3185 15
4 6 2 3185 21
53 8 17 2885 74
98 7 0 3234 96
20 0 18 3162 79
59 6 6 3218 56
32 4 10 2974 23
20 1 1 3241 4
96 11 11 3334 13
51 8 13 3084 49
74 4 15 3038 20
72 5 13 3133 8
2 6 13 3141 34
49 4 4 3277 12
10 4 15 3058 40
8 2 13 3175 24
10 5 18 3241 59
47 1 10 2997 4
14 5 1 3245 57
35 7 8 3156 73
83 5 0 3330 76
51 9 6 3274 90
82 5 1 3302 6
82 6 2 3308 33
91 6 9 2909 76
44 6 15 3240 27
47 2 12 3282 16
14 6 12 3302 51
17 9 16 3088 49
67 9 8 3229 91
76 9 17 2959 82
15 9 5 3112 52
57 10 16 3234 70
96 12 10 3347 64
16 11 19 3200 59
16 12 13 3259 33
68 1 6 3364 4
26 10 0 3406 46
0 4 7 3200 72
41 10 14 3001 76
19 8 1 3308 93
38 9 0 3452 65
73 6 3 3240 16
94 5 19 3259 35
43 8 8 3320 60
25 7 18 3300 53
19 9 7 3401 1
23 10 16 3304 44
3 11 13 3292 39
62 8 9 3185 80
94 6 18 3353 55
73 7 15 3267 97
74 5 19 3294 54
36 10 16 3348 56
31 8 5 3164 19
31 9 18 3408 71
50 7 2 3341 44
83 6 7 3406 57
45 8 10 3411 13
70 6 13 3331 50
48 13 5 3183 24
78 7 9 3265 97
48 14 16 3404 16
34 7 8 3380 64
77 4 0 3517 31
9 7 14 3077 46
55 12 19 3348 66
64 8 14 3123 65
34 8 6 3444 58
31 10 0 3548 30
72 6 1 3401 96
93 9 19 3414 53
59 7 16 3420 11
80 12 8 3444 77
54 8 9 3362 92
24 7 6 3502 62
76 10 1 3497 20
2 7 3 3256 99
10 6 11 3347 64
8 3 8 3521 26
10 7 0 3578 30
83 7 12 3463 34
28 5 3 3355 93
65 4 17 3041 94
83 8 6 3564 64
28 6 6 3628 42
65 5 9 3454 94
68 2 12 3497 23
26 11 18 3479 78
0 5 1 3517 41
85 9 2 3385 54
19 10 16 3431 76
57 11 12 3520 15
22 9 19 3467 92
43 9 7 3463 24
85 10 11 3439 77
43 10 5 3487 77
3 12 17 3331 49
30 13 3 3448 35
96 13 4 3411 94
62 9 5 3564 4
74 6 1 3558 87
36 11 14 3404 87
22 10 18 3559 59
30 14 14 3491 9
83 9 9 3628 33
45 9 19 3559 50
48 15 9 3661 74
78 8 5 3568 94
34 9 18 3618 2
77 5 8 3548 39
22 11 9 3735 8
57 12 9 3743 13
64 9 11 3516 91
14 7 4 3505 75
72 7 3 3497 61
93 10 4 3580 68
26 12 17 3557 69
54 9 6 3670 61
24 8 7 3564 49
76 11 8 3587 31
10 8 10 3608 62
8 4 19 3609 22
10 9 7 3670 94
47 3 13 3381 72
75 8 2 3439 86
97 9 13 3453 44
29 12 6 3731 89
78 9 13 3662 73
45 10 18 3620 20
15 10 8 3618 31
48 16 14 3735 67
34 10 9 3756 92
59 8 12 3535 81
38 10 16 3517 61
83 10 4 3661 68
43 11 13 3735 59
26 13 13 3794 48
3 13 4 3729 83
51 10 15 3364 11
42 8 9 3848 90
7 5 15 3375 81
83 11 8 3729 90
23 11 0 3608 97
87 7 16 3578 22
67 10 0 3705 44
41 11 19 3631 93
98 8 9 3938 37
17 10 11 3607 77
15 11 11 3684 30
52 9 10 3670 24
97 10 6 3820 44
36 12 19 3724 42
37 15 10 3694 49
46 4 16 3600 93
28 7 8 3819 43
17 11 10 3743 19
44 7 8 3862 38
33 7 0 3749 87
56 7 8 3900 81
52 10 4 3812 44
30 15 0 3836 29
18 7 1 3645 76
48 17 1 3802 70
33 8 13 3842 34
5 8 0 3865 6
97 11 15 3864 80
29 13 15 3944 91
78 10 17 3735 33
15 12 12 3714 63
4 7 3 3558 21
18 8 6 3864 48
33 9 11 3876 29
74 7 13 3876 59
43 12 10 3794 55
22 12 13 3935 24
67 11 2 3749 81
0 6 12 3777 49
53 9 4 3856 46
98 9 3 3975 92
20 2 14 3802 8
32 5 9 3975 11
20 3 11 3905 65
96 14 13 3959 10
51 11 11 3970 68
72 8 4 3902 73
8 5 18 3640 53
44 8 1 3900 43
67 12 16 3830 74
96 15 18 3969 9
68 3 0 3871 84
0 7 2 3830 17
41 12 5 3724 86
85 11 17 3768 82
19 11 12 3826 11
73 8 12 3837 5
94 7 10 3849 88
22 13 12 3959 48
43 13 3 4067 17
25 8 17 3850 19
85 12 14 3850 66
19 12 11 4038 88
23 12 1 3943 76
30 16 6 3912 43
37 16 5 3810 53
96 16 7 3978 79
94 8 0 3955 32
23 13 10 4019 21
31 11 9 3986 22
31 12 15 4035 57
50 8 18 3978 67
45 11 1 4019 51
70 7 4 3975 53
65 6 16 3904 83
68 4 16 3987 41
61 6 16 4028 24
34 11 10 4040 26
77 6 15 4092 21
9 8 8 3981 35
22 14 2 4007 88
57 13 8 4016 54
99 12 2 4095 70
41 13 7 4057 82
64 10 19 3766 36
14 8 13 3969 86
72 9 17 3975 27
93 11 6 3955 70
35 8 12 4007 41
26 14 10 4066 64
59 9 11 4126 42
80 13 19 3802 70
54 10 19 3872 48
51 12 17 4038 26
24 9 3 4084 34
76 12 14 3916 83
2 8 8 4070 33
79 11 4 4028 40
41 14 6 4139 46
10 10 6 4185 67
8 6 14 3999 94
10 11 14 4252 75
47 4 6 4252 70
7 6 9 4008 91
14 9 5 4055 25
28 8 15 4113 57
65 7 10 4130 46
91 7 10 4176 84
86 4 15 4170 21
60 4 1 4070 14
44 9 10 4260 66
46 5 9 4099 22
59 10 17 4168 10
26 15 9 4130 64
46 6 4 4121 87
16 13 3 4118 30
60 5 4 4208 39
16 14 1 4148 78
67 13 15 4191 44
79 12 18 4068 88
96 17 2 4165 56
51 13 14 4327 67
2 9 1 4226 70
79 13 12 4156 89
8 7 5 4093 81
83 12 14 4394 63
51 14 2 4394 14
67 14 18 4235 32
76 13 5 4174 55
57 14 15 4235 96
68 5 5 4229 73
26 16 14 4457 2
0 8 15 4331 12
85 13 15 4343 96
19 13 14 4459 87
38 11 1 4296 73
73 9 4 4247 4
94 9 1 4369 75
43 14 9 4194 35
25 9 7 4139 71
92 12 0 3987 28
73 10 16 4251 95
31 13 13 4092 53
31 14 3 4148 91
50 9 9 4229 1
45 12 3 4239 17
65 8 12 4245 97
68 6 9 4302 77
61 7 13 4145 2
13 10 13 4147 73
69 11 1 4444 46
21 10 12 4342 46
95 8 3 4256 87
81 7 4 4251 19
27 9 8 4103 71
75 9 8 4174 91
32 6 12 4388 5
20 4 19 3970 72
61 8 0 4147 90
12 8 18 4267 81
71 12 7 4210 27
12 9 16 4348 12
62 10 11 4168 13
1 8 5 4302 46
49 5 8 4265 93
75 10 18 4348 95
47 5 3 4343 52
7 7 2 4408 52
35 9 10 4326 94
78 11 10 4420 20
1 9 4 4348 64
98 10 18 4443 11
5 9 6 4322 53
82 7 14 4546 29
87 8 5 4348 55
91 8 11 4260 31
86 5 5 4403 98
4 8 4 4412 40
60 6 12 4393 49
62 11 13 4220 82
89 12 2 4460 93
87 9 17 4403 99
45 13 4 4452 54
91 9 19 4291 38
35 10 5 4501 82
86 6 2 4553 22
13 11 19 4329 24
4 9 18 4454 69
87 10 2 4575 50
60 7 10 4442 12
49 6 15 4439 55
98 11 17 4502 38
9 9 0 4237 33
44 10 9 4379 38
88 14 7 4237 52
53 10 3 4395 33
69 12 10 4490 97
59 11 10 4587 73
80 14 0 4270 68
69 13 8 4587 45
1 10 15 4494 86
98 12 13 4540 69
77 7 5 4583 97
9 10 12 4442 95
28 9 9 4417 17
21 11 17 4540 51
48 18 2 4625 42
34 12 2 4667 13
70 8 1 4490 67
5 10 19 4375 42
95 9 6 4375 25
65 9 4 4506 19
16 15 17 4591 38
9 11 1 4557 20
82 8 7 4575 11
45 14 11 4506 16
91 10 0 4338 92
35 11 16 4583 36
86 7 10 4660 64
4 10 16 4619 19
49 7 14 4575 63
44 11 11 4522 98
88 15 8 4632 46
41 15 1 4577 19
29 14 2 4680 61
53 11 12 4537 33
59 12 9 4660 27
54 11 14 4638 61
58 9 5 4680 73
21 12 7 4591 64
16 16 7 4655 77
42 9 14 4699 49
45 15 0 4522 20
31 15 6 4400 68
5 11 2 4741 99
26 17 3 4459 34
22 15 0 4542 69
99 13 15 4580 89
42 10 13 4748 86
23 14 5 4753 39
79 14 13 4834 67
67 15 9 4687 9
41 16 17 4629 47
57 15 19 4417 99
17 12 0 4611 70
15 13 10 4724 29
52 11 1 4596 78
97 12 3 4493 41
36 13 9 4696 52
37 17 2 4840 34
46 7 11 4620 66
28 10 7 4732 61
17 13 4 4681 24
44 12 14 4748 55
33 10 17 4676 89
66 17 19 4516 74
54 12 17 4765 62
27 10 10 4753 1
84 10 17 4827 4
1 11 12 4580 76
56 8 14 4803 11
52 12 17 4831 48
30 17 17 4879 88
18 9 13 4901 56
88 16 16 4678 66
7 8 16 4744 86
33 11 9 4765 80
5 12 3 4840 7
75 11 1 4674 36
97 13 8 4678 74
78 12 15 4669 78
15 14 2 4874 90
4 11 5 4792 93
52 13 3 4879 50
18 10 3 4957 98
7 9 10 4830 64
33 12 8 4845 96
5 13 18 4847 18
74 8 2 4964 5
4 12 0 4885 92
43 15 6 4468 77
22 16 6 4611 49
57 16 7 4793 18
34 13 11 4686 40
17 14 2 4969 50
0 9 5 4885 39
53 12 10 4894 28
20 5 16 4830 70
59 13 15 4747 59
32 7 19 4590 81
20 6 9 4900 69
51 15 18 4865 94
74 9 17 4969 10
72 10 19 4671 62
2 10 18 4959 18
49 8 3 5055 41
10 12 12 4656 22
8 8 12 4678 25
10 13 5 4924 46
47 6 15 4806 85
14 10 14 4814 98
83 13 16 4900 38
51 16 16 4959 85
82 9 11 4726 82
82 10 19 4808 29
44 13 2 5019 41
47 7 4 4891 79
14 11 17 4979 63
17 15 18 5019 19
76 14 12 4703 89
15 15 19 4964 75
57 17 11 4811 64
68 7 4 4970 23
26 18 6 4660 38
0 10 0 4977 66
41 17 10 4922 90
19 14 9 4969 42
38 12 10 5012 2
73 11 0 5043 10
94 10 11 4875 85
43 16 19 5039 93
25 10 2 5060 16
23 15 2 5076 73
94 11 8 4960 98
73 12 11 5053 88
74 10 9 5011 43
36 14 12 4792 87
31 16 19 5132 8
50 10 3 5096 57
45 16 6 4698 98
70 9 0 5053 21
78 13 12 4879 43
34 14 1 4726 88
77 8 1 4814 31
55 13 3 5153 19
64 11 9 5054 44
34 15 16 5044 34
72 11 18 5038 78
93 12 18 5116 48
59 14 8 5058 18
80 15 12 4922 25
54 13 13 4957 11
24 10 10 5014 71
76 15 6 4796 5
2 11 16 5078 22
10 14 8 5076 97
8 9 15 4891 57
28 11 4 4993 9
65 10 7 4811 64
28 12 1 5002 65
68 8 7 4993 16
85 14 18 5164 43
85 15 3 5207 78
30 18 9 5098 95
74 11 3 5285 13
36 15 7 5009 15
34 16 0 5078 8
64 12 4 5098 80
72 12 15 5116 45
93 13 12 5164 98
54 14 2 5149 78
24 11 18 5207 65
76 16 9 5193 68
47 8 16 5100 79
97 14 14 4912 57
15 16 17 5042 94
38 13 14 5014 63
51 17 0 5086 96
42 11 16 5179 20
7 10 1 5067 2
23 16 17 5149 85
46 8 12 5262 9
33 13 16 5199 26
56 9 16 5225 51
18 11 9 5261 80
33 14 3 5298 41
5 14 1 5069 23
18 12 4 5341 52
20 7 17 5234 99
32 8 0 5182 30
68 9 13 5009 56
73 13 13 5141 35
94 12 17 5333 11
25 11 15 5161 8
38 14 19 5140 20
73 14 7 5176 77
92 13 8 5173 85
39 9 18 5272 2
27 11 9 5341 83
63 11 6 4801 66
40 12 14 5077 98
50 11 0 5212 48
79 15 0 5260 58
25 12 12 5271 38
55 14 5 5172 28
92 14 10 5258 84
24 12 13 5272 56
23 17 7 5253 30
6 10 9 5424 2
58 10 10 5342 79
63 12 4 5393 4
99 14 6 4867 64
42 12 15 5199 41
58 11 14 5421 47
89 13 15 5240 56
84 11 6 4931 85
2 12 5 5200 41
1 12 8 5258 11
38 15 7 5283 74
73 15 1 5253 36
27 12 0 5424 8
50 12 1 5289 37
27 13 16 5432 73
93 14 16 5505 36
70 10 6 5074 86
39 10 2 5274 52
70 11 2 5326 90
95 10 12 5309 94
32 9 5 5241 25
39 11 11 5326 53
63 13 14 5468 4
40 13 8 5269 16
71 13 12 5403 29
50 13 15 5326 89
90 12 4 5397 5
39 12 17 5379 59
6 11 8 5426 71
39 13 0 5438 27
50 14 12 5432 81
70 12 9 5426 31
92 15 7 5357 37
56 10 13 5328 63
18 13 0 5465 30
99 15 3 5339 97
95 11 1 5403 39
86 8 11 5379 45
64 13 5 5266 5
47 9 14 5472 76
17 16 5 5271 60
15 17 9 5457 9
52 14 11 5424 89
97 15 19 5160 84
36 16 4 5402 1
46 9 14 5548 4
28 13 13 5391 32
44 14 5 5331 99
33 15 10 5421 97
56 11 6 5391 80
52 15 7 5513 6
18 14 11 5513 23
33 16 19 5518 66
5 15 9 5466 12
97 16 18 5274 19
78 14 16 5541 34
15 18 16 5575 40
4 13 15 5415 74
18 15 16 5615 59
33 17 1 5584 49
74 12 6 5471 24
22 17 8 5497 55
67 16 19 5584 4
0 11 17 5438 64
53 13 19 5588 84
20 8 3 5436 1
32 10 8 5552 13
20 9 15 5489 73
51 18 8 5565 11
72 13 11 5536 77
8 10 10 5518 47
44 15 19 5672 17
67 17 3 5588 13
68 10 11 5613 19
0 12 9 5502 10
41 18 0 5495 45
85 16 8 5576 3
19 15 15 5562 73
73 16 9 5512 44
94 13 13 5423 39
22 18 10 5565 7
25 13 11 5632 52
85 17 1 5633 12
38 16 18 5357 45
73 17 6 5556 76
92 16 5 5430 47
39 14 6 5632 15
57 18 1 5645 85
31 17 16 5674 47
67 18 6 5647 60
27 14 6 5707 44
63 14 16 5721 23
94 14 14 5552 74
22 19 1 5730 82
40 14 4 5403 9
26 19 4 5412 40
50 15 11 5684 79
79 16 7 5519 39
25 14 3 5684 98
76 17 2 5416 38
15 19 14 5626 22
41 19 18 5540 11
92 17 16 5744 53
51 19 12 5576 97
79 17 19 5689 44
24 13 0 5540 78
67 19 1 5812 83
19 16 17 5635 87
59 15 7 5558 1
23 18 9 5556 65
54 15 18 5551 29
6 12 2 5497 63
58 12 2 5560 82
21 13 11 5763 55
63 15 9 5744 99
99 16 1 5895 40
24 14 5 5618 10
42 13 19 5733 19
58 13 16 5797 59
23 19 4 5621 15
89 14 10 5572 53
53 14 14 5672 51
84 12 8 5579 44
57 19 18 5730 53
2 13 17 5722 20
1 13 1 5935 32
61 9 1 5967 54
74 13 4 5636 8
36 17 8 5623 2
38 17 9 5843 40
73 18 10 5632 75
31 18 2 5721 81
27 15 1 6021 26
94 15 12 5673 61
50 16 19 5763 81
79 18 2 5802 33
76 18 10 5707 81
19 17 13 5722 40
27 16 17 6047 38
93 15 17 6085 29
45 17 15 5635 45
70 13 8 5625 59
39 15 4 5647 44
70 14 11 5818 45
33 18 2 5835 19
52 16 12 5734 58
95 12 10 5788 20
32 11 17 6114 68
39 16 14 5723 45
77 9 18 5783 11
28 14 5 5628 28
34 17 13 5762 45
70 15 7 5863 5
5 16 14 5768 87
95 13 14 5855 74
65 11 8 5684 96
82 11 13 5807 53
62 12 12 5792 44
89 15 0 5625 90
87 11 8 5780 42
45 18 16 5856 87
91 11 5 5656 13
35 12 19 5844 48
86 9 14 5929 14
4 14 13 5860 88
60 8 15 5680 91
49 9 19 5892 14
44 16 16 5943 91
53 15 16 6034 25
59 16 14 5943 62
54 16 5 5669 40
58 14 13 5948 64
99 17 9 5935 32
56 12 11 5863 29
84 13 13 6012 71
2 14 15 5771 21
31 19 4 5802 33
81 8 17 6182 69
50 17 17 6251 33
84 14 10 6083 21
1 14 10 6104 44
56 13 12 5892 63
65 12 18 5794 22
79 19 5 5835 17
54 17 8 5822 15
27 17 19 6085 68
92 18 15 5797 82
84 15 11 6104 37
1 15 17 6284 31
0 13 13 6083 24
53 16 11 6141 59
98 13 6 5751 93
20 10 0 5715 57
32 12 1 6182 9
20 11 13 6107 52
96 18 0 5772 12
72 14 6 5844 62
8 11 1 6191 86
44 17 12 6034 73
96 19 19 6153 74
68 11 15 5879 63
0 14 14 6107 60
85 18 6 5906 61
19 18 8 5837 15
73 19 17 6315 14
94 16 9 5967 57
25 15 1 6277 30
85 19 12 6107 67
38 18 5 5883 76
89 16 1 6307 93
56 14 3 5955 66
71 14 16 6059 21
84 16 12 6174 30
2 15 9 6024 44
61 10 19 6227 28
90 13 2 5854 73
90 14 12 6204 41
55 15 7 5868 69
36 18 2 5927 90
66 18 12 6245 53
78 15 2 6017 92
34 18 5 5959 94
77 10 16 6080 76
64 14 6 5967 7
14 12 8 5852 41
72 15 5 6053 83
93 16 9 6114 38
54 18 16 6156 61
24 15 19 6255 52
76 19 7 5937 41
10 15 16 6217 40
8 12 9 6277 79
10 16 2 6257 9
47 10 9 6356 64
75 12 12 6298 9
97 17 1 6400 27
29 15 3 6021 81
78 16 14 6167 39
45 19 7 5978 56
48 19 10 6148 90
34 19 15 6053 72
59 17 18 6005 55
83 14 1 6427 44
43 17 1 6471 33
3 14 10 6238 30
42 14 4 5835 53
7 11 13 6159 6
83 15 18 6471 52
87 12 7 6034 18
98 14 4 5888 90
17 17 14 6206 45
52 17 2 6266 20
97 18 17 6427 25
36 19 1 6504 71
37 18 1 6575 60
46 10 15 6125 7
28 15 2 6286 53
17 18 8 6251 77
44 18 4 6107 24
33 19 14 6251 33
56 15 9 6420 80
52 18 6 6286 5
30 19 15 6132 7
18 16 7 6052 66
5 17 10 6268 86
97 19 4 6452 78
29 16 11 6200 86
78 17 19 6307 36
4 15 17 6452 74
18 17 2 6339 4
74 14 10 6354 27
43 18 17 6526 60
0 15 18 6523 76
53 17 5 6200 90
98 15 19 6343 28
20 12 10 6381 80
32 13 16 6257 38
20 13 7 6461 85
72 16 14 6284 25
8 13 6 6356 92
44 19 13 6165 59
68 12 18 6599 72
0 16 6 6599 72
19 19 6 6671 72
94 17 3 6102 59
43 19 15 6586 16
25 16 5 6307 15
37 19 14 6635 8
94 18 6 6743 63
50 18 4 6530 22
70 16 16 6295 75
65 13 1 6635 47
68 13 8 6671 35
61 11 17 6586 87
77 11 3 6161 29
9 12 11 6286 30
99 18 11 6316 52
64 15 10 6461 20
14 13 2 6343 64
72 17 7 6546 71
93 17 10 6481 1
35 13 6 6806 96
59 18 1 6682 59
80 16 2 6407 74
54 19 11 6368 39
3 15 0 6268 78
24 16 15 6602 43
2 16 4 6552 66
10 17 13 6266 38
8 14 11 6448 45
10 18 9 6500 7
47 11 11 6493 71
7 12 7 6617 81
14 14 15 6645 24
28 16 11 6564 63
65 14 14 6682 32
91 12 14 6714 42
86 10 13 6304 1
60 9 19 6371 67
46 11 8 6706 30
59 19 4 6741 60
46 12 19 6736 92
16 17 18 6671 12
60 10 8 6736 91
16 18 16 6683 46
2 17 10 6618 18
8 15 0 6493 17
83 16 19 6828 9
68 14 1 6741 62
0 17 8 6827 47
94 19 15 6806 53
25 17 14 6756 5
92 19 2 6481 86
50 19 14 6761 33
65 15 2 6714 71
68 15 2 6803 45
61 12 3 6673 50
13 12 3 6723 17
69 14 18 6683 92
21 14 1 6803 56
95 14 13 6305 49
81 9 10 6636 10
27 18 2 6848 9
75 13 19 6837 25
32 14 18 6775 6
20 14 12 6546 58
61 13 5 6723 76
12 10 8 6874 12
71 15 19 6862 36
12 11 14 6886 26
62 13 19 6898 71
1 16 11 6627 77
49 10 0 6510 3
75 14 5 6862 48
47 12 2 6857 83
7 13 11 6704 81
35 14 13 6902 73
78 18 3 6740 49
1 17 19 6969 99
98 16 1 6859 49
5 18 13 6975 13
82 12 0 6513 83
87 13 14 6912 49
91 13 8 6886 76
86 11 17 6673 79
4 16 7 6698 95
60 11 16 6827 69
62 14 7 6969 7
89 17 5 6910 47
87 14 0 6961 72
91 14 12 6962 54
35 15 18 6975 79
86 12 16 6896 69
13 13 8 6962 73
4 17 9 6793 43
13 14 0 7035 12
87 15 9 7033 56
60 12 2 6940 38
49 11 6 6902 11
98 17 10 6908 78
9 13 10 6986 50
88 17 3 6789 13
53 18 1 6908 38
69 15 11 6785 55
80 17 3 6802 46
69 16 13 6988 58
1 18 7 7068 16
98 18 7 7084 96
77 12 11 6840 88
9 14 15 7036 92
28 17 14 6961 17
21 15 16 6965 6
70 17 3 6848 93
69 17 17 7046 95
5 19 8 7035 66
95 15 19 7068 82
65 16 13 7046 93
16 19 12 7016 33
9 15 3 7128 97
82 13 12 7049 61
3 16 15 7128 21
62 15 16 6976 36
87 16 10 7089 54
91 15 7 7180 4
46 13 10 7143 36
28 18 0 7047 66
17 19 9 7089 6
66 19 0 7113 11
27 19 7 7184 63
84 17 14 6978 46
1 19 13 7139 97
56 16 15 7149 3
52 19 13 7236 69
18 18 8 7101 43
88 18 18 7054 43
7 14 17 7141 5
75 15 10 7179 99
29 17 16 7012 92
78 19 1 6946 73
4 18 1 7019 50
18 19 5 7144 26
7 15 14 7146 84
74 15 0 7124 33
29 18 4 7104 7
4 19 14 7230 77
0 18 11 6928 99
53 19 7 7247 59
98 19 2 7180 45
20 15 5 7170 8
32 15 3 7225 99
20 16 6 7178 31
74 16 5 7178 56
72 18 2 7225 11
2 18 19 7150 73
49 12 9 7095 76
10 19 1 7069 94
8 16 17 7146 3
47 13 18 7097 37
14 15 6 7209 62
35 16 17 7149 30
83 17 15 7152 53
82 14 6 7271 26
82 15 17 7297 79
91 16 2 7236 76
47 14 1 7163 84
14 16 0 7271 40
68 16 3 7324 50
0 19 4 7111 92
38 19 2 7312 70
25 18 6 7297 16
3 17 14 7307 96
62 16 15 7205 43
74 17 8 7234 13
83 18 10 7278 7
70 18 5 7234 28
77 13 9 7171 68
9 16 4 7225 99
55 16 11 7027 22
64 16 15 7248 54
72 19 16 7236 58
93 18 13 7305 13
80 18 15 7302 31
24 17 11 7049 92
2 19 6 7313 80
8 17 16 7294 12
83 19 3 7374 77
28 19 10 7285 66
65 17 5 7262 92
65 18 19 7354 13
68 17 10 7374 89
3 18 7 7403 6
62 17 8 7248 10
74 18 18 7247 33
77 14 12 7239 96
64 17 17 7376 87
14 17 16 7311 21
93 19 0 7318 83
24 18 9 7239 34
8 18 7 7409 60
47 15 5 7354 11
75 16 16 7332 87
29 19 18 7280 7
42 15 11 7141 94
7 16 18 7287 88
87 17 6 7393 95
46 14 18 7375 68
56 17 17 7463 68
74 19 12 7335 35
20 17 4 7324 91
32 16 11 7324 18
20 18 2 7415 89
8 19 2 7504 60
68 18 19 7463 38
25 19 16 7419 88
39 17 19 7501 17
63 16 11 7342 99
40 15 19 7518 98
55 17 14 7403 3
24 19 4 7415 58
69 18 4 7473 58
80 19 17 7531 31
6 13 12 7370 63
13 15 15 7333 76
58 15 0 7401 37
21 16 4 7531 2
63 17 0 7441 78
99 19 5 7365 64
42 16 3 7451 87
58 16 8 7438 79
88 19 13 7318 47
89 18 13 7365 78
84 18 7 7469 2
61 14 2 7564 59
69 19 15 7531 20
70 19 10 7463 8
39 18 5 7518 55
95 16 17 7562 47
32 17 4 7533 19
39 19 9 7573 59
77 15 10 7471 79
9 17 2 7623 2
95 17 4 7609 62
65 19 6 7488 9
82 16 18 7443 97
62 18 10 7550 65
89 19 11 7443 31
87 18 1 7488 69
91 17 3 7538 7
35 17 1 7557 15
86 13 8 7517 14
60 13 3 7545 13
49 13 17 7609 32
58 17 11 7517 27
42 17 0 7538 63
58 18 17 7641 6
56 18 10 7615 50
84 19 15 7551 76
81 10 3 7558 74
56 19 19 7665 16
7 17 3 7632 70
64 18 18 7540 85
75 17 9 7632 52
64 19 13 7625 5
11 7 4 7671 80
14 18 10 7665 34
11 8 16 7751 53
14 19 19 7699 44
32 18 7 7552 53
77 16 17 7647 37
82 17 8 7540 93
86 14 9 7684 71
60 14 18 7625 40
49 14 12 7641 83
32 19 6 7605 81
86 15 18 7755 77
60 15 17 7684 39
49 15 7 7724 33
42 18 18 7832 53
55 18 12 7724 42
87 19 3 7702 93
81 11 15 7632 56
46 15 17 7723 78
95 18 11 7671 5
6 14 5 7573 99
95 19 2 7676 24
81 12 12 7766 64
81 13 19 7830 11
7 18 6 7702 76
12 12 10 7699 18
12 13 5 7717 89
63 18 10 7717 2
40 16 3 7795 52
71 16 3 7847 13
40 17 9 7847 95
55 19 18 7885 56
61 15 7 7757 28
90 15 13 7630 71
90 16 15 7701 74
12 14 19 7841 84
63 19 17 7801 38
7 19 0 7778 72
75 18 6 7778 19
20 19 8 7633 60
49 16 2 7757 2
47 16 7 7785 22
35 18 14 7572 87
82 18 5 7806 32
82 19 9 7942 61
91 18 18 7941 40
47 17 8 7807 28
68 19 14 7659 76
3 19 16 7804 56
62 19 17 7839 21
77 17 14 7735 9
9 18 5 7838 2
12 15 0 7925 87
6 15 18 7981 79
47 18 17 7860 2
75 19 7 7807 67
42 19 2 7885 21
46 16 5 7840 6
40 18 15 7942 49
6 16 7 8060 84
58 19 12 7830 99
21 17 9 8003 15
61 16 9 8018 53
71 17 15 7991 74
49 17 11 7759 76
49 18 1 7835 73
47 19 19 7925 57
35 19 9 8071 34
77 18 2 7906 80
9 19 7 8144 24
21 18 8 8018 53
91 19 6 7981 28
86 16 19 7982 74
13 16 18 8060 72
13 17 12 8132 11
60 16 13 7723 4
49 19 13 7908 27
13 18 14 8143 34
21 19 3 8071 20
46 17 1 7908 48
77 19 6 8009 88
6 17 14 8177 7
6 18 11 8184 97
6 19 13 8281 84
86 17 1 8056 65
13 19 9 8177 75
60 17 9 8252 55
40 19 12 8143 96
71 18 0 8065 60
71 19 1 8125 11
61 17 10 8071 79
90 17 8 8071 44
90 18 11 8281 48
12 16 6 8097 14
12 17 1 8136 93
81 14 16 7860 12
81 15 2 7986 42
11 9 6 8111 50
90 19 17 8329 52
12 18 13 8365 20
11 10 15 8161 73
12 19 3 8385 81
61 18 15 8234 9
61 19 14 8243 31
86 18 7 8168 57
60 18 6 8307 2
11 11 1 8234 37
11 12 14 8274 89
46 18 0 8125 85
46 19 3 8466 26
86 19 12 8239 63
60 19 7 8309 85
81 16 13 8385 92
11 13 19 8363 60
11 14 0 8423 30
81 17 5 8477 82
81 18 14 8559 60
81 19 0 8619 19
11 15 5 8559 5
11 16 3 8564 10
11 17 7 8574 12
11 18 17 8586 40
11 19 18 8626 29
