12 0 8 0 42
74 0 10 0 75
99 0 1 0 34
73 0 8 42 57
44 0 2 0 42
12 1 19 42 71
12 2 5 113 9
21 0 9 0 92
49 0 4 0 20
64 0 5 122 75
52 0 7 0 99
68 0 14 0 42
93 0 11 0 38
51 0 7 99 59
32 0 9 92 55
37 0 5 197 36
89 0 2 42 18
72 0 3 0 48
37 1 1 233 83
41 0 4 20 37
26 0 19 113 44
11 0 11 38 14
42 0 19 157 64
96 0 12 0 8
57 0 3 48 21
38 0 10 75 61
64 1 7 197 34
99 1 3 69 6
14 0 2 60 52
27 0 3 75 53
15 0 18 0 81
40 0 5 233 22
31 0 17 0 20
4 0 12 8 90
9 0 0 0 71
65 0 12 98 88
18 0 8 99 66
24 0 9 147 93
5 0 13 0 71
1 0 6 0 97
1 1 10 136 48
93 1 2 112 56
21 1 11 92 78
31 1 13 71 36
49 1 10 184 71
41 1 18 81 48
49 2 9 255 64
4 1 14 98 76
47 0 12 186 21
49 3 0 319 85
4 2 16 174 27
47 1 13 207 12
4 3 1 316 88
42 1 13 221 87
22 0 9 319 53
62 0 12 207 42
45 0 7 231 53
95 0 5 255 10
12 3 12 249 26
53 0 7 284 43
94 0 1 404 75
62 1 7 327 37
99 2 12 275 61
54 0 18 129 68
57 1 15 69 93
61 0 5 265 17
20 0 15 162 78
29 0 10 255 3
41 2 7 364 87
8 0 2 168 21
61 1 17 282 85
21 2 10 258 84
47 2 2 219 94
6 0 1 479 80
75 0 5 282 64
64 2 3 231 69
31 2 8 165 67
98 0 2 313 33
11 1 16 201 74
63 0 19 221 39
7 0 9 372 95
77 0 8 232 10
32 1 8 242 94
77 1 2 346 38
40 1 12 336 58
75 1 3 346 75
96 1 6 97 62
72 1 12 394 33
71 0 4 57 18
48 0 15 240 75
40 2 19 394 38
44 1 7 451 63
60 0 15 315 28
10 0 14 174 14
92 0 15 343 35
76 0 13 308 59
56 0 9 467 81
45 1 15 378 55
70 0 15 433 54
33 0 10 342 82
81 0 16 275 91
47 3 3 421 8
19 0 9 548 54
48 1 0 404 85
50 0 3 429 74
32 2 7 514 78
81 1 9 602 81
82 0 4 75 62
78 0 5 346 6
33 1 19 432 20
47 4 15 487 14
37 2 12 427 3
46 0 11 170 84
52 1 15 501 7
90 0 8 336 95
55 0 10 424 17
10 1 18 197 98
52 2 8 508 33
72 2 4 427 79
55 1 4 506 35
35 0 19 452 45
61 2 2 384 94
51 1 14 188 66
89 1 19 497 40
11 2 15 508 57
93 2 6 168 65
68 1 13 367 76
40 3 7 592 14
98 1 7 606 14
23 0 0 489 23
68 2 18 443 43
36 0 19 537 13
59 0 11 254 55
68 3 1 559 24
70 1 11 487 53
69 0 19 550 42
94 1 4 541 31
25 0 16 366 90
20 1 7 620 28
4 4 11 540 59
83 0 17 367 85
53 1 13 443 35
8 1 3 503 52
86 0 15 565 8
7 1 13 478 89
7 2 10 567 98
27 1 19 592 89
91 0 17 452 92
83 1 14 452 23
38 1 12 430 28
40 4 9 683 96
72 3 0 512 42
29 1 15 573 18
22 1 18 486 85
11 3 4 572 81
51 2 16 456 28
5 1 14 475 99
31 3 9 779 64
84 0 17 544 61
9 1 5 352 31
44 2 10 665 68
60 1 17 605 2
60 2 18 607 78
45 2 11 599 32
10 2 13 567 44
90 1 3 555 2
80 0 0 554 92
19 1 5 602 35
99 3 15 591 60
96 2 3 557 24
8 2 6 555 56
53 2 4 653 91
64 3 12 458 48
29 2 14 591 48
51 3 19 681 26
29 3 4 744 20
15 1 12 506 50
30 0 15 651 78
6 1 10 733 46
75 2 2 478 35
10 3 2 611 10
18 1 6 611 24
33 2 1 583 50
22 2 14 639 79
55 2 9 843 85
45 3 6 635 60
34 0 8 541 82
92 1 12 556 6
6 2 16 779 4
70 2 12 562 19
65 1 3 581 16
78 1 18 685 32
0 0 10 779 63
75 3 9 928 71
19 2 0 646 58
57 2 9 999 89
67 0 13 611 32
46 1 7 648 99
10 4 8 623 53
18 2 17 635 74
5 2 10 842 22
88 0 7 747 98
33 3 6 695 21
43 0 0 704 20
20 2 6 716 60
25 1 15 729 58
42 2 6 776 50
3 0 10 864 32
23 1 11 631 34
73 1 0 724 50
51 4 11 707 65
16 0 16 783 87
11 4 9 1088 40
63 1 2 621 5
38 2 0 774 53
36 1 13 643 63
28 0 4 764 74
15 2 9 1128 9
46 2 19 747 77
52 3 18 717 90
23 2 2 665 1
52 4 13 807 82
58 0 19 824 60
64 4 14 718 7
92 2 5 637 5
94 2 16 870 51
7 3 14 725 75
78 2 14 800 38
8 3 15 787 22
82 1 10 896 77
46 3 5 824 51
67 1 0 827 24
69 1 15 809 31
97 0 9 1137 13
50 1 6 826 32
93 3 5 875 54
75 4 1 999 38
36 2 4 838 75
1 2 0 851 63
99 4 8 676 48
53 3 3 744 90
79 0 6 858 60
1 3 3 914 76
40 5 14 838 76
81 2 2 683 70
48 2 2 753 81
60 3 1 1037 54
56 1 2 834 60
44 3 0 914 93
98 2 15 840 79
35 1 4 913 2
75 5 8 1037 54
49 4 5 929 49
98 3 5 978 24
48 3 19 884 81
4 5 4 915 95
54 1 2 894 48
72 4 10 973 25
40 6 15 919 27
49 5 11 978 6
34 1 19 965 40
79 1 18 918 4
26 1 10 998 60
85 0 3 990 35
90 2 17 709 41
65 2 0 1007 66
91 1 13 889 60
24 1 7 845 28
24 2 0 1073 48
17 0 6 918 62
93 4 19 1005 95
65 3 9 1150 34
1 4 17 990 18
63 2 7 873 92
69 2 5 1002 80
97 1 4 1150 96
22 3 19 1100 79
2 0 5 1082 64
73 2 16 921 64
30 1 7 965 33
94 3 14 921 95
99 5 6 980 2
41 3 12 581 78
75 6 11 1091 36
50 2 5 1146 15
93 5 3 1100 6
75 7 13 1127 71
36 3 0 1121 67
1 5 9 1184 9
99 6 13 1198 64
53 4 0 1188 34
79 2 15 946 44
1 6 19 1193 75
40 7 10 1058 16
81 3 14 1016 36
48 4 13 1262 92
60 4 3 1106 14
56 2 5 1161 17
44 4 12 1007 46
98 4 9 1193 11
35 2 11 1127 94
75 8 0 1222 66
49 6 14 1052 52
98 5 6 1204 5
48 5 9 1354 96
4 6 7 1010 51
54 2 14 1104 64
72 5 2 998 9
49 7 3 1120 85
34 2 4 1246 14
79 3 16 990 14
26 2 5 1178 21
85 1 11 1221 56
90 3 16 1004 46
65 4 15 1184 2
91 2 7 1061 45
24 3 2 1121 30
24 4 1 1151 90
17 1 7 1106 95
93 6 18 1106 8
65 5 6 1209 5
1 7 5 1268 36
63 3 3 1205 68
69 3 10 1082 43
97 2 10 1246 43
22 4 0 1288 26
2 1 1 1241 48
73 3 2 1151 89
30 2 4 1260 61
94 4 13 1354 50
99 7 7 1262 27
41 4 17 1008 6
75 9 14 1288 72
63 4 8 1273 34
7 4 4 1321 27
77 2 6 1214 29
71 1 16 1050 3
92 3 19 1268 4
76 1 0 1314 34
70 3 19 1272 55
81 4 1 1289 96
50 3 0 1348 93
82 2 0 1441 9
78 3 3 1273 53
46 4 1 1385 23
23 3 1 1408 83
36 4 9 1450 26
69 4 12 1125 80
86 1 12 1205 58
62 2 16 1053 72
86 2 18 1263 24
57 3 19 1327 15
77 3 7 1289 38
67 2 3 1326 84
39 0 8 1307 14
78 4 0 1450 59
59 1 5 1304 94
79 4 9 1476 45
84 1 11 1277 77
34 3 18 1287 51
27 2 16 1125 59
57 4 11 1354 8
59 2 12 1398 93
92 4 11 1362 39
50 4 15 1441 14
79 5 13 1521 83
26 3 3 1410 87
91 3 12 1491 65
24 5 11 1401 23
24 6 3 1497 73
17 2 8 1321 69
42 3 7 1327 60
65 6 8 1390 73
20 3 9 1521 69
24 7 14 1570 21
59 3 7 1491 65
87 0 13 1604 96
39 1 2 1321 1
68 4 11 1424 92
91 4 18 1556 5
34 4 12 1556 86
17 3 15 1455 29
58 1 15 1484 82
16 1 12 1642 4
80 1 17 1014 25
80 2 6 1243 93
66 0 16 1184 37
13 0 5 1398 72
80 3 12 1646 30
74 1 17 1039 91
66 1 8 1463 46
88 1 4 1348 84
28 1 7 1556 28
51 5 12 1676 95
57 5 17 1362 92
67 3 14 1591 13
5 3 11 1516 64
88 2 3 1570 44
43 1 19 1342 95
20 4 18 1590 87
3 1 19 1437 72
73 4 19 1509 10
12 4 10 1289 3
14 1 3 1614 45
59 4 4 1556 33
87 1 17 1700 28
25 2 18 1677 7
39 2 18 1684 30
96 3 8 1509 29
25 3 9 1684 86
84 2 0 1509 22
68 5 8 1538 40
91 5 8 1578 81
31 4 10 1292 51
95 1 0 1531 41
71 2 9 1770 84
18 3 12 1771 73
15 3 17 1728 27
83 2 10 1343 78
16 2 4 1646 56
53 5 10 1421 70
74 2 18 1714 97
88 3 1 1614 10
86 3 7 1584 62
62 3 9 1854 16
86 4 13 1700 77
21 3 3 1659 97
30 3 14 1604 81
3 2 14 1685 42
73 5 4 1702 80
85 2 10 1491 45
73 6 5 1782 63
90 4 1 1624 19
65 7 16 1463 25
93 7 8 1659 53
28 2 16 1584 29
9 2 15 1566 17
2 2 15 1583 93
9 3 3 1756 53
23 4 12 1844 95
34 5 11 1642 8
77 4 19 1519 27
37 3 3 1809 10
95 2 3 1819 52
63 5 16 1613 92
32 3 15 1676 85
96 4 16 1705 87
17 4 2 1484 45
15 4 14 1755 91
58 2 18 1811 95
64 5 8 1712 16
83 3 4 1782 68
48 6 14 1846 86
37 4 0 1819 47
46 5 15 1761 77
84 3 7 1646 43
63 6 9 1870 17
70 4 1 1643 83
83 4 9 1887 59
80 4 11 1676 9
66 2 18 1906 1
7 5 12 1939 74
61 3 13 1777 95
55 3 1 1726 15
89 2 11 1685 21
13 1 10 1536 86
74 3 7 1811 14
66 3 3 1907 87
88 4 18 1907 84
26 4 2 1529 65
97 3 8 1728 92
74 4 3 1994 62
21 4 13 1872 77
29 4 8 1820 65
99 8 5 1845 16
66 4 13 1994 55
25 4 8 1885 88
71 3 6 1854 89
29 5 18 1991 42
87 2 14 1932 52
96 5 13 2049 72
8 4 13 2121 19
53 6 12 2013 22
64 6 1 1741 27
29 6 3 2056 55
51 6 15 1838 54
15 5 2 1846 53
30 4 1 1768 18
6 3 7 1825 45
0 1 17 1755 84
75 10 10 1622 58
57 6 10 1680 19
67 4 6 1943 11
46 6 13 2140 73
10 5 10 1699 72
18 4 15 1892 77
5 4 1 1786 30
10 6 19 1771 65
88 5 12 2035 78
33 4 4 1850 57
43 2 14 1984 27
42 4 9 1946 50
3 3 0 1866 83
73 7 6 1954 6
51 7 6 1960 23
16 3 18 2033 40
57 7 6 1983 19
67 5 5 1954 98
62 4 6 2002 53
39 3 9 1996 74
79 6 1 1816 7
33 5 13 2213 9
84 4 13 2222 66
27 3 8 1973 68
69 5 13 2288 23
79 7 14 2011 75
38 3 17 1839 79
14 2 15 1969 43
21 5 17 1949 84
87 3 18 2073 91
39 4 6 2070 2
42 5 18 2164 12
85 3 19 1836 15
87 4 5 2164 9
36 5 10 1771 59
49 8 13 2311 15
51 8 8 2041 25
13 2 14 2086 22
57 8 8 2066 45
62 5 8 2111 5
82 3 14 2108 4
96 6 0 2121 34
21 6 2 2033 58
17 5 3 2111 77
74 5 14 2112 40
88 6 2 2113 19
64 7 19 1851 71
87 5 8 2173 15
30 5 17 2033 75
74 6 5 2173 43
59 5 1 1823 22
59 6 17 2108 38
63 7 18 2176 33
76 2 14 2152 6
54 3 11 1706 76
1 8 4 1907 72
82 4 2 2132 80
79 8 3 2188 86
68 6 2 2212 36
67 6 8 2188 74
76 3 6 2158 76
59 7 18 2209 45
66 5 9 2070 25
30 6 0 2155 16
20 5 3 2274 34
70 5 7 1870 72
8 5 5 2216 84
96 7 1 2155 23
1 9 12 2113 79
35 3 0 2171 4
86 5 11 1782 38
60 5 6 2234 47
3 4 2 2248 2
78 5 15 2012 33
35 4 16 2175 27
26 5 0 2175 8
85 4 7 1942 79
11 5 10 1830 7
11 6 7 2021 85
36 6 3 2308 81
28 3 11 1820 82
15 6 3 2389 93
52 5 17 2146 16
52 6 14 2162 81
52 7 10 2243 80
58 3 5 2300 92
64 8 17 2162 11
55 4 19 1922 85
3 5 12 2250 33
10 7 15 2045 49
92 5 8 2262 43
56 3 15 2094 25
45 4 18 2254 40
70 6 13 2326 13
33 6 12 2283 49
81 5 15 2119 23
19 3 6 2281 72
48 7 11 1932 91
50 5 2 2250 41
32 4 1 2178 21
81 6 17 2173 55
82 5 11 2212 25
78 6 11 2237 5
33 7 0 2332 5
55 5 17 2228 46
35 5 12 2332 72
61 4 4 1979 11
89 3 6 2353 8
93 8 0 2337 9
68 7 6 2361 52
24 8 19 2007 29
5 5 2 2291 11
1 10 14 2243 99
93 9 7 2346 44
31 5 5 2392 56
49 9 8 2326 47
41 5 13 2339 77
49 10 17 2373 5
4 7 13 2416 22
4 8 15 2438 79
99 9 14 2342 71
87 6 16 2202 44
36 7 8 2389 55
73 8 15 2517 32
49 11 1 2378 23
57 9 16 2246 46
96 8 18 2294 35
21 7 0 2346 85
64 9 11 2242 48
86 6 2 2302 9
11 7 5 2448 32
38 4 16 2292 62
28 4 9 2095 3
15 7 16 2482 64
28 5 6 2413 31
72 6 7 2390 25
48 8 4 2023 97
40 8 0 2431 69
44 5 16 2546 60
31 6 19 2448 29
18 5 5 2480 75
25 5 4 2120 64
27 4 4 2184 58
38 5 5 2555 87
14 3 14 2413 9
2 3 4 2242 47
40 9 16 2606 49
65 8 17 2378 98
9 4 18 2329 85
47 5 7 2415 34
42 6 15 2549 33
22 5 8 2444 4
62 6 18 2414 62
45 5 13 2438 16
95 3 9 2098 97
12 5 15 2582 3
53 7 1 2401 26
94 5 7 2449 98
62 7 14 2476 88
99 10 18 2476 71
54 4 6 2444 15
57 10 4 2292 97
61 5 19 2477 58
20 6 0 2500 70
29 7 13 2454 40
41 6 19 2535 98
8 6 11 2300 96
61 6 18 2547 75
21 8 12 2431 40
47 6 11 2449 4
6 4 3 2482 64
75 11 12 2471 20
98 6 8 2448 22
11 8 2 2480 35
63 8 1 2427 9
7 6 2 2515 20
32 5 2 2535 5
72 7 1 2436 1
71 4 13 2494 89
48 9 10 2323 12
44 6 1 2606 40
60 6 19 2633 71
10 8 9 2195 21
92 6 6 2459 76
76 4 11 2453 13
56 4 12 2491 46
45 6 2 2540 5
70 7 6 2535 83
33 8 11 2466 14
81 7 7 2547 93
47 7 8 2470 58
19 4 3 2546 98
48 10 7 2640 15
50 6 13 2583 97
82 6 1 2646 16
78 7 9 2242 37
33 9 14 2564 71
37 5 14 2635 65
33 10 5 2642 47
43 3 2 2545 69
42 7 5 2689 45
3 6 13 2680 29
73 9 9 2549 34
51 9 18 2622 3
10 9 3 2644 84
16 4 3 2728 55
67 7 11 2480 84
62 8 5 2734 35
39 5 4 2389 87
79 9 17 2476 88
84 5 10 2335 47
27 5 17 2564 58
69 6 0 2570 89
79 10 19 2704 25
38 6 9 2642 44
14 4 19 2729 90
42 8 16 2734 16
85 5 15 2585 66
36 8 14 2700 66
49 12 18 2625 40
51 10 5 2769 84
13 3 7 2655 71
17 6 11 2564 34
88 7 13 2709 80
64 10 9 2686 3
36 9 18 2766 28
73 10 7 2726 34
64 11 18 2794 39
86 7 14 2766 6
11 9 8 2528 34
5 6 15 2651 94
31 7 0 2659 15
41 7 0 2674 66
4 9 8 2562 30
4 10 18 2833 10
8 7 18 2843 57
6 5 2 2614 19
31 8 14 2772 49
63 9 10 2436 55
7 7 18 2900 57
77 5 11 2598 8
32 6 18 2957 17
77 6 9 2689 59
72 8 17 2622 50
71 5 0 2740 73
44 7 13 2789 3
60 7 14 2821 72
10 10 1 2728 94
92 7 0 2813 83
76 5 12 2537 59
56 5 17 2672 80
19 5 11 2644 62
50 7 1 2822 83
18 6 0 2896 66
5 7 4 2745 14
88 8 9 2789 28
43 4 13 2792 11
25 6 13 2803 9
42 9 11 2750 55
73 11 1 2905 68
38 7 14 2893 21
28 6 14 2914 73
15 8 15 2745 23
28 7 3 2987 47
72 9 15 2768 55
48 11 16 2750 11
40 10 13 2812 35
44 8 9 2817 73
18 7 3 3034 14
25 7 6 2812 78
27 6 11 2805 74
38 8 19 2914 22
14 5 7 2819 40
2 4 13 2847 81
66 6 10 2491 43
88 9 14 2987 19
51 11 0 2962 72
30 7 9 2890 31
63 10 11 2879 49
54 5 9 2921 23
68 8 15 2823 59
67 8 4 2759 82
20 7 19 2936 2
70 8 17 2752 54
8 8 4 2900 31
98 7 4 2931 61
7 8 0 3034 53
71 6 7 2859 5
44 9 8 2890 87
60 8 16 2893 51
92 8 16 2944 38
56 6 18 2974 15
45 7 12 2596 53
19 6 13 2928 68
78 8 6 2890 85
37 6 7 2864 26
46 7 17 2806 1
52 8 19 2938 75
90 5 14 3006 35
55 6 18 2989 5
52 9 9 3013 92
35 6 18 2994 76
51 12 4 3034 56
89 4 17 2807 31
93 10 10 2534 39
98 8 12 2992 27
23 5 5 2853 19
36 10 1 2973 49
69 7 3 3048 59
94 6 9 3105 80
25 8 12 3019 74
83 5 2 2633 9
53 8 16 2982 55
8 9 7 2931 39
86 8 5 2872 88
27 7 2 2879 46
91 6 14 3041 21
83 6 3 3107 71
38 9 8 2977 67
29 8 17 2838 17
22 6 11 2928 19
84 6 4 3090 53
9 5 7 2970 48
44 10 19 3013 52
60 9 13 2996 83
45 8 10 2649 68
90 6 2 3041 41
80 5 16 3037 86
19 7 15 2996 87
99 11 4 3143 47
8 10 0 3087 13
6 6 12 3093 85
18 8 16 3123 21
22 7 10 2947 11
34 6 14 3062 25
92 9 9 3185 47
65 9 19 3065 57
0 2 18 3070 3
19 8 1 3083 21
43 5 12 3178 23
25 9 10 3093 42
73 12 12 3201 5
16 5 17 2855 29
89 5 15 3083 56
97 4 14 3087 11
34 7 2 3087 76
91 7 6 3062 2
16 6 7 3018 31
82 7 3 3178 95
76 6 5 2960 95
20 8 16 3144 83
35 7 3 3273 62
78 9 2 3163 33
58 4 17 2884 2
26 6 13 3079 65
85 6 6 3064 55
11 10 13 3144 41
55 7 7 3049 73
10 11 17 2886 99
84 7 16 3227 97
14 6 11 2947 26
45 9 19 3122 43
95 4 2 3196 55
12 6 3 3335 31
63 11 5 3055 49
32 7 5 3104 96
71 7 18 3073 57
44 11 15 3139 70
43 6 3 3366 34
16 7 2 3251 29
47 8 0 3100 60
48 12 8 3044 84
50 8 11 2973 29
32 8 4 3200 19
81 8 3 3400 86
82 8 12 3273 30
37 7 9 3232 62
90 7 0 3160 82
55 8 12 3303 63
61 7 1 3104 70
89 6 0 3242 56
93 11 12 3366 18
22 8 12 3384 11
95 5 17 3251 50
12 7 4 3366 3
94 7 2 3280 38
54 6 5 3200 62
41 8 9 3294 33
77 7 13 3185 60
77 8 10 3245 36
71 8 10 3281 38
76 7 7 3122 78
54 7 12 3395 26
68 9 12 3421 63
67 9 9 3327 99
7 9 11 3087 94
9 6 14 3098 52
95 6 19 3301 48
27 8 10 3319 54
42 10 0 3298 88
51 13 13 3245 94
13 4 3 3486 22
74 7 2 3318 16
30 8 18 3130 24
54 8 1 3421 39
67 10 12 3484 4
20 9 10 3373 94
70 9 18 3154 28
7 10 7 3200 17
0 3 2 3334 53
46 8 2 3387 65
10 12 5 3262 61
43 7 15 3400 8
25 10 11 3181 93
3 7 4 3369 90
38 10 6 3119 8
28 8 18 3182 16
15 9 7 3217 42
46 9 0 3452 36
58 5 14 3150 78
94 8 8 3318 99
69 8 6 3127 19
97 5 0 3488 94
53 9 19 3349 34
48 13 17 3301 27
26 7 18 3198 42
85 7 9 3426 1
97 6 12 3582 5
22 9 3 3508 71
86 9 16 3324 23
57 11 13 3339 6
39 6 11 3274 31
27 9 13 3373 76
58 6 16 3347 86
89 7 13 3449 78
26 8 8 3417 31
85 8 17 3427 89
69 9 11 3305 54
56 7 1 3460 31
45 10 17 3516 67
19 9 7 3259 67
37 8 18 3294 45
52 10 1 3491 93
35 8 15 3408 9
89 8 7 3527 45
98 9 0 3582 88
23 6 14 3228 44
94 9 5 3417 78
53 10 6 3383 55
76 8 18 3339 66
56 8 8 3491 60
19 10 14 3326 9
43 8 17 3583 64
95 7 6 3438 87
53 11 14 3438 34
94 10 3 3579 83
99 12 9 3427 52
61 8 12 3587 64
29 9 5 3495 12
61 9 16 3651 16
6 7 17 3647 39
7 11 3 3662 78
23 7 4 3459 40
37 9 2 3452 55
17 7 18 3405 59
16 8 13 3527 39
39 7 0 3670 84
84 8 15 3417 91
43 9 7 3647 63
20 10 12 3651 22
25 11 3 3740 15
73 13 13 3566 76
11 11 14 3472 79
83 7 15 3508 92
80 6 18 3464 79
13 5 13 3642 8
26 9 4 3499 43
97 7 17 3686 34
71 9 17 3720 9
0 4 0 3754 1
27 10 7 3710 66
85 9 13 3650 29
13 6 16 3667 73
83 8 11 3600 50
80 7 5 3543 71
0 5 19 3755 35
88 10 8 3551 58
25 12 5 3755 32
83 9 0 3755 38
80 8 9 3614 5
97 8 18 3720 38
21 9 8 3609 56
87 7 11 3650 69
96 9 9 3619 1
8 11 10 3467 6
64 12 2 3507 98
15 10 13 3679 77
0 6 15 3790 20
41 9 8 3665 73
21 10 1 3665 55
98 10 3 3755 4
11 12 12 3673 80
32 9 3 3759 72
72 10 6 3525 97
90 8 4 3542 77
35 9 1 3720 14
68 10 5 3787 15
98 11 16 3759 78
12 8 13 3756 40
31 9 6 3622 72
31 10 2 3694 87
11 13 6 3753 1
7 12 19 3790 21
77 9 4 3619 86
2 5 11 3719 31
9 7 9 3620 34
23 8 16 3837 22
77 10 14 3705 39
37 10 19 3811 73
95 8 14 3744 97
32 10 19 3884 2
17 8 0 3793 90
41 10 3 3831 67
31 11 12 3781 77
27 11 15 3810 3
10 13 4 3705 64
16 9 5 3802 38
67 11 7 3776 98
62 9 17 3729 85
39 8 5 3840 42
33 11 9 3654 35
84 9 9 3689 64
27 12 1 3813 79
69 10 16 3859 15
38 11 13 3796 52
14 7 4 3769 52
42 11 17 3814 88
36 11 2 3781 16
49 13 15 3813 46
51 14 17 3902 92
13 7 11 3750 15
41 11 5 3898 29
31 12 11 3858 5
14 8 16 3874 22
2 6 9 3753 54
9 8 16 3896 39
22 10 7 3874 6
95 9 18 3841 1
12 9 9 3807 21
94 11 6 3754 38
54 9 10 3473 52
61 10 10 3667 73
51 15 9 3994 15
89 9 8 3738 31
48 14 5 3927 33
37 11 4 3884 30
46 10 9 4009 88
70 10 10 3740 22
83 10 16 3935 35
80 9 8 3769 47
7 13 1 3892 99
61 11 11 3863 22
55 9 6 3792 97
89 10 10 3769 79
13 8 15 3859 90
26 10 6 3889 50
97 9 19 3886 68
71 10 8 3816 77
53 12 2 3797 68
30 9 2 3865 1
6 8 5 3960 78
0 7 5 4038 43
10 14 16 3970 29
18 9 7 3880 8
33 12 2 3866 8
43 10 4 3914 73
16 10 9 4097 94
14 9 10 3896 9
85 10 16 3999 98
13 9 6 3949 40
82 9 9 4191 57
76 9 10 3905 92
50 9 4 3987 93
78 10 1 3991 47
23 9 10 3997 58
69 11 9 4248 18
86 10 3 3898 9
37 12 6 3989 86
84 10 1 4038 93
63 12 12 3858 12
70 11 14 3841 89
83 11 1 4131 31
80 10 13 3848 61
66 7 6 4075 10
7 14 17 3994 31
55 10 15 3949 21
92 10 14 3930 3
6 9 6 4085 62
70 12 0 3930 13
65 10 7 3888 46
14 10 17 4025 34
59 8 8 3893 18
87 8 3 3907 99
25 13 0 3943 77
39 9 10 4055 11
96 10 11 3885 4
25 14 1 4162 42
84 11 3 4131 46
68 11 19 3954 54
91 8 3 4177 71
31 13 18 3863 78
95 10 10 4066 27
71 11 15 3970 17
18 10 9 4266 1
15 11 4 4080 50
83 12 5 4162 91
16 11 19 4191 40
53 13 15 3987 99
74 8 0 4020 93
88 11 5 4253 76
86 11 17 4059 12
62 10 4 4130 58
86 12 9 4267 9
21 11 6 4147 63
30 10 10 4093 36
88 12 6 4329 49
28 9 10 4129 54
51 16 10 4183 41
57 12 2 3874 42
67 12 18 3941 65
5 8 3 4248 83
88 13 16 4378 88
43 11 11 3987 58
20 11 11 4045 62
3 8 11 4107 35
73 14 17 4071 77
12 10 17 4148 69
14 11 9 4276 94
59 9 15 4086 7
87 9 7 4006 15
25 15 17 4217 27
39 10 17 4244 90
96 11 15 4093 42
25 16 19 4244 9
84 12 5 4329 20
68 12 17 4334 70
91 9 2 4248 57
31 14 16 4466 32
95 11 15 4135 69
71 12 19 4253 14
18 11 13 4267 39
15 12 0 4130 84
83 13 7 4253 57
16 12 14 4231 88
53 14 8 4086 24
74 9 1 4204 55
88 14 11 4466 42
86 13 1 4276 65
62 11 13 4306 58
86 14 6 4378 68
21 12 4 4210 43
30 11 16 4498 88
3 9 5 4349 91
73 15 11 4508 86
85 11 8 4110 31
73 16 3 4594 67
90 9 9 4370 3
65 11 14 4319 91
93 12 15 4204 77
28 10 19 4267 63
9 9 19 4330 84
2 7 6 4446 89
9 10 2 4414 2
23 10 17 4404 72
34 8 10 4224 41
77 11 18 4006 19
37 13 13 4364 53
95 12 4 4253 4
63 13 0 4214 24
32 11 0 4238 62
96 12 5 4440 90
17 9 4 4257 83
15 13 8 4214 13
58 7 1 4341 66
64 13 0 4300 2
83 14 13 4417 70
48 15 3 4661 1
37 14 17 4476 60
46 11 8 4227 11
84 13 6 4535 90
63 14 6 4625 92
70 13 9 4373 73
83 15 8 4487 60
80 11 2 4416 78
66 8 4 4340 27
7 15 8 4547 99
61 12 8 4646 17
55 11 3 4662 34
89 11 3 4696 47
13 10 17 4536 1
74 10 6 4717 4
66 9 11 4594 6
88 15 19 4508 78
26 11 7 4310 54
97 10 11 4600 70
74 11 4 4721 25
21 13 7 4364 36
29 10 12 3870 9
99 13 19 4586 73
66 10 5 4600 91
25 17 2 4494 3
71 13 3 4743 32
29 11 7 4400 32
87 10 15 4281 65
96 13 2 4530 23
8 12 9 4446 58
53 15 17 4537 40
64 14 10 4302 39
29 12 6 4721 70
51 17 2 4553 27
15 14 11 4670 90
30 12 8 4663 57
6 10 18 4147 69
0 8 4 4746 43
75 12 16 4586 67
57 13 12 3916 60
67 13 16 4653 7
46 12 6 4791 80
10 15 12 3999 98
18 12 10 4341 76
5 9 6 4871 47
10 16 6 4918 55
88 16 0 4586 78
33 13 7 4432 92
43 12 9 4504 33
42 12 1 4407 25
3 10 8 4720 26
73 17 14 4661 76
51 18 1 4580 46
16 13 10 4417 1
57 14 14 4737 10
67 14 17 4660 88
62 12 19 4659 7
39 11 16 4660 42
79 11 0 4664 85
33 14 3 4775 73
84 14 12 4625 58
27 13 6 4973 75
69 12 17 4748 89
79 12 12 4749 99
38 12 4 4789 43
14 12 12 4848 69
21 14 19 4666 52
87 11 2 4580 9
39 12 3 4848 34
42 13 12 4917 33
85 12 2 4589 45
87 12 9 4589 27
36 12 15 4346 69
49 14 12 4950 48
51 19 3 4882 52
13 11 12 4998 4
57 15 1 4747 37
62 13 11 4760 81
82 10 18 4248 40
96 14 4 4832 25
21 15 15 4718 43
17 10 9 4616 83
74 12 19 4746 29
88 17 15 4761 91
64 15 16 4702 2
87 13 1 4784 56
30 13 19 4775 37
74 13 9 4775 45
59 10 10 4418 49
59 11 2 4634 81
63 15 14 4747 70
76 10 9 4820 89
54 10 13 4487 6
1 11 18 4288 94
82 11 6 5048 81
79 13 5 4848 80
68 13 3 4934 86
67 15 1 4840 25
76 11 19 4909 77
59 12 9 4909 16
66 11 12 5002 2
30 14 11 4841 7
20 12 4 4857 37
70 14 16 4704 24
8 13 17 4837 32
96 15 17 4869 62
1 12 7 4524 46
35 10 14 4817 7
86 15 4 4894 57
60 10 9 4925 24
3 11 15 4852 85
78 11 4 4951 70
35 11 2 4824 69
26 12 15 4937 41
85 13 14 4824 51
11 14 19 4986 95
11 15 1 5081 25
36 13 17 4931 3
28 11 0 4749 27
15 15 19 5081 84
52 11 5 4928 49
52 12 2 4977 14
52 13 0 4991 16
58 8 9 4949 92
64 16 4 5021 11
55 12 2 4991 59
3 12 7 4937 72
10 17 11 4973 71
92 11 2 5050 68
56 9 10 4467 28
45 11 5 4977 60
70 15 5 5037 12
33 15 8 4848 67
81 9 5 5049 15
19 11 2 5118 12
48 16 18 4662 87
50 10 19 5165 30
32 12 6 5129 18
81 10 4 5064 19
82 12 15 5129 3
78 12 8 5021 6
33 16 18 4915 66
55 13 13 5050 2
35 12 6 5147 48
61 13 6 5195 45
89 12 12 5004 73
93 13 14 4875 6
68 14 16 5020 48
24 9 12 5077 23
5 10 17 4934 48
1 13 8 5027 16
93 14 1 5106 43
31 15 3 5020 18
49 15 7 5009 87
41 12 2 5130 77
4 11 17 4982 91
4 12 9 5073 74
99 14 11 5044 42
87 14 12 5100 70
36 14 12 5170 13
73 18 10 4737 81
57 16 5 5064 97
96 16 10 4931 46
21 16 16 5068 2
86 16 0 5007 38
11 16 0 5106 43
38 13 1 5149 8
28 12 13 5052 11
15 16 1 5165 81
28 13 1 5246 79
72 11 11 5086 96
48 17 12 5183 55
40 11 18 4981 93
44 12 14 4881 35
31 16 15 5132 83
18 13 4 5083 14
25 18 14 4916 69
27 14 0 5149 13
38 14 15 5215 84
14 13 1 5325 28
2 8 19 5195 22
40 12 3 5074 48
65 12 10 4977 82
9 11 6 5240 31
47 9 19 5217 51
42 14 3 5122 15
22 11 16 5070 67
62 14 10 5059 88
45 12 16 5137 38
95 13 13 5063 75
12 11 1 5353 89
53 16 5 5161 25
94 12 15 5299 4
62 15 0 5162 74
99 15 10 5147 99
54 11 0 5236 47
57 17 0 5283 2
61 14 7 5240 74
20 13 2 5207 48
29 13 2 5255 26
41 13 10 5246 95
8 14 12 5238 41
61 15 3 5314 83
21 17 14 5070 9
47 10 5 5268 45
6 11 9 5147 65
75 13 7 5314 69
98 12 11 5182 62
87 15 4 5170 39
36 15 6 5271 72
49 16 6 5343 92
13 12 4 5209 81
57 18 7 5383 51
62 16 2 5281 75
82 13 13 5138 28
96 17 19 5268 14
21 18 18 5079 74
17 11 17 5073 72
74 14 8 5043 83
64 17 6 5435 68
87 16 0 5285 21
30 15 5 5313 76
59 13 3 5397 2
59 14 14 5399 67
63 16 13 5166 41
76 12 17 5145 66
54 12 4 5290 39
1 14 15 5303 33
82 14 7 5434 45
79 14 8 5126 50
68 15 4 5329 62
67 16 10 5341 68
76 13 4 5391 16
59 15 6 5503 8
66 12 17 5211 50
30 16 12 5389 40
20 14 8 5255 20
70 16 8 5275 82
8 15 1 5442 47
96 18 14 5466 79
1 15 11 5336 42
35 13 9 5212 79
86 17 19 5282 15
60 11 11 5378 13
3 13 16 5175 19
78 13 12 5429 32
35 14 10 5409 52
26 13 9 5291 79
85 14 4 5407 83
11 17 18 5153 19
11 18 3 5399 98
36 16 5 5389 76
28 14 2 5356 41
15 17 6 5511 60
52 14 4 5490 49
52 15 12 5539 88
52 16 6 5627 51
58 9 0 5306 93
64 18 13 5503 75
55 14 16 5194 64
3 14 1 5489 95
10 18 7 5479 43
92 12 10 5461 58
56 10 11 5391 41
45 13 14 5545 23
70 17 2 5397 15
33 17 15 5336 93
81 11 11 5432 18
19 12 17 5261 45
48 18 1 5584 32
50 11 9 5370 98
32 13 17 5306 23
81 12 6 5678 66
82 15 8 5479 59
78 14 17 5461 86
33 18 17 5547 48
55 15 5 5465 88
35 15 5 5553 4
61 16 0 5399 72
89 13 16 5258 66
93 15 16 5324 26
68 16 9 5468 20
24 10 13 5578 44
5 11 19 5297 45
1 16 13 5622 65
93 16 4 5539 54
31 17 7 5522 53
49 17 2 5435 54
41 14 6 5744 40
49 18 19 5489 83
4 13 10 5519 4
4 14 2 5523 36
99 16 2 5559 5
87 17 10 5523 59
36 17 16 5465 96
49 19 16 5572 2
64 19 15 5578 49
86 18 10 5582 98
11 19 17 5595 48
38 15 2 5564 26
28 15 8 5538 65
15 18 5 5571 92
28 16 15 5627 76
72 12 19 5572 18
48 19 6 5784 8
40 13 8 5603 43
44 13 17 5643 92
31 18 1 5616 84
18 14 14 5568 70
25 19 7 5575 16
27 15 18 5172 85
38 16 7 5591 86
14 14 5 5663 29
2 9 8 5646 63
40 14 17 5735 62
65 13 18 5257 51
9 12 11 5450 57
47 11 18 5313 95
42 15 8 5709 2
22 12 17 5797 26
62 17 1 5700 67
63 17 17 5823 37
7 16 16 5574 86
32 14 14 5638 64
72 13 8 5711 25
71 14 2 5590 28
44 14 4 5735 19
60 12 0 5471 11
10 19 0 5522 64
92 13 1 5767 49
76 14 16 5660 7
56 11 0 5586 35
45 14 4 5754 2
70 18 3 5497 78
33 19 16 5667 65
81 13 18 5744 44
47 12 1 5816 21
19 13 8 5736 36
50 12 18 5788 15
82 16 19 5590 94
78 15 13 5687 26
37 15 15 5703 41
43 13 10 5680 26
42 16 2 5711 44
3 15 6 5792 5
73 19 18 5803 51
16 14 0 5621 3
67 17 19 5684 93
62 18 15 5767 71
39 13 19 5777 14
79 15 2 5755 91
84 15 19 5791 36
27 16 5 5692 52
69 13 8 5772 47
79 16 4 5846 14
38 17 3 5677 62
14 15 8 5819 62
42 17 4 5860 75
85 15 18 5854 7
36 18 7 5677 63
13 13 8 5881 10
17 12 19 5827 98
88 18 17 5860 83
36 19 11 5740 38
86 19 8 5891 55
5 12 18 5861 39
31 19 4 5935 15
41 15 14 5784 23
4 15 6 5797 98
4 16 19 5925 54
8 16 14 5807 13
6 12 15 5838 82
63 18 4 5950 15
7 17 5 5744 20
77 12 3 5739 84
32 15 13 5713 63
77 13 5 5823 50
72 14 5 5873 24
71 15 14 5820 15
44 15 3 5823 40
60 13 5 5897 21
92 14 3 5863 99
76 15 3 5962 75
56 12 4 5965 20
19 14 16 5772 43
50 13 17 5943 48
18 15 11 5778 20
5 13 12 5900 7
88 19 10 5943 29
43 14 1 5837 84
42 18 10 5972 61
38 18 11 5798 11
28 17 12 5907 61
15 19 10 6033 72
28 18 5 5968 43
72 15 9 5897 77
40 15 4 5985 34
44 16 6 5895 48
18 16 1 5921 20
27 17 14 5835 27
38 19 18 5900 74
14 16 0 5881 63
2 10 0 5944 58
66 13 14 5862 94
30 17 6 5943 79
63 19 15 5965 22
54 13 17 5991 81
68 17 10 6105 49
67 18 2 5846 73
20 15 14 5956 5
70 19 4 6019 94
8 17 19 5979 30
98 13 14 5961 72
7 18 6 6022 80
71 16 5 6011 33
44 17 18 5974 41
60 14 4 6113 71
92 15 4 6184 20
56 13 14 6033 81
45 15 3 6037 67
19 15 18 6015 3
78 16 10 6154 36
37 16 8 5946 54
46 13 12 5968 85
52 17 11 5809 50
90 10 7 5740 52
55 16 0 6002 22
52 18 16 5859 11
35 16 7 5792 55
89 14 4 6204 27
93 17 17 6072 64
98 14 19 6033 56
23 11 9 5974 18
69 14 1 5941 38
94 13 10 6190 68
83 16 6 6102 73
53 17 18 6018 60
8 18 8 6009 44
27 18 9 5992 61
91 10 16 5870 18
83 17 18 6175 39
29 14 9 6053 44
22 13 5 6044 3
84 16 18 6214 98
9 13 12 6053 63
44 18 11 6015 70
60 15 2 6184 78
45 16 9 6104 42
90 11 18 6312 15
80 12 3 6104 76
19 16 12 6116 28
99 17 17 6136 72
8 19 16 6053 80
6 13 0 6024 75
18 17 18 6327 66
22 14 15 6047 10
34 9 0 6099 10
92 16 17 6208 9
65 14 11 6085 1
0 9 9 6146 85
19 17 19 6144 24
43 15 8 6053 4
16 15 8 6057 46
89 15 9 6231 98
97 11 7 5847 65
34 10 16 6133 60
91 11 9 6329 2
16 16 11 6103 36
82 17 5 6047 31
76 16 1 6037 97
20 16 17 6217 13
35 17 17 6230 75
78 17 19 6190 64
58 10 6 6175 39
26 14 17 6305 80
85 16 1 6134 76
55 17 11 6139 17
84 17 2 6312 70
14 17 6 6214 99
45 17 1 6210 25
95 14 8 6103 59
12 12 16 6193 94
32 16 11 6156 90
71 17 12 6144 48
44 19 5 6085 13
43 16 6 6313 82
16 17 1 6235 44
47 13 6 6395 92
50 14 16 6287 31
32 17 10 6258 52
81 14 8 6162 58
82 18 17 6385 91
37 17 16 6318 33
90 12 13 6327 12
55 18 14 6156 47
61 17 14 6203 13
89 16 5 6329 73
93 18 13 6339 43
22 15 1 6279 74
95 15 1 6353 50
12 13 2 6382 94
94 14 11 6258 44
54 14 3 6180 47
41 16 15 6057 69
77 14 15 6126 65
77 15 12 6192 58
71 18 11 6302 49
76 17 2 6476 7
54 15 8 6227 98
68 18 7 6154 15
67 19 15 6191 32
7 19 15 6223 86
9 14 13 6382 1
95 16 7 6403 22
27 19 12 6250 2
42 19 14 6216 67
13 14 1 6403 83
74 15 16 6351 46
30 18 13 6383 67
54 16 7 6425 25
20 17 1 6486 75
0 10 14 6283 23
46 14 3 6227 51
43 17 18 6395 35
3 16 9 6331 39
28 19 17 6476 28
46 15 10 6310 26
58 11 12 6252 58
94 15 0 6302 95
69 15 14 6306 21
97 12 13 6450 62
53 18 11 6351 13
26 15 14 6385 89
85 17 12 6310 5
97 13 1 6561 9
22 16 6 6487 60
57 19 18 6430 56
39 14 7 6450 13
58 12 3 6310 57
89 17 14 6474 79
26 16 16 6474 18
85 18 5 6402 78
69 16 2 6483 87
56 14 19 6254 40
45 18 8 6325 80
19 18 4 6231 70
37 18 11 6364 40
52 19 3 6367 34
35 18 13 6512 62
89 18 1 6570 74
98 15 13 6574 18
23 12 3 6401 23
94 16 12 6397 77
53 19 9 6370 82
76 18 15 6483 81
56 15 3 6424 51
19 19 10 6336 45
43 18 16 6492 30
95 17 11 6425 73
94 17 17 6504 16
99 18 16 6522 43
61 18 9 6452 47
29 15 11 6498 33
61 19 15 6564 79
6 14 11 6531 40
23 13 8 6424 16
37 19 10 6404 20
17 13 13 6592 53
16 18 6 6547 92
39 15 14 6553 75
84 18 8 6440 49
43 19 5 6522 51
20 18 13 6645 40
83 18 19 6294 76
80 13 7 6463 71
13 15 0 6486 32
26 17 1 6644 45
97 14 16 6570 35
71 19 1 6689 40
0 11 1 6729 21
85 19 0 6518 77
13 16 9 6518 89
83 19 12 6474 60
80 14 15 6643 98
0 12 13 6750 10
80 15 4 6741 34
97 15 2 6605 94
21 19 5 6573 80
87 18 19 6370 2
96 19 7 6534 1
0 13 3 6760 77
41 17 11 6571 1
98 16 18 6592 62
32 18 12 6534 9
72 16 13 6760 24
90 13 12 6543 3
35 19 8 6574 93
68 19 0 6595 15
98 17 1 6750 47
12 14 14 6628 59
77 16 1 6797 62
2 11 12 6546 25
9 15 4 6775 57
23 14 13 6784 91
77 17 0 6859 71
95 18 12 6571 73
32 19 16 6605 16
17 14 12 6645 84
41 18 1 6859 27
16 19 15 6741 34
62 19 3 6837 58
39 16 13 6875 50
78 18 7 6535 78
26 18 11 6689 57
58 13 10 6424 6
55 19 8 6667 77
3 17 3 6895 75
92 17 18 6654 39
56 16 6 6639 14
45 19 0 6930 1
81 15 19 6372 62
50 15 8 6744 40
81 16 10 6434 54
82 19 16 6621 55
78 19 16 6676 16
89 19 18 6693 8
93 19 9 6607 71
24 11 4 6832 94
5 14 16 6692 32
1 17 2 6699 98
41 19 16 6886 8
4 17 5 6653 33
4 18 0 6931 2
99 19 0 6933 27
87 19 6 6653 15
72 17 16 6894 52
40 16 6 6668 44
18 18 19 6434 23
14 18 18 6701 97
2 12 10 6571 64
40 17 1 6886 51
65 15 13 6925 41
9 16 1 6937 30
47 14 16 6946 90
22 17 4 6926 77
95 19 16 7036 57
12 15 0 6960 9
94 18 18 6798 89
54 17 16 7093 58
20 19 5 6686 27
29 16 19 6531 82
47 15 17 7036 77
6 15 13 6966 15
75 14 4 7003 46
98 18 10 6797 27
72 18 14 6946 37
60 16 12 6729 68
92 18 7 6693 11
76 19 8 6784 13
56 17 13 6981 36
81 17 13 7017 79
47 16 4 7113 13
50 16 10 6824 36
3 18 18 6970 83
39 17 12 6925 61
79 17 11 6746 87
84 19 14 6983 92
69 17 7 6704 66
79 18 10 6860 73
14 19 13 7096 14
13 17 18 7053 4
17 15 10 6933 94
5 15 0 6969 2
4 19 3 6970 22
6 16 8 6981 68
77 18 17 7113 22
77 19 16 7151 6
72 19 18 7057 88
60 17 10 7027 84
92 19 13 7110 9
56 18 16 7157 30
50 17 7 6860 53
18 19 2 6797 74
5 16 8 7049 93
40 18 11 6937 86
2 13 17 7135 82
66 14 7 6913 1
30 19 3 6992 19
54 18 19 7151 67
98 19 17 7217 94
60 18 7 7111 47
56 19 7 7187 75
46 16 16 7187 5
90 14 10 7111 30
23 15 7 7262 37
69 18 4 7126 76
94 19 19 7218 52
91 12 11 7023 60
29 17 16 7192 6
22 18 2 7003 34
9 17 8 7142 61
60 19 8 7203 7
90 15 5 7141 93
80 16 14 7075 23
6 17 4 7202 11
22 19 13 7119 40
34 11 9 6678 96
65 16 5 7234 57
0 14 7 7299 83
97 16 5 7291 12
34 12 1 6967 68
91 13 5 7303 41
58 14 13 7159 18
26 19 12 6986 17
12 16 6 6969 71
47 17 14 7126 51
50 18 12 7003 26
81 18 12 7096 11
90 16 6 7234 96
12 17 11 7083 53
54 19 15 7218 46
9 18 10 7203 72
13 18 19 7270 53
74 16 15 7264 31
0 15 16 7382 27
46 17 4 7213 83
3 19 17 7311 70
79 19 7 7382 72
34 13 6 7330 8
59 16 0 6971 34
50 19 14 7177 99
91 14 10 7344 43
24 12 17 7381 28
24 13 18 7409 81
17 16 16 7409 71
65 17 2 7291 67
24 14 10 7490 53
59 17 19 7323 49
39 18 1 7035 10
91 15 0 7387 36
34 14 5 7344 79
17 17 1 7480 49
58 15 11 7177 98
80 17 10 7543 82
80 18 1 7625 53
66 15 19 7372 47
13 19 2 7358 38
80 19 19 7678 21
74 17 12 7295 13
66 16 0 7423 79
5 17 5 7423 40
12 18 18 7490 45
59 18 16 7480 69
39 19 15 7295 76
91 16 19 7699 75
74 18 11 7308 57
90 17 15 7371 68
65 18 1 7678 28
9 19 17 7409 17
2 14 16 7549 61
23 16 15 7439 25
34 15 17 7426 18
17 18 14 7529 17
58 16 7 7454 52
46 18 18 7535 20
66 17 2 7502 24
74 19 13 7365 68
66 18 15 7526 64
97 17 6 7338 30
29 18 1 7706 37
66 19 1 7743 11
29 19 0 7743 3
6 18 14 7546 44
0 16 8 7409 35
75 15 6 7368 68
46 19 14 7590 60
5 18 9 7463 14
69 19 18 7555 62
17 19 5 7546 28
59 19 13 7549 35
1 18 16 7610 30
1 19 1 7754 50
58 17 4 7506 83
81 19 0 7746 49
24 15 6 7543 87
5 19 7 7506 48
40 19 2 7526 50
2 15 2 7610 64
65 19 4 7706 67
47 18 9 7477 94
12 19 7 7554 75
47 19 10 7625 33
6 19 19 7774 3
75 16 18 7617 93
2 16 18 7710 38
90 18 19 7777 73
23 17 6 7630 4
91 17 15 7774 55
90 19 11 7850 67
34 16 7 7629 75
0 17 11 7917 18
97 18 15 7829 91
34 17 13 7704 35
91 18 1 7829 79
58 18 8 7589 36
0 18 12 7935 44
58 19 2 7674 60
97 19 3 7920 63
23 18 19 7850 92
23 19 18 7942 90
0 19 6 7979 39
2 17 3 7983 17
2 18 14 8000 27
91 19 4 7908 38
2 19 7 8027 70
34 18 15 7920 31
75 17 17 7710 39
34 19 3 8000 14
75 18 15 7951 48
24 16 5 7630 68
24 17 15 7999 1
75 19 19 7999 77
24 18 8 8000 39
24 19 16 8039 46
