48 0 8 0 33
50 0 7 0 37
11 0 15 0 13
44 0 12 0 40
77 0 1 0 82
88 0 0 0 90
94 0 3 0 1
9 0 10 0 12
52 0 7 37 18
73 0 6 0 59
20 0 9 0 68
98 0 9 68 41
56 0 17 0 38
49 0 5 0 97
3 0 10 12 49
37 0 16 0 87
4 0 3 1 35
76 0 15 13 97
65 0 19 0 43
36 0 11 0 4
15 0 5 97 13
53 0 0 90 78
15 1 16 110 50
64 0 12 40 9
30 0 17 38 56
40 0 14 0 19
65 1 0 168 21
50 1 11 37 23
87 0 1 82 36
55 0 5 110 76
95 0 2 0 49
63 0 1 118 67
27 0 1 185 71
98 1 5 186 14
45 0 18 0 45
2 0 3 36 94
7 0 1 256 83
42 0 11 60 51
80 0 5 200 77
37 1 14 87 40
20 1 11 111 72
47 0 7 55 17
77 1 10 82 84
72 0 4 0 94
20 2 15 183 54
99 0 11 183 78
11 1 11 261 55
1 0 6 59 70
87 1 3 130 48
41 0 14 127 77
37 2 9 127 55
81 0 18 45 16
85 0 8 33 17
71 0 4 94 40
62 0 19 43 4
45 1 1 339 99
38 0 0 189 74
23 0 11 316 86
21 0 3 178 57
94 1 0 263 32
14 0 18 61 71
89 0 16 160 64
21 1 17 235 4
44 1 8 50 1
9 1 5 277 60
14 1 19 132 36
32 0 11 402 92
54 0 7 72 57
75 0 18 132 63
89 1 18 224 6
6 0 10 166 97
95 1 19 168 16
5 0 1 438 56
20 3 2 237 29
57 0 5 337 59
94 2 17 295 66
40 1 13 19 40
34 0 6 129 29
42 1 7 129 63
8 0 9 182 39
79 0 10 263 21
75 1 14 204 34
96 0 16 224 25
31 0 3 235 52
4 1 19 184 15
15 2 1 494 15
2 1 13 130 42
60 0 16 249 24
96 1 18 249 84
89 2 11 494 72
7 1 14 339 27
0 0 16 273 83
68 0 0 295 8
49 1 13 172 65
17 0 1 509 40
41 1 19 204 61
76 1 18 333 72
9 2 6 337 43
75 2 3 287 66
53 1 1 549 8
58 0 1 557 36
59 0 19 265 71
64 1 11 566 8
29 0 6 380 7
91 0 19 336 97
20 4 17 361 85
35 0 1 593 82
55 1 16 356 47
13 0 4 134 33
51 0 5 396 99
68 1 16 403 2
7 2 13 366 34
24 0 10 284 49
48 1 5 495 82
99 1 4 261 50
8 1 5 577 74
3 1 4 311 20
26 0 12 49 55
85 1 4 331 35
9 3 12 380 12
14 2 13 400 83
96 2 7 333 4
50 2 13 483 32
47 1 6 387 26
38 1 7 337 52
99 2 8 311 76
89 3 3 566 74
93 0 4 366 53
30 1 8 387 65
5 1 7 494 64
48 2 18 577 69
42 2 19 433 19
19 0 10 333 64
25 0 18 646 35
83 0 14 366 95
92 0 12 392 93
66 0 9 221 13
18 0 6 413 73
29 1 10 397 77
46 0 12 485 56
72 1 1 675 12
44 2 13 515 51
71 1 9 234 68
91 1 0 433 28
23 1 0 461 26
27 1 4 419 42
51 1 2 495 95
30 2 16 452 5
74 0 9 302 94
23 2 6 487 77
61 0 7 558 99
57 1 14 461 31
34 1 15 237 57
59 1 16 457 60
72 2 6 687 38
23 3 1 687 59
31 1 5 651 15
3 2 13 566 37
19 1 12 541 45
37 3 12 586 7
90 0 16 517 91
21 2 19 452 87
64 2 13 603 97
64 3 7 700 64
17 1 5 666 33
22 0 8 452 40
76 2 14 492 27
48 3 17 646 32
99 3 12 593 48
52 1 10 474 44
66 1 10 518 35
39 0 5 699 32
22 1 15 492 98
41 2 5 731 21
10 0 18 681 55
24 1 2 590 67
51 2 4 590 66
28 0 12 641 60
22 2 18 736 95
67 0 13 700 55
7 3 12 701 98
50 3 19 539 94
81 1 9 396 39
98 2 14 519 85
19 2 3 640 18
62 1 10 553 45
63 1 10 598 90
44 3 11 574 33
98 3 7 764 1
71 2 8 492 53
92 1 16 608 14
55 2 13 755 33
36 1 6 725 86
74 1 0 487 42
96 3 17 678 53
89 4 17 731 25
58 1 9 593 7
64 4 4 764 64
73 1 10 688 38
22 3 10 831 96
30 3 4 828 89
73 2 5 752 83
97 0 13 788 5
46 1 10 927 28
16 0 14 604 44
75 3 8 545 80
10 1 4 917 61
13 1 6 811 44
40 2 3 658 68
34 2 14 648 26
21 3 8 625 45
28 1 16 701 44
92 2 8 670 82
19 3 6 855 24
71 3 14 674 69
51 3 18 831 61
65 2 16 745 51
24 2 13 793 35
34 3 19 674 79
77 2 0 529 45
35 1 14 743 35
41 3 11 752 82
1 1 9 600 72
94 3 6 879 52
10 2 16 978 62
30 4 14 917 99
78 0 0 574 41
8 2 11 834 94
25 1 1 746 71
27 2 8 752 23
93 1 1 817 2
60 1 14 1016 21
70 0 6 931 53
2 2 8 775 82
11 2 8 857 31
83 1 12 799 86
3 3 18 892 95
85 2 17 756 73
86 0 3 726 1
8 3 16 1040 68
15 3 18 987 85
85 3 15 829 28
96 4 1 819 91
73 3 0 835 43
35 2 16 1108 20
49 2 4 978 83
43 0 4 1061 92
18 1 9 672 48
86 1 18 1072 98
44 4 1 910 75
86 2 19 1170 32
2 3 18 1170 39
46 2 1 985 81
61 1 15 857 52
5 2 13 828 15
44 5 17 985 63
70 1 1 1066 17
41 4 7 834 77
18 2 4 1153 8
5 3 16 1128 78
78 1 4 1161 22
44 6 19 1202 62
37 4 6 984 33
85 4 0 878 81
23 4 7 911 54
29 2 2 657 77
95 2 9 720 85
38 2 6 1017 82
89 5 5 835 43
88 1 11 928 21
13 2 9 855 21
6 1 6 1099 18
42 3 4 1183 14
91 2 3 727 87
95 3 14 1037 9
81 2 6 1117 29
86 3 7 1202 56
27 3 15 909 55
60 2 6 1146 94
58 2 8 888 27
72 3 10 955 68
18 3 16 1206 34
17 2 6 1240 11
12 0 19 1264 68
14 3 8 915 48
39 1 3 814 83
9 4 1 1083 40
35 3 8 1128 49
38 3 13 1099 25
6 2 14 1117 12
95 4 3 1046 61
56 1 7 1258 79
91 3 14 1129 56
49 3 19 1332 61
74 2 13 1124 54
26 1 16 1240 56
72 4 13 1178 48
31 2 4 1197 75
32 1 3 1107 84
0 1 18 1209 46
95 5 1 1123 21
99 4 3 1191 38
38 4 16 1296 24
92 3 0 959 81
9 5 4 1272 78
81 3 12 1146 27
22 4 13 1226 28
72 5 12 1226 33
42 4 3 1229 5
16 1 17 1048 64
93 2 16 1320 51
55 3 8 1177 31
76 3 4 1350 38
32 2 17 1191 16
21 4 12 1259 72
58 3 11 949 16
99 5 2 1229 84
62 2 4 1388 11
33 0 11 965 42
68 2 7 1337 32
15 4 0 1072 23
69 0 19 1393 18
99 6 10 1313 21
62 3 9 1399 16
33 1 3 1234 97
68 3 3 1369 12
15 5 13 1254 57
40 3 10 1334 4
23 5 9 1415 17
76 4 6 1388 72
58 4 13 1311 16
57 2 7 1369 83
28 2 17 1207 77
57 3 9 1452 57
18 4 3 1381 80
70 2 3 1461 56
39 2 2 1313 80
1 2 17 1284 45
42 5 13 1327 50
65 3 10 1338 35
64 5 17 1329 96
90 1 8 1208 59
26 2 2 1393 96
18 5 15 1461 67
56 2 14 1337 6
63 2 3 1517 46
63 3 17 1563 10
86 4 15 1528 39
40 4 4 1399 99
77 3 12 1331 46
99 7 13 1377 57
29 3 18 1255 13
91 4 11 1185 96
88 2 16 1371 99
2 4 9 1509 33
0 2 5 1255 63
55 4 18 1268 61
93 3 13 1434 65
32 3 16 1470 27
60 3 17 1573 4
54 1 4 1498 1
33 2 8 1331 2
16 2 19 1411 29
75 4 6 1460 61
0 3 13 1499 19
36 2 15 1567 2
90 2 15 1569 27
47 2 12 1377 98
82 0 0 1095 65
32 4 10 1497 77
79 1 5 1318 66
6 3 19 1440 65
0 4 12 1518 28
93 4 10 1574 75
32 5 1 1574 82
93 5 14 1649 14
60 4 9 1577 3
54 2 12 1546 14
0 5 9 1580 87
36 3 4 1569 24
47 3 10 1649 49
32 6 14 1663 67
62 4 13 1518 98
6 4 16 1505 77
91 5 10 1698 14
14 4 14 1730 23
4 2 9 1667 66
59 2 10 1712 74
49 4 7 1452 35
38 5 5 1384 93
80 1 6 1521 39
12 1 8 1333 25
19 4 14 1753 9
46 3 3 1563 20
73 4 18 1329 8
97 1 15 1596 6
47 4 8 1698 78
88 3 14 1762 29
71 4 5 1477 22
80 2 18 1560 71
21 5 11 1331 84
43 1 15 1602 57
11 3 17 1577 34
89 6 4 1593 8
52 2 19 1505 4
49 5 12 1560 85
12 2 13 1616 8
7 4 19 1509 41
76 5 13 1624 90
92 4 5 1499 55
53 2 3 1583 9
25 2 9 1733 57
0 6 10 1786 91
42 6 17 1611 18
38 6 15 1659 74
83 2 3 1592 58
77 4 9 1790 5
30 5 11 1415 60
26 3 8 1776 29
61 2 3 1650 52
98 4 3 1702 69
18 6 11 1528 47
70 3 19 1550 38
63 4 11 1575 19
32 7 18 1730 74
76 6 8 1805 91
95 6 0 1160 86
52 3 13 1714 65
66 2 8 1896 43
54 3 17 1629 11
52 4 9 1795 82
94 4 5 1554 90
4 3 4 1733 89
17 3 17 1640 61
84 0 3 1771 61
1 3 10 1877 50
94 5 12 1645 8
78 2 15 1733 20
78 3 10 1927 76
87 2 18 1804 66
84 1 14 1832 53
29 4 5 1644 97
25 3 3 1832 46
55 5 3 1878 78
83 3 11 1650 46
80 3 13 1779 83
84 2 11 1885 33
86 5 2 1567 29
16 3 5 1741 69
67 1 4 1822 22
65 4 13 1862 11
72 6 19 1588 8
58 5 5 1810 10
31 3 1 1656 66
61 3 12 1702 72
56 3 12 1774 8
44 7 14 1885 54
58 6 3 1956 60
59 3 17 1786 29
99 8 16 1582 72
96 5 10 2003 1
43 2 8 1939 73
69 1 0 1411 94
55 6 15 1956 27
37 5 2 1596 44
14 5 17 1815 84
95 7 16 1654 14
81 4 10 2004 70
45 2 19 1596 92
8 4 3 2016 77
89 7 19 1688 20
67 2 2 1844 91
34 4 13 1873 71
73 5 9 1877 29
92 5 4 1844 54
53 3 18 1870 4
11 4 12 1782 70
13 3 15 1983 31
23 6 10 2074 9
12 3 12 1852 48
15 6 6 1560 93
2 5 2 1935 48
77 5 6 1795 25
21 6 1 1722 64
2 6 15 2014 42
30 6 13 1944 73
26 4 9 1906 28
6 5 4 1898 69
70 4 12 1900 63
79 2 17 1899 31
76 7 17 1930 51
10 3 2 1983 49
88 4 4 1967 49
24 3 11 1918 64
27 4 2 2032 59
93 6 12 1963 13
41 5 3 2093 24
85 5 11 1982 18
45 3 2 2091 8
6 6 12 1976 27
79 3 3 2117 15
93 7 7 1976 51
85 6 13 2017 95
9 6 7 2027 66
5 4 17 1981 35
20 5 10 2083 11
4 4 18 1874 72
60 5 4 2016 4
49 6 10 2094 98
53 4 14 1939 48
35 4 2 2099 97
51 4 7 2093 5
99 9 18 1946 8
3 4 19 1708 24
46 4 15 2056 12
80 4 11 2000 70
82 1 10 2192 97
41 6 9 2117 96
60 6 3 2132 56
41 7 1 2213 35
4 5 15 2068 47
17 4 12 2003 16
84 3 13 2112 5
94 6 13 2117 33
78 4 1 2248 45
87 3 7 2098 23
84 4 8 2117 38
29 5 3 2188 22
25 4 12 2019 11
17 5 8 2155 85
57 4 10 2289 67
83 4 10 2356 51
87 4 16 2121 52
80 5 9 2213 47
84 5 18 2155 63
66 3 6 1939 80
16 4 10 2407 96
67 3 19 1935 63
58 7 7 2121 78
31 4 15 2115 92
68 4 13 2150 55
61 4 9 2260 95
8 5 18 2218 10
25 5 6 2030 44
27 5 14 2091 97
93 8 8 2240 18
60 7 5 2188 23
70 5 16 2173 65
11 5 2 2196 95
83 5 16 2407 99
3 5 12 2030 6
85 7 6 2112 26
86 6 14 2188 33
8 6 8 2258 29
96 6 8 2287 26
73 6 19 1998 56
35 5 3 2210 15
49 7 2 2291 56
43 3 19 2054 80
18 7 5 2211 13
86 7 12 2221 82
44 8 0 1939 36
46 5 13 2205 14
61 5 17 2355 10
5 5 5 2224 71
41 8 4 2248 11
5 6 8 2313 85
78 5 5 2295 60
37 6 5 2355 78
23 7 14 2221 37
29 6 13 2219 21
95 8 6 2138 81
38 7 12 2303 58
89 8 15 2207 80
88 5 1 2293 13
13 4 1 2306 12
6 7 17 2365 78
42 7 16 2506 4
91 6 9 2355 78
81 5 3 2225 52
27 6 6 2219 86
60 8 2 2347 70
58 8 6 2305 80
72 7 0 1975 42
17 6 19 2240 95
12 4 1 2318 86
14 6 0 2017 18
39 3 0 2035 89
9 7 11 2093 25
35 6 6 2385 34
38 8 14 2361 83
6 8 3 2443 34
56 4 3 2477 12
91 7 4 2433 5
49 8 9 2433 21
74 3 16 2510 41
26 5 19 2335 8
72 8 3 2489 81
31 5 16 2551 66
32 8 0 2124 81
0 7 0 2205 61
99 10 17 2443 55
92 6 10 2503 51
9 8 13 2240 76
81 6 13 2316 11
22 5 7 2199 91
72 9 5 2570 54
16 5 1 2503 23
93 9 11 2258 79
55 7 12 2361 68
76 8 9 2454 9
32 9 4 2438 92
21 7 6 2419 13
62 5 5 2624 94
33 3 9 2463 70
69 2 5 2718 83
62 6 16 2718 20
33 4 2 2533 59
40 5 5 2801 72
23 8 12 2429 29
76 9 1 2526 14
57 5 12 2458 17
28 3 1 2540 22
57 6 15 2475 70
39 4 13 2327 99
1 4 1 2562 1
65 5 18 2228 30
64 6 15 2545 33
90 3 6 2432 65
10 4 19 2343 62
56 5 9 2533 72
63 5 0 2266 24
63 6 5 2873 36
30 7 7 2290 56
5 7 4 2530 63
48 4 7 2346 61
19 5 2 2592 39
25 6 10 2554 86
83 6 1 2563 59
66 4 3 2570 53
18 8 10 2640 99
46 6 2 2631 47
71 5 0 2290 97
27 7 18 2305 20
30 8 12 2475 68
61 6 13 2426 94
34 5 1 2622 15
37 7 1 2637 21
90 4 11 2497 45
21 8 14 2444 33
17 7 14 2477 83
48 5 15 2578 49
52 5 12 2543 97
66 5 19 2623 11
10 5 8 2405 94
24 4 9 2605 10
67 4 3 2623 15
7 5 7 2407 43
50 4 9 2615 86
81 7 1 2658 26
98 5 4 2593 9
63 7 6 2909 38
98 6 19 2634 43
36 4 3 2638 42
73 7 16 2738 54
97 2 9 2701 81
46 7 8 2678 83
75 5 0 2387 12
13 5 12 2640 19
40 6 19 2873 18
58 9 14 2560 7
75 6 12 2659 30
16 6 4 2602 27
87 5 0 2399 92
41 9 2 2678 23
81 8 7 2684 62
56 6 5 2909 4
85 8 12 2689 93
71 6 10 2739 49
45 4 5 2913 77
9 9 19 2891 28
54 4 19 2919 38
75 7 9 2782 31
6 9 8 2761 59
5 8 12 2782 36
20 6 4 2629 36
40 7 15 2891 45
34 6 17 2637 46
79 4 4 2665 92
92 7 13 2554 61
9 10 2 2919 68
22 6 3 2680 65
72 10 14 2624 67
16 7 2 2987 4
93 10 15 2936 25
55 8 17 2683 34
34 7 3 2745 74
99 11 0 2498 56
62 7 12 2818 99
33 5 15 2961 57
68 5 18 2325 27
15 7 12 2917 84
69 3 16 2801 51
40 8 16 2936 33
23 9 15 3018 37
57 7 19 2957 23
28 4 4 2757 75
57 8 18 2980 14
39 5 4 2832 25
1 5 7 2746 46
65 6 4 2857 89
11 6 0 2554 86
15 8 4 3001 74
89 9 13 2615 89
73 8 8 2820 34
83 7 2 2991 4
71 7 1 2788 71
97 3 12 3001 49
43 4 1 2859 57
77 6 13 2704 31
8 7 7 2792 60
8 8 17 2852 13
44 9 4 3075 17
97 4 7 3050 30
61 7 10 2788 51
70 6 10 2839 38
58 10 17 2865 37
13 6 0 2659 85
48 6 1 2916 61
14 7 9 2813 95
30 9 3 2819 63
13 7 14 2744 16
33 6 0 3018 30
69 4 6 2947 91
1 6 11 2792 67
18 9 7 3080 10
83 8 0 3048 33
89 10 7 3090 6
58 11 18 2994 76
73 9 15 3055 41
22 7 16 2969 31
30 10 10 2882 48
73 10 11 3096 51
97 5 0 3081 77
46 8 9 2908 64
16 8 11 3147 13
75 8 16 3000 40
10 6 12 3050 2
13 8 10 2930 79
40 9 9 2972 41
34 8 16 3040 6
21 9 7 3096 93
28 5 11 3160 4
92 8 2 2995 22
19 6 17 2902 98
71 8 2 3017 82
51 5 14 2760 6
65 7 14 2946 48
24 5 4 3092 17
34 9 12 3052 97
77 7 8 2854 60
35 7 18 3070 92
41 10 15 3096 77
1 7 13 2859 43
80 6 10 3009 32
37 8 11 3164 48
27 8 13 2902 86
89 11 0 3158 44
85 9 3 2882 32
84 6 7 3189 35
70 7 4 3109 65
73 11 3 3147 89
72 11 15 3173 63
19 7 11 3212 51
83 9 5 3081 6
31 6 17 3000 16
53 5 10 3041 48
69 5 18 3162 74
39 6 16 3046 5
67 5 9 3013 5
69 6 13 3236 9
34 10 2 3149 51
85 10 2 3200 3
34 11 10 3200 3
23 10 13 3245 42
88 6 7 3224 94
49 9 14 2994 96
17 8 9 3018 82
53 6 5 3089 77
59 4 14 3090 27
29 7 11 3263 88
91 8 16 3051 29
35 8 12 3162 23
55 9 14 3117 99
51 6 13 3287 57
68 6 17 3016 9
7 6 15 3236 22
24 6 3 3236 1
48 7 10 3203 98
10 7 0 3202 93
27 9 12 3185 32
54 5 13 3344 74
52 6 16 3080 28
4 6 2 3203 58
45 5 8 2990 15
16 9 6 3160 8
67 6 8 3018 96
17 9 4 3174 94
82 2 17 3025 23
53 7 9 3166 65
55 10 1 3216 44
76 10 16 3108 67
20 7 14 3216 35
96 7 12 3217 19
47 5 14 3251 36
99 12 1 3260 23
89 12 14 3287 2
30 11 1 3283 70
5 9 19 2980 91
42 8 14 3289 84
88 7 5 3318 26
38 9 4 3268 2
98 7 16 3175 88
95 9 7 3318 59
54 6 1 3418 6
14 8 10 3301 26
63 8 15 3258 73
26 6 6 3168 29
2 7 16 3263 32
11 7 5 3344 33
82 3 12 3236 38
54 7 6 3424 72
45 6 17 3048 80
78 6 8 3114 97
35 9 5 3377 60
15 9 15 3331 55
76 11 7 3377 65
28 6 0 3295 6
50 5 6 3496 44
5 10 6 3540 48
32 10 13 3418 75
50 6 2 3540 6
2 8 4 3295 69
92 9 19 3071 28
31 7 12 3274 96
99 13 9 3283 4
74 4 8 3211 78
82 4 14 3373 57
43 5 13 3493 77
97 6 16 3295 44
80 7 14 3430 11
70 8 7 3442 48
1 8 0 3301 75
77 8 2 3546 12
29 8 4 3364 90
91 9 8 3289 14
88 8 2 3558 20
0 8 17 3128 14
55 11 7 3490 64
32 11 5 3493 92
60 9 15 3386 42
54 8 3 3496 16
33 7 12 3370 23
0 9 4 3454 84
36 5 2 3578 70
90 5 13 3570 22
47 6 9 3287 87
82 5 3 3512 73
32 12 12 3585 50
79 5 7 3554 11
36 6 16 3648 55
47 7 1 3424 96
91 10 12 3635 73
4 7 10 3327 34
59 5 13 3592 57
49 10 17 3142 20
80 8 2 3648 26
12 5 5 3585 26
19 8 5 3611 28
46 9 11 3351 44
97 7 19 3339 2
47 8 16 3703 32
71 9 6 3588 78
21 10 0 3376 20
43 6 18 3570 83
11 8 3 3585 64
89 13 1 3520 6
52 7 1 3526 62
7 7 16 3735 4
76 12 0 3442 4
92 10 14 3441 3
53 8 4 3538 71
25 7 13 3649 53
71 10 7 3666 3
30 12 9 3374 51
61 8 11 3395 77
98 8 17 3263 44
52 8 5 3639 36
66 6 7 3669 97
41 11 6 3666 86
52 9 14 3675 96
94 7 18 3653 72
51 7 16 3739 3
65 8 17 3307 70
77 9 11 3558 32
41 12 12 3752 8
1 9 5 3675 44
94 8 19 3725 80
10 8 3 3649 35
78 7 16 3742 82
8 9 4 3609 38
25 8 17 3702 4
93 11 17 3706 52
60 10 11 3590 68
70 9 15 3490 59
2 9 1 3588 93
11 9 19 3805 10
83 10 17 3758 50
3 6 9 3425 65
86 8 10 3361 57
8 10 10 3647 44
15 10 9 3490 94
96 8 2 3674 98
49 11 1 3681 79
43 7 2 3772 97
18 10 2 3869 31
86 9 5 3719 17
44 10 7 3766 59
86 10 0 3736 39
2 10 14 3771 65
46 10 18 3725 42
61 9 1 3760 13
5 11 3 3684 26
44 11 6 3825 96
18 11 0 3900 65
78 8 19 3824 33
44 12 10 3921 68
23 11 8 3303 26
29 9 7 3825 95
95 10 15 3549 34
38 10 8 3329 12
13 9 18 3767 98
6 10 1 3773 2
42 9 2 3900 50
91 11 7 3920 52
95 11 17 3808 59
81 9 14 3836 19
86 11 17 3867 77
58 12 10 3989 31
18 12 17 3965 65
17 10 11 3658 37
12 6 14 3855 66
14 9 16 3824 94
38 11 3 3710 76
6 11 15 3775 22
95 12 11 3867 19
56 7 8 3341 4
49 12 11 3886 70
74 5 15 3797 80
26 7 0 3965 26
32 13 8 3635 83
0 10 2 3950 9
95 13 13 3886 85
99 14 5 3736 57
38 12 9 3786 97
92 11 18 3865 35
81 10 17 4030 99
22 8 0 3991 12
42 10 1 3950 41
93 12 9 3883 49
55 12 9 3932 13
76 13 12 3760 13
32 14 7 3972 43
21 11 18 3900 31
58 13 16 4020 36
99 15 15 3877 56
62 8 2 3959 89
33 8 7 4015 49
68 7 10 4020 60
15 11 14 3921 13
99 16 19 3933 58
62 9 1 4048 63
33 9 14 4064 20
68 8 15 4080 44
40 10 7 4064 38
76 14 3 3786 84
58 14 0 4056 26
18 13 8 4030 26
1 10 14 4084 62
42 11 12 3991 39
65 9 11 3956 62
90 6 5 3793 97
26 8 3 3991 78
18 14 18 4056 3
10 9 10 4080 82
56 8 0 4082 8
77 10 19 3991 21
29 10 17 4129 11
2 11 10 4162 74
0 11 11 4018 91
93 13 3 4069 43
32 15 6 4015 42
33 10 13 4084 68
0 12 8 4109 24
36 7 19 4012 45
90 7 9 3945 53
47 9 5 3890 23
32 16 2 4057 49
79 6 13 4152 34
6 12 13 4186 77
0 13 6 4133 28
0 14 7 4161 60
36 8 12 4057 49
47 10 0 4090 56
62 10 17 4140 35
6 13 18 4263 51
14 10 2 4106 60
65 10 15 4124 56
72 12 8 4133 45
58 15 12 4106 63
31 8 7 4221 72
61 10 14 4146 82
56 9 10 4236 55
58 16 15 4180 78
59 6 4 3649 83
99 17 6 4161 27
96 9 11 4109 97
43 8 17 4175 47
69 7 11 4206 29
55 13 10 4291 45
14 11 5 4166 28
95 14 18 4314 29
81 11 0 4146 38
70 10 8 4178 40
45 7 4 3732 13
30 13 15 4258 7
8 11 2 4166 64
38 13 19 4057 1
67 7 12 4169 53
76 15 10 4336 1
73 12 14 4228 83
92 12 11 4235 22
53 9 6 4188 4
11 10 16 4056 97
13 10 17 4222 20
0 15 15 4265 26
12 7 15 4291 96
38 14 2 4230 11
15 12 3 4112 99
2 12 12 4236 47
77 11 14 4311 50
21 12 2 4241 69
26 9 7 4293 27
6 14 9 4314 6
18 15 13 4263 47
43 9 0 4222 95
79 7 16 4186 46
32 17 15 4387 51
95 15 12 4343 67
50 7 4 3745 61
50 8 14 4361 22
87 6 9 4320 90
45 8 11 4257 50
38 15 18 4343 29
6 15 2 4320 25
95 16 4 4410 46
20 8 18 4372 8
79 8 0 4317 28
20 9 6 4380 47
42 12 8 4218 98
4 8 16 4232 61
60 11 7 4320 98
51 8 8 4316 37
99 18 14 4383 66
3 7 17 4242 34
46 11 19 4058 68
55 14 4 4456 55
45 9 9 4410 30
74 6 4 4511 53
4 9 17 4293 50
17 11 13 4310 50
84 7 0 4345 74
94 9 14 4449 40
78 9 2 4345 59
78 10 14 4489 48
87 7 13 4410 1
29 11 12 4410 30
25 9 5 4194 1
57 9 13 4411 54
55 15 6 4511 19
87 8 12 4440 1
86 12 13 4465 73
66 7 1 4111 29
69 8 2 4404 93
62 11 7 4418 72
33 11 4 4564 10
68 9 14 4537 86
15 13 17 4343 10
40 11 0 4419 75
23 12 19 4126 84
76 16 5 4337 20
58 17 2 4497 78
57 10 8 4465 10
28 7 15 4438 68
57 11 1 4475 24
18 16 1 4499 68
70 11 18 4380 33
39 7 6 4530 29
1 11 4 4574 91
42 13 5 4357 67
65 11 7 4490 94
64 7 6 4559 26
90 8 12 4441 72
26 10 14 4623 29
18 17 19 4567 11
10 10 1 4567 63
56 10 11 4307 23
63 9 9 4440 74
63 10 16 4514 33
86 13 8 4538 12
40 12 1 4630 61
77 12 4 4665 77
29 12 19 4578 61
91 12 13 4538 2
88 9 17 4353 73
2 13 6 4585 3
0 16 3 4291 11
55 16 19 4639 99
93 14 0 4494 49
32 18 9 4514 36
60 12 18 4418 48
54 9 10 4337 11
33 12 10 4574 61
16 10 7 4584 59
75 9 11 4330 94
0 17 14 4652 6
36 9 5 4424 96
90 9 10 4635 47
47 11 11 4424 84
82 6 1 4691 33
32 19 19 4738 89
79 9 19 4827 96
6 16 7 4643 6
0 18 19 4923 4
93 15 6 4588 83
93 16 19 4927 36
60 13 12 4513 48
54 10 0 4543 25
36 10 18 4520 78
47 12 3 4508 21
62 12 3 4529 88
6 17 5 4649 49
91 13 2 4575 34
14 12 4 4742 81
4 10 0 4568 17
59 7 3 4617 5
49 13 15 4506 38
38 16 1 4724 57
80 9 7 4649 1
12 8 16 4547 27
19 9 9 4550 18
46 12 5 4698 95
73 13 1 4781 13
97 8 2 4609 73
47 13 4 4823 69
88 10 10 4682 21
71 11 19 4963 17
80 10 1 4794 75
21 13 15 4544 96
11 11 14 4658 11
89 14 8 4550 54
52 10 6 4671 76
49 14 6 4747 31
12 9 3 4622 77
7 8 17 4426 45
76 17 11 4508 73
92 13 15 4640 46
53 10 12 4561 18
25 10 0 4585 22
42 14 6 4778 31
38 17 10 4781 41
83 11 8 4604 49
77 13 3 4742 36
30 14 2 4682 8
26 11 10 4822 82
61 11 16 4574 61
98 9 12 4579 85
18 18 12 4664 12
70 12 5 4793 15
63 11 2 4690 17
76 18 2 4707 12
95 17 5 4808 90
52 11 18 4747 59
66 8 18 4806 83
54 11 5 4898 5
52 12 17 4806 51
94 10 4 4892 38
4 11 6 4809 31
17 12 15 4686 61
84 8 19 4980 56
1 12 8 4665 99
94 11 9 4930 98
78 11 11 4581 58
78 12 9 5028 95
87 9 6 4840 39
84 9 4 5036 54
29 13 8 4764 11
25 11 4 5090 2
55 17 11 4738 34
83 12 6 4879 62
80 11 0 4869 17
84 10 16 5090 73
86 14 4 5092 91
16 11 8 4775 29
67 8 14 4669 68
65 12 2 4719 12
72 13 11 4772 44
31 9 14 4737 35
61 12 6 4941 68
56 11 1 4869 77
44 13 9 5123 44
59 8 5 4903 12
96 10 0 4886 5
43 10 5 4915 84
69 9 15 4747 75
55 18 0 4891 84
37 9 8 4804 92
14 13 15 4823 71
95 18 8 4898 42
81 12 11 4816 95
45 10 14 4772 66
8 12 19 5036 61
89 15 6 5009 51
67 9 18 4889 5
34 12 8 4940 63
73 14 2 4794 61
92 14 6 5060 80
53 11 11 4911 93
11 12 9 5167 79
13 11 13 4540 18
23 13 5 4999 98
12 10 0 4975 20
42 15 0 4995 59
15 14 8 5003 59
2 14 17 4857 31
77 14 15 4894 86
21 14 10 4904 59
2 15 19 5097 55
30 15 5 5097 7
26 12 1 4946 31
6 18 11 5004 7
18 19 14 4838 43
70 13 13 4808 86
79 10 14 4923 72
10 11 9 5246 25
95 19 10 4963 23
88 11 15 4980 28
24 7 5 5104 6
27 10 10 4986 57
93 17 5 5110 54
41 13 17 4888 5
85 11 7 4650 39
45 11 12 4838 9
6 19 0 5054 97
79 11 2 4995 79
93 18 2 5164 43
85 12 5 5164 13
9 11 3 4778 59
5 12 18 4894 14
20 10 8 5062 70
42 16 9 5271 69
4 12 1 4977 80
60 14 1 5057 9
49 15 16 5163 57
53 12 15 5008 70
35 10 10 5043 13
51 9 19 5152 87
3 8 3 4837 63
46 13 7 4793 17
55 19 2 5207 74
80 12 17 4893 77
82 7 16 5220 11
41 14 0 5151 43
60 15 8 5132 98
41 15 13 5194 12
4 13 5 5177 84
17 13 16 5231 82
84 11 9 5340 17
94 12 2 5281 71
78 13 18 5123 45
87 10 4 5183 49
84 12 15 5357 61
29 14 9 5357 39
25 12 11 5092 40
17 14 10 5313 36
57 12 0 5194 79
83 13 19 5239 69
87 11 11 5232 25
80 13 4 5232 98
84 13 10 5418 49
66 9 17 4970 6
16 12 15 5418 3
67 10 10 5467 59
31 10 11 5257 26
68 10 12 4847 66
61 13 0 5273 39
66 10 13 5206 73
56 12 6 5140 52
28 8 9 5396 6
59 9 6 5192 68
96 11 14 4995 24
64 8 9 5402 88
43 11 11 5283 9
69 10 12 4913 62
94 13 7 5352 98
56 13 16 5313 55
37 10 3 4900 60
98 10 6 5260 80
14 14 7 5450 75
98 11 1 5340 50
81 13 4 5330 13
83 14 7 5525 37
70 14 9 5490 66
30 16 6 5340 43
8 13 6 5383 95
59 10 2 5352 96
96 12 9 5556 76
89 16 12 5060 41
67 11 0 5526 18
89 17 2 5448 98
34 13 18 5168 79
73 15 4 5343 13
92 15 3 5140 66
53 13 8 5230 41
25 13 2 5546 82
36 11 14 5019 73
13 12 2 5628 21
71 12 18 5247 20
12 11 4 5356 5
42 17 15 5421 91
36 12 7 5562 1
15 15 10 5526 60
14 15 3 5525 63
20 11 3 5588 56
94 14 16 5450 14
40 13 12 5101 8
34 14 0 5544 85
8 14 1 5478 73
79 12 6 5478 85
75 10 19 5308 92
96 13 4 5632 28
31 11 13 5283 21
4 14 11 5292 13
15 16 19 5586 95
2 16 0 5629 81
96 14 5 5660 18
89 18 9 5632 90
7 9 0 5710 19
68 11 6 5563 52
49 16 18 5267 33
17 15 7 5563 6
41 16 18 5300 34
75 11 10 5586 89
53 14 7 5569 27
64 9 18 5490 67
29 15 0 5729 48
20 12 16 5644 32
13 13 8 5649 77
68 12 9 5722 35
7 10 10 5729 44
24 8 18 5557 82
48 8 14 5092 81
8 15 0 5777 37
26 13 15 5512 58
14 16 11 5588 40
50 9 12 5109 15
47 14 19 5681 98
89 19 10 5773 94
30 17 0 5814 18
5 13 0 5832 55
48 9 13 5304 61
19 10 8 5726 34
25 14 15 5628 60
83 15 15 5688 65
66 11 0 5887 10
46 14 4 5660 55
71 13 12 5267 52
27 11 16 5676 63
30 18 19 5832 18
61 14 2 5649 60
34 15 4 5715 86
37 11 15 5753 69
90 10 3 5644 98
21 15 4 5801 87
17 16 18 5639 14
48 10 3 5742 19
52 13 8 5760 16
66 12 14 5897 55
10 12 13 5365 84
24 9 19 5850 75
67 12 5 5678 87
7 11 11 5773 62
50 10 18 5653 42
81 14 19 5925 3
98 12 11 5835 3
63 12 14 5952 9
98 13 13 5838 31
36 13 1 5563 48
73 16 13 5869 33
97 9 1 5611 78
46 15 16 5739 62
75 12 7 5675 58
13 14 16 5801 18
40 14 18 5695 73
75 13 4 5888 49
16 13 12 5421 79
87 12 8 5776 4
41 17 8 5780 31
81 15 16 5928 44
56 14 4 5937 54
85 13 1 5689 97
71 14 17 5319 8
45 12 7 5733 77
9 12 17 5327 10
54 12 15 5822 86
75 14 13 5937 29
5 14 11 5887 5
20 13 7 5810 97
40 15 8 5811 80
34 16 9 5801 43
79 13 1 5786 78
92 16 1 5864 92
9 13 15 5908 77
22 9 14 5961 25
72 14 7 5907 11
16 14 0 5897 14
93 19 18 5768 72
34 17 7 5918 22
62 13 15 5985 22
33 13 17 5337 84
68 13 4 5991 21
15 17 11 5892 76
69 11 4 6012 46
40 16 2 5891 73
23 14 2 5964 53
57 13 17 5421 67
28 9 3 5761 19
57 14 6 5615 77
39 8 9 5844 77
1 13 3 5780 96
65 13 8 5891 25
64 10 14 5986 20
11 13 10 5867 53
83 16 9 5921 12
71 15 15 6007 5
97 10 8 5916 15
43 12 6 5692 56
77 15 7 5940 34
8 16 13 5966 37
8 17 12 6003 2
44 14 3 5876 57
97 11 10 5931 38
61 15 19 5928 43
70 15 17 5556 38
13 15 3 5933 45
48 11 6 5761 63
14 17 12 6005 65
13 16 11 5978 58
33 14 6 5824 15
69 12 3 6058 68
1 14 12 6070 34
83 17 4 6058 56
88 12 18 5840 54
98 14 8 5931 74
69 13 10 6126 77
54 13 2 6017 83
14 18 1 6070 34
63 13 18 5961 15
26 14 5 5765 1
2 17 7 5974 91
27 12 0 5911 18
85 14 9 5933 94
11 14 6 5920 87
82 8 7 6065 9
54 14 8 6100 5
64 11 1 6104 18
45 13 0 5929 72
78 14 13 6003 21
35 11 7 6074 52
28 10 8 6105 82
28 11 5 6187 95
50 11 17 5695 67
39 9 10 6203 41
75 15 15 6012 93
28 12 13 6282 36
5 15 14 6006 62
50 12 3 6126 36
2 18 5 6282 71
92 17 17 5956 2
31 12 18 5976 69
24 10 6 6007 32
9 14 14 6068 87
64 12 16 6122 67
39 10 7 6244 6
74 7 1 6122 98
82 9 4 6114 96
43 13 3 6162 51
97 12 11 6036 39
80 14 8 6187 5
27 13 9 6027 95
70 16 11 6075 95
1 15 18 6104 60
13 17 7 6250 49
56 15 15 6105 30
77 16 18 6164 11
37 12 13 6318 32
98 15 10 6244 88
90 11 0 6001 49
80 15 15 6192 10
37 13 18 6350 75
72 15 18 6425 48
41 18 10 6332 44
37 14 19 6425 89
81 16 8 6192 30
21 16 16 6189 82
94 15 11 6170 35
31 13 10 6376 86
24 11 1 6220 41
9 15 8 6222 93
64 13 19 6514 51
39 11 15 6250 77
74 8 6 6220 10
82 10 9 6210 4
3 9 7 6299 50
81 17 15 6327 46
88 13 8 6315 3
47 15 17 5958 9
44 15 15 6373 89
71 16 11 6205 99
91 14 6 6230 19
23 15 4 6210 50
27 14 7 6349 39
51 10 17 5967 27
74 9 14 6230 86
23 16 18 6473 75
61 16 5 6353 94
57 15 4 6260 90
34 18 11 6304 1
59 11 8 6318 25
72 16 2 6473 25
31 14 19 6565 15
3 10 8 6349 12
19 11 7 6388 2
37 15 10 6514 72
90 12 18 6548 76
64 14 5 6565 77
17 17 3 6213 2
22 10 1 6261 11
48 12 12 6104 46
52 14 2 6498 89
66 13 11 6305 32
39 12 8 6361 71
22 11 2 6587 11
41 19 16 6376 15
10 13 17 5994 61
24 12 15 6462 26
51 11 15 6488 11
28 13 10 6586 48
22 12 4 6598 69
67 13 11 6337 76
7 12 6 6249 79
50 13 0 6162 83
81 18 2 6598 72
98 16 15 6499 85
19 12 15 6584 18
62 14 18 6624 72
63 14 4 6667 95
44 16 5 6642 50
98 17 2 6670 3
71 17 3 6304 64
36 14 8 6432 17
74 10 19 6580 19
96 15 6 6328 81
64 15 0 6642 43
97 13 6 6409 88
46 16 17 6055 69
16 15 13 6350 45
75 16 17 6124 1
10 14 15 6602 60
13 18 5 6692 94
40 17 17 6125 64
34 19 5 6786 39
28 14 2 6673 7
19 13 4 6762 24
51 12 11 6499 28
65 14 9 6214 83
24 13 8 6488 93
77 17 17 6189 12
35 12 19 6599 38
1 16 19 6637 96
94 16 1 6272 23
10 15 6 6662 95
78 15 3 6368 85
8 18 15 6662 13
25 15 16 6391 91
27 15 3 6453 90
60 16 0 6685 64
11 15 1 6295 5
83 18 13 6395 88
3 11 6 6757 64
85 15 16 6482 53
86 15 9 6297 67
85 16 18 6696 11
96 16 15 6675 70
35 13 4 6786 34
49 17 3 6543 83
43 14 7 6390 32
86 16 11 6527 72
44 17 18 6707 9
86 17 16 6599 94
46 17 0 6749 71
61 17 8 6581 28
5 16 2 6680 57
44 18 16 6716 11
5 17 10 6737 94
78 16 12 6453 82
37 16 4 6820 62
29 16 1 6300 88
88 14 3 6626 97
13 19 19 6786 88
91 15 18 6716 16
81 19 5 6825 89
86 18 6 6821 14
27 16 17 6543 3
60 17 13 6749 69
72 17 9 6498 26
17 18 0 6820 99
12 12 10 6831 10
14 19 6 6835 97
39 13 19 6874 21
9 16 9 6524 45
35 14 13 6820 68
56 16 13 6888 84
91 16 17 6732 21
49 18 0 6919 58
74 11 18 6732 72
26 15 11 6599 83
31 15 6 6932 60
16 16 3 6723 59
62 15 11 6696 71
33 15 16 6727 58
68 14 19 6895 76
69 14 1 6388 34
62 16 14 6767 69
33 16 18 6804 28
68 15 1 6971 50
40 18 6 6992 33
57 16 2 6737 7
57 17 3 6782 94
39 14 18 6895 14
1 17 2 6744 19
65 15 1 7021 21
90 13 1 7042 86
26 16 17 6753 55
10 16 11 6767 42
56 17 19 6972 79
63 15 7 6762 33
63 16 12 6795 46
86 19 1 7128 73
40 19 11 7025 14
77 18 16 6785 60
29 17 16 6845 58
91 17 5 6914 79
88 15 19 7051 43
60 18 10 6841 56
54 15 14 6836 41
33 17 1 7201 61
75 17 2 6763 56
36 15 13 6972 53
90 14 17 7128 82
47 16 13 7025 75
82 11 11 7039 78
79 14 11 7117 31
60 19 19 7094 84
54 16 16 6903 52
36 16 10 7025 15
62 17 8 6836 50
91 18 15 6993 71
4 15 7 6795 43
59 12 11 7148 50
49 19 8 6977 29
80 16 19 7178 11
12 13 2 6841 64
45 14 16 6955 26
26 17 18 6909 81
27 17 19 7189 37
85 17 19 7226 80
11 16 7 6838 97
82 12 18 7117 38
54 17 11 7198 39
64 16 2 6905 77
45 15 6 7025 96
78 17 17 7210 50
35 15 0 6977 97
28 15 19 7306 88
28 16 6 7394 54
50 14 16 6981 52
39 15 12 6909 73
75 18 1 7262 50
5 18 15 7064 53
50 15 10 7040 49
31 16 0 7074 6
24 14 17 7260 74
9 17 18 7155 44
64 17 3 6982 83
39 16 14 6982 61
74 12 17 7334 24
82 13 6 7448 54
3 12 14 7043 56
88 16 12 7094 48
23 17 17 7358 37
80 17 16 7189 33
85 18 14 7306 30
75 19 5 7312 99
84 14 2 6982 4
9 18 16 7222 95
19 14 18 7199 82
83 19 18 7281 82
66 14 2 6986 49
31 17 9 7080 61
53 15 13 7100 85
69 15 7 6935 65
67 14 17 7395 19
69 16 14 7336 73
85 19 10 7336 28
23 18 3 7395 93
88 17 9 7142 55
17 19 2 7035 78
53 16 17 7414 62
56 18 2 7113 66
59 13 15 7198 85
29 18 14 7409 23
35 16 17 7476 1
51 13 9 7197 61
68 16 5 7411 58
7 13 2 7179 12
24 15 0 7334 90
48 13 19 7394 81
3 13 2 7191 31
96 17 13 7185 84
47 17 18 7363 78
19 15 0 7424 36
7 14 8 7191 31
82 14 13 7502 63
63 17 8 7222 85
53 17 19 7476 20
79 15 9 7258 76
33 18 5 7469 67
84 15 12 7142 76
1 18 15 7283 10
43 15 14 7432 11
71 18 13 7565 85
97 14 18 7441 72
78 18 7 7260 18
87 13 14 7443 16
84 16 17 7477 11
12 14 18 7513 66
12 15 11 7579 57
27 18 5 7536 87
11 17 4 6935 78
82 15 19 7565 98
54 18 9 7334 80
64 18 8 7307 9
45 16 13 7650 85
78 19 6 7502 21
35 17 11 7636 18
28 17 18 7579 2
28 18 14 7581 75
50 16 15 7293 5
39 17 11 7654 26
5 19 9 7414 6
50 17 8 7316 85
31 18 8 7401 2
24 16 12 7424 33
9 19 0 7460 23
64 19 10 7364 20
39 18 17 7680 54
74 13 2 7358 96
82 16 2 7663 86
3 14 11 7680 37
88 18 6 7523 20
23 19 16 7488 60
80 18 12 7457 73
84 17 5 7623 64
19 16 19 7663 48
66 15 16 7548 50
31 19 2 7749 8
53 18 16 7598 27
69 17 9 7420 73
67 15 16 7625 92
69 18 8 7493 40
88 19 13 7735 70
53 19 2 7757 90
56 19 18 7581 21
59 14 9 7493 23
29 19 15 7432 89
35 18 15 7654 73
51 14 12 7530 93
68 17 8 7533 25
7 15 4 7222 60
24 17 16 7717 35
48 14 16 7752 22
3 15 1 7717 93
96 18 3 7488 11
47 18 15 7727 32
19 17 1 7810 51
7 16 18 7602 34
82 17 5 7749 58
63 18 19 7711 34
79 16 15 7759 25
33 19 19 7745 10
84 18 6 7687 70
1 19 16 7774 52
43 16 16 7826 67
71 19 16 7893 61
97 15 4 7513 69
87 14 2 7847 74
84 19 1 7861 50
12 16 17 7734 74
11 18 13 7805 82
82 18 15 7807 49
54 19 18 7636 74
45 17 3 7735 58
35 19 9 7727 72
62 18 0 7483 77
44 19 2 7921 10
74 14 12 7623 6
22 13 17 7808 77
97 16 14 7656 30
46 18 6 7757 93
77 19 5 7807 1
37 17 17 7885 7
98 18 0 7560 72
90 15 19 7755 52
80 19 3 7793 67
37 18 7 7892 50
37 19 0 7942 22
94 17 10 7384 22
24 18 14 7752 99
39 19 1 7911 99
74 15 10 7629 14
82 19 8 7856 96
3 16 15 7856 89
47 19 2 7931 57
27 19 11 7717 85
51 15 3 7860 74
74 16 3 7934 27
61 18 4 7582 36
57 18 16 7954 34
59 15 1 8010 1
3 17 16 7988 32
19 18 16 8020 2
90 16 14 7851 62
22 14 11 7885 52
48 15 0 7964 80
52 15 0 8044 39
66 16 12 7629 22
22 15 5 7937 17
10 17 7 7942 19
24 19 7 7961 50
51 16 1 8011 5
28 19 7 8011 13
22 16 12 7954 44
67 16 1 8016 18
7 17 3 7961 93
50 18 5 7954 63
98 19 18 7710 85
19 19 13 8022 86
63 19 13 8108 51
36 17 17 7892 48
74 17 5 8017 19
79 17 12 7998 2
20 14 13 8159 27
4 16 8 7952 96
51 17 10 8016 42
99 19 7 8024 11
3 18 0 8083 96
46 19 14 7913 12
4 17 12 8048 73
94 18 15 7945 23
87 15 19 7921 36
25 16 7 8035 3
57 19 11 7988 69
87 16 5 8036 51
66 17 4 7651 86
16 17 9 7799 85
67 17 7 8038 17
58 18 19 7957 92
68 18 2 7988 26
61 19 18 7795 77
8 19 14 7925 32
25 17 19 8049 45
70 17 14 7957 80
11 19 18 7887 58
3 19 5 8179 47
96 19 19 8094 66
73 17 12 8121 5
43 17 9 7893 46
38 18 11 8057 29
42 18 10 8058 67
91 19 1 8034 6
58 19 4 8049 46
72 18 17 7940 56
12 17 9 7939 96
38 19 17 8086 78
74 18 7 8055 19
26 18 13 8186 28
72 19 16 8022 48
0 19 1 8040 96
92 18 9 8035 17
22 17 9 8052 42
16 18 16 8070 2
76 19 19 8160 62
21 17 9 8094 91
62 19 6 7850 40
69 19 17 8164 44
65 16 12 8126 91
90 17 2 8014 48
10 18 5 8226 1
30 19 18 7945 81
48 16 4 8095 43
25 18 8 8094 79
66 18 15 7968 20
90 18 7 8074 37
21 18 13 8214 91
48 17 11 8138 20
52 16 3 8083 55
66 19 5 8227 81
10 19 14 8227 99
67 18 6 8055 20
7 18 9 8185 95
50 19 1 8136 60
36 18 0 8179 86
73 18 17 8208 36
97 17 3 8138 6
16 19 18 8072 75
87 17 17 8244 61
45 18 15 7988 43
20 15 1 8196 32
79 18 18 8147 20
92 19 7 8111 61
22 18 19 8222 76
68 19 11 8158 22
15 18 7 8172 69
65 17 6 8217 80
15 19 2 8241 14
73 19 7 8244 10
97 18 17 8305 46
43 18 12 8217 50
97 19 5 8351 7
70 18 2 8255 47
48 18 9 8280 57
22 19 6 8298 89
21 19 5 8358 15
51 18 0 8265 45
65 18 5 8373 43
70 19 0 8310 10
67 19 15 8075 29
59 16 7 8254 77
51 19 6 8387 51
7 19 5 8416 1
48 19 2 8337 31
52 17 11 8180 10
4 18 14 8326 37
45 19 10 8125 42
20 16 19 8298 77
42 19 18 8167 34
26 19 4 8214 99
2 19 11 8190 66
74 19 11 8256 88
43 19 10 8267 69
36 19 9 8337 4
90 19 4 8313 25
79 19 8 8173 67
4 19 13 8363 97
59 17 0 8331 74
12 18 6 8438 11
52 18 15 8190 24
25 19 14 8363 72
52 19 4 8338 62
94 19 8 8240 93
65 19 3 8416 75
12 19 7 8449 83
59 18 18 8405 21
87 18 10 8336 16
20 17 0 8405 50
20 18 12 8455 15
87 19 15 8352 56
59 19 12 8470 33
20 19 5 8470 64
