81 0 11 0 77
64 0 17 0 3
4 0 13 0 36
89 0 5 0 40
42 0 2 0 5
49 0 3 0 54
86 0 9 0 53
37 0 2 5 36
26 0 3 54 73
88 0 7 0 30
43 0 6 0 82
2 0 17 3 68
3 0 9 53 58
46 0 2 41 14
69 0 6 82 30
24 0 18 0 24
81 1 8 77 1
35 0 7 30 50
14 0 2 55 94
6 0 14 0 8
71 0 7 80 18
60 0 8 78 52
83 0 6 112 60
70 0 11 77 3
17 0 2 149 50
4 1 16 36 51
51 0 3 127 27
17 1 7 199 54
12 0 5 40 29
89 1 18 40 43
96 0 10 0 81
32 0 11 80 46
67 0 8 130 43
94 0 0 0 23
74 0 16 87 32
24 1 16 119 50
12 1 0 69 6
99 0 11 126 39
97 0 6 172 4
72 0 11 165 46
52 0 10 81 57
71 1 17 98 74
67 1 3 173 4
93 0 13 36 76
40 0 9 111 1
29 0 18 83 5
1 0 17 172 68
82 0 17 240 11
38 0 10 138 65
8 0 2 199 96
55 0 18 88 38
34 0 16 169 44
90 0 6 176 3
10 0 2 295 78
37 1 8 173 31
47 0 2 373 24
86 1 3 177 15
65 0 19 0 87
29 1 8 204 69
9 0 3 192 1
68 0 13 112 80
8 1 17 295 23
93 1 19 112 56
5 0 16 213 51
55 1 12 126 74
7 0 1 0 41
89 2 13 192 85
73 0 2 397 53
65 1 1 87 31
37 2 7 253 7
78 0 7 260 32
50 0 11 211 36
8 2 8 318 44
14 1 18 149 79
62 0 15 0 34
55 2 11 247 59
72 1 16 264 80
86 2 11 306 75
11 0 1 118 82
23 0 9 112 47
60 1 17 318 73
57 0 3 193 86
4 2 4 87 65
21 0 11 381 54
34 1 8 362 65
90 1 11 435 32
10 1 8 427 99
37 3 10 260 88
68 1 16 344 90
51 1 11 467 22
54 0 2 450 15
73 1 13 450 35
67 2 1 200 31
69 1 17 391 75
82 1 19 251 46
6 1 5 69 6
65 2 4 152 28
3 1 19 297 72
44 0 10 348 43
3 2 3 369 51
7 1 11 489 95
80 0 11 584 16
36 0 12 200 81
47 1 5 397 74
70 1 6 179 70
23 1 12 281 30
41 0 8 526 22
60 2 15 391 57
23 2 8 548 67
4 3 15 448 40
2 1 10 391 70
15 0 12 311 4
75 0 5 471 95
79 0 18 228 32
72 2 10 461 12
31 0 7 292 1
87 0 16 434 21
96 1 5 566 3
18 0 16 455 71
57 1 13 485 95
50 1 8 615 29
42 1 9 159 92
15 1 11 600 18
23 3 18 615 99
8 3 19 369 19
31 1 8 644 69
87 1 14 455 51
80 1 3 600 5
66 0 16 526 8
96 2 9 569 13
48 0 4 180 90
94 1 3 605 77
16 0 11 618 10
92 0 15 488 83
66 1 17 534 2
6 2 1 231 93
27 0 3 682 3
22 0 18 714 6
86 3 18 720 10
53 0 3 685 63
62 1 5 569 18
1 1 13 580 15
78 1 8 713 20
45 0 14 506 28
77 0 8 733 89
35 1 11 628 61
30 0 12 315 76
78 2 3 748 77
45 1 5 587 8
77 1 15 822 32
23 4 5 714 52
31 2 13 713 28
80 2 10 605 39
19 0 1 324 78
35 2 2 689 36
30 1 13 741 61
1 2 19 595 22
26 1 15 854 2
64 1 4 270 73
11 1 13 802 16
45 2 4 595 99
25 0 17 536 68
66 2 11 689 50
20 0 12 391 4
14 2 0 228 1
23 5 2 766 29
97 1 10 644 55
18 1 12 526 25
46 1 13 818 89
71 2 15 856 88
32 1 17 604 81
34 2 3 825 5
14 3 13 907 39
28 0 19 617 31
36 1 6 281 81
73 2 19 648 98
50 2 0 644 65
31 3 0 741 25
0 0 9 582 54
0 1 12 636 87
97 2 4 699 31
63 0 10 699 21
63 1 16 720 61
63 2 19 781 25
39 0 8 822 50
13 0 7 293 40
47 2 14 534 42
47 3 10 720 43
10 2 14 576 90
49 1 17 685 78
55 3 7 333 69
79 1 15 944 27
47 4 1 763 58
28 1 16 781 84
11 2 8 872 56
64 2 3 830 36
80 3 17 763 79
51 2 15 971 60
85 0 16 865 54
0 2 4 730 61
92 1 18 730 29
14 4 6 946 33
12 2 7 402 38
41 1 7 548 5
15 2 1 821 9
43 1 2 795 50
13 1 19 806 73
84 0 2 845 54
78 3 17 842 70
78 4 14 912 23
4 4 9 636 79
78 5 5 935 82
83 1 5 1017 20
56 0 0 766 48
46 2 17 912 24
73 3 4 791 19
11 3 3 928 35
66 3 1 830 51
74 1 11 739 43
21 1 17 936 64
98 0 11 782 70
19 1 14 935 11
15 3 17 1000 82
89 3 10 763 84
80 4 19 879 51
41 2 4 810 51
89 4 8 928 76
21 2 18 1000 80
51 3 8 1031 87
35 3 15 1031 14
10 3 5 1037 46
2 2 3 963 84
92 2 19 930 27
20 1 9 715 65
13 2 5 1083 80
98 1 9 852 69
66 4 8 1118 97
48 1 13 946 20
35 4 16 1045 65
56 1 7 814 75
48 2 10 966 88
69 2 7 889 59
20 2 2 899 42
4 5 10 1054 39
70 2 10 1093 95
79 2 8 1215 43
28 2 18 1080 29
16 1 8 1258 9
9 1 17 1082 65
93 2 7 948 40
10 4 15 1083 71
23 6 15 1154 23
33 0 6 979 4
27 1 17 1147 1
14 5 16 1110 94
81 2 5 1163 11
91 0 7 988 64
23 7 11 1177 8
37 4 17 1148 99
7 2 10 1188 4
35 5 4 1110 86
47 5 7 1052 29
33 1 8 1267 40
77 2 1 881 77
5 1 7 1081 27
96 3 8 1307 42
70 3 4 1196 22
92 3 0 957 78
97 3 19 957 22
68 2 4 1218 47
77 3 6 983 66
78 6 1 1017 51
71 3 1 1068 60
7 3 3 1192 98
57 2 18 1109 30
69 3 14 948 22
3 3 10 1192 42
68 3 17 1265 26
65 3 6 1049 68
13 3 6 1163 70
10 5 13 1154 76
50 3 13 1230 32
40 1 1 1128 51
66 5 6 1233 86
71 4 12 1128 8
11 4 7 1108 81
95 0 11 1185 45
91 1 10 1234 90
3 4 1 1234 31
0 3 7 1189 35
13 4 9 1233 7
71 5 9 1240 45
65 4 14 1117 7
68 4 7 1291 9
66 6 7 1319 72
50 4 5 1262 79
45 3 19 979 8
95 1 9 1285 87
95 2 19 1372 4
74 2 3 1290 75
2 3 4 1265 19
0 4 16 1224 5
90 2 8 1349 92
82 2 8 1441 8
84 1 17 1291 89
16 2 10 1324 82
63 3 6 1319 91
58 0 7 1391 42
30 2 1 1265 21
56 2 2 941 18
18 2 15 1177 2
52 1 18 1139 13
30 3 3 1365 41
52 2 3 1406 93
18 3 11 1230 75
52 3 8 1499 47
13 5 14 1240 35
26 2 7 1433 26
71 6 5 1341 1
99 1 12 1136 56
37 5 6 1410 55
16 3 17 1406 28
22 1 12 1192 77
22 2 17 1434 76
65 5 2 1124 85
5 2 9 1372 31
76 0 18 1152 52
61 0 2 1209 90
55 4 17 1510 60
98 2 8 1546 26
14 6 5 1342 69
11 5 14 1275 97
20 3 15 1179 97
9 2 11 1305 36
76 1 17 1570 33
8 4 10 1406 90
79 3 16 1258 53
43 2 16 1311 86
48 3 15 1276 84
43 3 10 1496 19
36 2 0 1035 29
68 5 19 1376 10
27 2 12 1269 40
66 7 13 1391 92
50 5 7 1459 2
74 3 10 1515 15
21 3 12 1309 51
46 3 11 1341 37
46 4 4 1378 30
93 3 4 1408 73
33 2 9 1403 32
11 6 9 1435 5
51 4 10 1530 30
75 1 13 1483 11
75 2 0 1494 5
63 4 2 1410 67
16 4 3 1499 48
33 3 17 1603 52
45 4 9 1440 53
4 6 0 1499 33
59 0 6 1465 28
59 1 12 1493 76
52 4 2 1546 40
31 4 16 1397 25
64 3 11 1378 75
99 2 9 1493 87
35 6 18 1204 87
33 4 16 1655 37
9 3 0 1532 35
88 1 9 1580 31
83 2 1 1286 62
12 3 1 1348 96
24 2 17 1655 47
79 4 13 1494 70
15 4 4 1481 59
39 1 14 1372 56
79 5 6 1564 17
79 6 11 1581 57
64 4 6 1581 95
83 3 18 1348 18
51 5 6 1676 64
42 2 18 1366 10
40 2 19 1386 77
25 1 15 1360 82
26 3 8 1572 15
80 5 16 1692 39
18 4 5 1411 62
5 3 6 1740 65
46 5 9 1611 88
84 2 7 1461 69
84 3 12 1569 93
44 1 0 1567 25
90 3 0 1592 97
65 6 3 1547 57
89 5 14 1428 64
55 5 8 1587 99
83 4 7 1530 18
38 1 3 1604 46
28 3 13 1564 75
50 6 10 1560 42
28 4 5 1639 68
99 3 7 1580 21
39 2 19 1463 57
79 7 4 1638 77
34 3 4 1715 30
22 3 8 1686 23
11 7 6 1805 68
83 5 0 1689 33
56 3 16 1731 65
29 2 2 1586 19
56 4 17 1796 11
45 5 8 1709 51
98 3 16 1796 78
10 6 10 1602 45
4 7 2 1605 77
51 6 5 1740 75
76 2 5 1815 16
32 2 19 1520 64
61 1 7 1601 59
59 2 8 1760 2
81 3 13 1639 87
90 4 1 1689 78
26 4 10 1647 29
69 4 5 1831 4
85 1 12 1662 83
86 4 15 1442 48
26 5 9 1699 44
2 4 19 1584 32
11 8 10 1873 60
88 2 16 1874 92
26 6 2 1743 26
90 5 2 1769 83
41 3 14 1492 18
76 3 10 1933 10
2 5 7 1660 58
21 4 19 1616 75
59 3 0 1762 86
1 3 6 1873 53
42 3 7 1718 63
49 2 4 1745 20
17 2 15 1490 27
43 4 18 1515 70
42 4 16 1966 41
41 4 18 1585 23
0 5 0 1848 48
2 6 15 1718 87
49 3 13 1765 66
56 5 4 1807 32
82 3 0 1896 77
58 1 18 1608 67
84 4 0 1973 69
62 2 4 1839 25
34 4 13 1831 51
12 4 4 1864 85
69 5 4 1949 52
41 5 16 2007 97
25 2 6 1926 22
59 4 4 2001 58
60 3 10 1943 13
29 3 6 1948 45
89 6 9 1743 7
64 5 12 1745 71
83 6 19 1722 38
32 3 7 1781 28
58 2 10 1956 84
20 4 14 1510 56
86 5 1 1767 54
1 4 10 2040 33
39 3 2 1852 27
99 4 15 1805 9
46 6 15 1814 1
58 3 5 2040 55
99 5 18 1814 82
87 2 2 1879 56
18 5 3 1650 79
89 7 12 1816 51
35 7 0 2042 28
64 6 18 1896 10
17 3 0 2070 69
24 3 11 1702 88
40 3 6 1993 72
97 4 2 1935 28
16 5 14 1566 66
40 4 4 2065 87
19 2 19 1760 42
8 5 13 1882 6
6 3 10 2073 60
8 6 15 1888 67
14 7 19 1802 19
62 3 19 1864 51
55 6 13 1888 14
72 3 17 1807 43
86 6 19 1915 1
11 9 15 1955 33
60 4 6 2065 52
57 3 9 1750 19
4 8 3 1729 84
34 5 1 1882 42
90 6 15 1988 37
10 7 19 1916 96
37 6 13 1902 11
54 1 8 1762 84
54 2 7 1846 73
73 4 6 2117 22
67 3 14 1632 98
69 6 3 2001 97
6 4 9 2133 68
65 7 8 1846 82
3 5 5 2095 63
44 2 12 1867 40
3 6 16 2158 49
7 4 17 1850 22
80 6 5 2158 39
36 3 17 1872 54
47 6 3 2098 58
70 4 8 1928 72
41 6 19 2104 91
60 5 3 2156 49
4 9 11 1813 68
2 7 0 2139 82
15 5 13 1913 64
75 3 1 1924 20
72 4 18 1906 76
31 5 12 1907 24
87 3 11 1935 39
96 4 3 2205 22
18 6 2 1963 35
57 4 17 1926 90
42 5 13 2007 26
87 4 5 2197 32
96 5 1 2227 32
18 7 8 2000 87
57 5 12 2016 65
42 6 14 2033 14
15 6 16 2207 56
8 7 12 2081 37
87 5 13 2229 17
80 7 6 2197 32
66 8 18 1982 29
48 4 14 2047 39
94 2 8 2087 7
93 4 6 2229 14
16 6 1 2259 22
92 4 10 2133 85
6 5 13 2246 32
27 3 9 2201 33
22 4 5 2229 61
86 7 16 2263 43
53 1 14 2086 86
62 4 8 2094 21
1 5 11 2073 61
77 4 2 1998 88
30 4 18 2011 74
30 5 17 2085 51
41 7 15 2195 86
89 8 4 2152 51
10 8 12 2118 58
2 8 16 2306 7
92 5 12 2218 10
20 5 8 2115 92
13 6 8 2207 35
98 4 13 2278 42
56 6 13 2320 61
69 7 10 2218 39
20 6 17 2207 49
4 10 17 2256 71
70 5 18 2085 39
28 5 11 2134 12
27 4 4 2234 29
81 4 18 2124 21
91 2 16 2313 88
37 7 3 2227 65
7 5 9 2234 64
50 7 9 2298 95
14 8 14 2172 29
11 10 19 2195 57
57 6 14 2201 79
21 5 14 2280 42
34 6 2 2086 88
90 7 7 2025 41
10 9 9 2393 3
58 4 8 2242 76
90 8 12 2228 4
10 10 4 2396 70
58 5 13 2381 48
87 6 17 2327 37
18 8 0 2221 19
89 9 2 2203 15
35 8 17 2364 50
17 4 17 2414 34
24 4 6 2243 68
16 7 9 2396 32
19 3 0 2240 60
6 6 16 2401 95
98 5 7 2320 97
66 9 4 2466 58
48 5 12 2232 6
9 4 5 2290 95
93 5 18 2243 74
27 5 10 2263 42
81 5 16 2496 44
91 3 9 2428 32
37 8 19 2292 47
57 7 19 2339 23
4 11 5 2385 54
62 5 13 2429 93
44 3 1 2281 18
35 9 13 2522 8
53 2 0 2300 36
61 2 17 2448 86
85 2 0 2336 59
1 6 1 2299 73
36 4 5 2439 24
28 6 8 2318 29
77 5 19 2362 6
19 4 10 2305 76
92 6 14 2322 77
2 9 12 2313 47
58 6 2 2429 95
56 7 1 2381 46
14 9 9 2460 33
20 7 6 2311 83
79 8 10 2381 91
48 6 18 2317 12
21 6 8 2347 60
33 5 4 2524 35
60 6 5 2463 38
51 7 18 2329 26
31 6 15 2281 74
88 3 2 2524 26
79 9 2 2550 49
15 7 18 2355 78
51 8 2 2599 25
80 8 13 2530 38
33 6 10 2559 85
77 6 16 2540 37
5 4 13 2568 26
96 6 0 2395 83
70 6 0 2478 96
92 7 9 2493 91
97 5 13 2594 44
68 6 6 2394 18
77 7 17 2577 35
78 7 11 2146 75
71 7 14 2399 83
7 6 14 2482 41
57 8 7 2417 69
69 8 1 2427 49
3 7 14 2523 83
68 7 3 2412 95
65 8 16 2577 98
10 11 0 2574 80
50 8 2 2624 33
40 5 17 2612 50
66 10 3 2524 10
71 8 0 2654 71
11 11 11 2252 42
95 3 3 2534 17
91 4 5 2501 13
3 8 7 2606 28
0 6 1 2476 33
66 11 0 2725 13
50 9 4 2657 5
45 6 3 2551 92
11 12 4 2662 72
12 5 8 2407 36
95 4 1 2551 6
74 4 18 2433 37
2 10 14 2606 68
0 7 18 2509 21
90 9 14 2674 62
82 4 4 2734 31
84 5 14 2736 93
16 8 13 2638 34
63 5 5 2514 84
30 6 15 2355 36
56 8 9 2584 22
18 9 6 2412 50
52 5 12 2360 81
18 10 10 2644 33
52 6 11 2441 89
26 7 17 2662 99
99 6 16 2675 44
37 9 18 2530 18
22 5 10 2677 90
22 6 6 2767 6
5 5 5 2598 62
76 4 8 2443 87
61 3 10 2767 30
55 7 15 2391 48
98 6 19 2417 68
14 10 7 2634 72
21 7 10 2797 33
39 4 18 2548 20
79 10 3 2643 6
64 7 14 2829 7
83 7 16 2719 48
51 9 9 2624 76
42 7 15 2439 30
40 6 13 2672 94
25 3 4 2765 44
26 8 19 2761 86
5 6 18 2660 88
46 7 1 2557 15
84 6 4 2829 54
84 7 19 2883 30
44 4 6 2773 43
90 10 18 2748 16
65 9 11 2675 16
89 10 7 2706 96
55 8 9 2700 9
38 2 1 2572 31
50 10 1 2662 62
28 7 9 2709 51
99 7 8 2719 63
39 5 17 2761 26
79 11 1 2724 6
34 7 9 2760 79
83 8 2 2767 37
29 4 12 2441 35
56 9 10 2830 1
29 5 17 2787 89
45 7 12 2643 61
98 7 5 2660 88
10 12 6 2816 30
4 12 19 2913 40
76 5 9 2839 62
26 9 14 2847 59
5 7 11 2748 69
84 8 15 2913 14
44 5 14 2906 86
90 11 5 2764 36
76 6 0 2901 76
32 4 6 2846 89
59 5 16 2767 40
69 9 12 2704 36
86 8 13 2766 22
2 11 18 2764 71
41 8 2 2804 13
1 7 7 2802 63
42 8 10 2831 3
49 4 8 2782 2
17 5 18 2835 5
89 11 11 2817 31
96 7 4 2883 56
32 5 12 2935 71
94 3 12 3006 66
74 5 14 2992 5
97 6 12 3072 15
72 5 5 2800 83
93 6 12 3087 75
29 6 19 2953 40
82 5 1 2765 48
10 13 3 2846 85
47 7 18 2840 54
7 7 18 2894 56
73 5 7 2865 31
54 3 9 2901 93
53 3 4 2939 85
60 7 1 2813 14
11 13 16 2807 77
74 6 1 2997 64
53 4 5 3024 91
53 5 7 3115 12
14 11 3 2931 48
75 4 3 2979 49
64 8 9 2994 13
12 6 10 2834 71
99 8 19 2993 9
37 10 9 3007 46
47 8 19 3002 76
7 8 0 2977 23
73 6 10 2905 89
62 6 3 3028 22
23 8 0 3000 77
57 9 10 2994 81
21 8 15 2927 6
54 4 19 3078 51
73 7 18 2994 94
36 5 10 3075 55
23 9 6 3077 80
41 9 10 3130 27
53 6 13 3127 46
36 6 13 3173 5
73 8 14 3088 27
0 8 17 2876 65
97 7 11 3087 88
63 6 0 3077 15
39 6 16 2884 71
49 5 15 2933 52
85 3 2 2817 70
25 4 7 3127 55
60 8 9 3053 87
32 6 16 3006 29
58 7 16 3035 59
86 9 17 2941 31
58 8 3 3094 69
87 7 19 3129 21
24 5 8 2784 42
40 7 7 3182 84
78 8 9 3140 34
62 7 0 3092 56
60 9 2 3140 63
68 8 2 3203 19
71 9 2 3222 78
91 5 15 2985 70
3 9 17 2972 92
0 9 5 3115 83
13 7 4 3024 20
71 10 4 3300 71
68 9 12 3222 52
45 8 1 3061 79
95 5 7 3266 13
95 6 2 3300 72
74 7 7 3279 4
0 10 14 3198 78
82 6 11 3175 37
63 7 1 3140 59
30 7 6 3157 49
52 7 13 3178 52
30 8 5 3206 26
13 8 3 3163 68
71 11 11 3371 52
95 7 4 3372 66
91 6 12 3274 5
75 5 6 3206 16
12 7 3 3231 5
88 4 14 3276 56
38 3 15 3055 3
61 4 5 3232 34
69 10 8 2826 91
86 10 0 3148 63
41 10 6 3222 68
1 8 16 3094 96
94 4 9 3174 5
97 8 8 3175 27
72 6 13 3230 74
1 9 18 3190 61
47 9 6 3290 22
23 10 1 3199 46
54 5 16 3190 14
69 11 15 3058 79
35 10 19 3150 99
17 6 10 3157 22
24 6 1 3245 2
16 9 5 3266 43
19 5 16 3204 57
6 7 17 3064 17
98 8 10 3179 37
66 12 10 3216 25
48 7 11 3423 14
9 5 15 3137 99
93 7 1 3247 55
27 6 15 3236 13
81 6 1 3302 92
91 7 6 3312 30
37 11 12 3279 39
57 10 0 3211 30
4 13 7 3283 94
62 8 14 3332 80
98 9 3 3236 23
14 12 1 3394 88
9 6 13 3304 82
43 5 0 3241 76
0 11 11 3437 14
97 9 9 3202 66
63 8 9 3268 35
63 9 4 3438 5
63 10 8 3443 38
39 7 5 3309 59
13 9 15 3249 29
47 10 4 3443 42
47 11 8 3485 80
10 14 18 3251 93
49 6 19 3249 47
55 9 14 3412 50
79 12 19 3296 47
47 12 17 3565 45
28 8 0 3317 76
11 14 2 3372 53
64 9 19 3343 33
80 9 9 3303 28
51 10 19 3376 28
85 4 14 3462 18
0 12 8 3565 70
92 8 1 3482 24
14 13 10 3482 9
12 8 13 3386 53
41 11 12 3318 44
15 8 6 3342 23
43 6 17 3610 99
13 10 1 3506 7
84 9 10 3491 14
78 9 15 3278 55
78 10 4 3485 91
4 14 18 3377 56
78 11 12 3576 49
83 9 12 3625 78
56 10 11 3451 38
46 8 7 3377 14
73 9 17 3709 92
11 15 0 3425 26
66 13 9 3331 42
74 8 6 3365 30
21 9 7 3391 90
98 10 18 3433 46
19 6 15 3333 29
15 9 7 3481 61
89 12 19 3404 85
80 10 8 3635 96
41 12 9 3373 93
89 13 6 3489 30
21 10 2 3481 32
51 11 16 3404 53
35 11 10 3505 73
10 15 7 3542 16
2 12 8 3731 3
92 9 3 3506 97
20 8 1 3513 18
13 11 10 3578 12
98 11 2 3513 55
66 14 2 3568 11
48 8 1 3531 19
35 12 9 3578 96
56 11 14 3489 33
48 9 5 3550 44
69 12 2 3579 17
20 9 11 3531 86
4 15 6 3519 94
70 7 16 3457 94
79 13 7 3558 93
28 9 2 3596 98
16 10 19 3489 64
9 7 12 3703 46
93 8 17 3801 90
10 16 16 3558 26
23 11 4 3576 54
33 7 14 3522 26
27 7 13 3439 15
14 14 17 3891 1
81 7 3 3603 77
91 8 3 3680 44
23 12 17 3892 64
37 12 11 3617 78
7 9 4 3630 72
35 13 12 3749 94
47 13 12 3843 28
33 8 18 3548 45
77 8 0 3451 49
5 8 17 3956 47
96 8 7 3651 28
70 8 2 3694 47
92 10 17 4003 19
97 10 17 4022 50
68 10 11 3695 17
77 9 10 3590 50
78 12 16 3625 46
71 12 13 3454 36
7 10 15 3702 10
57 11 11 3712 9
69 13 18 3596 38
3 10 18 3634 83
68 11 10 3712 55
65 10 18 3717 12
13 12 11 3721 70
10 17 11 3791 79
50 11 12 3871 47
40 8 15 3712 8
66 15 14 3579 46
71 13 18 3729 18
11 16 18 3747 66
95 8 18 3813 68
91 9 2 3741 82
3 11 13 3717 7
0 13 10 3767 25
13 13 12 3918 47
71 14 16 3747 12
65 11 13 3729 28
68 12 1 3767 74
66 16 19 3625 74
50 12 17 4072 20
45 9 0 3500 73
95 9 6 3881 87
95 10 15 3968 1
74 9 17 4092 29
2 13 11 3870 93
0 14 3 3792 36
90 12 16 3759 4
82 7 3 3828 99
84 10 8 3734 71
16 11 4 3702 43
46 9 0 3573 36
46 10 5 3609 14
93 9 16 3891 8
33 9 2 3823 58
11 17 17 4121 81
51 12 14 3625 65
75 6 17 4202 50
75 7 19 4252 10
16 12 18 3881 24
33 10 7 3881 42
45 10 15 3969 80
4 16 1 3841 55
59 6 5 3623 14
59 7 19 4262 32
52 8 6 3968 58
31 7 17 4252 48
64 10 7 3923 39
99 9 4 3745 50
35 14 1 3896 87
9 8 16 3899 26
88 5 3 3927 67
83 10 14 3703 76
12 9 9 3674 11
24 7 7 3962 24
79 14 12 3965 4
15 10 8 3805 80
39 8 6 4026 14
79 15 9 3969 54
64 11 15 4049 30
83 11 17 4300 28
51 13 17 4328 59
51 14 12 4387 92
42 9 17 4387 9
40 9 8 3885 73
25 5 1 3983 25
26 10 16 3925 13
80 11 14 3779 35
18 11 7 3986 79
5 9 19 4294 36
46 11 12 4479 62
84 11 1 4008 49
84 12 6 4057 10
44 6 18 3905 75
90 13 10 3792 26
65 12 10 3818 5
89 14 1 4057 85
55 10 16 3938 83
83 12 3 4328 65
38 4 14 3814 21
28 10 14 3835 33
50 13 6 4092 2
28 11 17 4396 99
99 10 1 4142 34
39 9 13 4040 46
79 16 0 4023 93
34 8 10 3823 47
22 7 9 4023 85
11 18 5 4202 84
83 13 10 4393 61
56 12 15 4079 78
29 7 10 4454 38
56 13 3 4393 39
45 11 18 4049 24
98 12 14 3868 29
10 18 1 4176 44
4 17 12 4541 10
76 7 11 3963 88
32 7 9 4108 27
61 5 12 4551 79
59 8 11 4294 11
81 8 7 4065 9
90 14 19 4330 28
26 11 5 4286 90
69 14 11 4305 4
85 5 5 4376 34
86 11 5 4410 1
26 12 1 4376 13
2 14 6 4094 24
88 6 5 4411 88
26 13 18 4389 17
90 15 17 4495 2
41 13 5 4499 82
76 8 12 4630 22
2 15 2 4118 31
21 11 1 4389 77
59 9 2 4305 13
1 10 14 3897 88
42 10 11 4396 99
49 7 7 4074 84
17 7 3 4432 29
43 7 19 4358 34
42 11 3 4495 54
41 14 0 4581 17
0 15 15 4157 56
2 16 5 4581 19
49 8 6 4158 28
56 14 5 4600 67
82 8 13 4086 27
58 9 14 3985 53
84 13 3 4549 86
62 9 1 4466 77
34 9 7 4158 46
12 10 11 4495 87
69 15 9 4309 57
41 15 1 4598 48
25 6 0 4598 45
59 10 14 4318 1
60 10 13 4113 78
29 8 9 4492 30
89 15 17 4497 45
64 12 10 4492 82
83 14 8 4454 40
32 8 13 4191 81
58 10 1 4646 65
20 10 10 4574 48
86 12 14 4411 68
1 11 15 4213 86
97 11 0 4643 25
39 10 10 4622 22
99 11 17 4542 58
46 12 16 4541 3
58 11 4 4711 30
99 12 13 4600 18
87 8 8 4494 42
18 12 9 4522 63
89 16 0 4668 73
35 15 6 4186 68
64 13 0 4741 76
17 8 16 4544 47
24 8 12 4652 2
40 10 0 4817 13
97 12 1 4711 27
16 13 6 4254 88
40 11 2 4830 12
19 7 7 4204 50
8 8 16 4591 64
6 8 2 4842 12
8 9 1 4738 80
14 15 8 4536 99
62 10 12 4654 67
55 11 5 4667 85
72 7 19 4392 44
86 13 10 4644 74
60 11 11 4582 40
57 12 5 4752 99
4 18 14 4551 13
34 10 12 4721 62
90 16 4 4741 16
10 19 17 4600 21
37 13 14 4564 46
54 6 17 4621 25
54 7 15 4646 75
73 10 12 4783 80
67 4 13 4618 38
69 16 16 4655 44
6 9 18 4854 79
65 13 15 4721 56
3 12 4 4757 7
44 7 11 4622 24
3 13 0 4830 30
7 11 16 4699 35
80 12 12 4863 56
36 7 8 4635 36
47 14 15 4777 32
70 9 17 4646 35
41 16 13 4656 98
60 12 14 4622 13
4 19 8 4671 13
2 17 1 4818 56
15 11 10 4718 91
75 8 4 4764 15
72 8 7 4436 97
31 8 6 4342 4
87 9 15 4809 81
96 9 15 4890 96
18 13 18 4933 9
57 13 8 4851 86
42 12 5 4851 14
87 10 9 4890 56
96 10 11 4986 34
18 14 17 4942 24
57 14 2 4937 66
42 13 0 4865 98
15 12 2 5003 38
8 10 18 4942 98
87 11 10 4946 29
80 13 18 5040 42
66 17 5 4865 86
48 10 17 4966 10
94 5 16 4734 85
93 10 2 5041 9
16 14 16 4819 44
92 11 2 5050 54
6 10 19 4933 78
27 8 0 4963 78
22 8 13 4754 45
86 14 12 4919 23
53 7 6 4346 52
62 11 11 5020 89
1 12 5 4951 53
77 10 12 4942 89
30 9 9 4946 31
30 10 11 5109 67
41 17 3 4754 30
89 17 15 4986 73
2 18 9 4977 88
92 12 8 5104 40
20 11 5 5004 24
13 14 2 5104 46
98 13 17 4976 81
56 15 6 4667 79
69 17 13 4799 46
20 12 16 5028 42
70 10 5 5028 37
28 12 10 4975 28
27 9 11 5176 37
81 9 6 4746 92
91 10 0 5041 98
37 14 1 4874 81
7 12 6 4838 55
50 14 18 5082 2
14 16 4 4779 20
57 15 4 5003 62
21 12 4 5065 11
34 11 6 4893 50
90 17 3 4784 37
58 12 19 5011 94
90 18 9 5065 93
58 13 9 5158 85
87 12 1 4975 11
18 15 19 5105 39
89 18 3 5059 17
35 16 14 4635 96
17 9 11 5213 24
24 9 10 5003 63
16 15 12 5031 15
19 8 17 5057 79
6 11 12 5046 26
98 14 12 5072 54
66 18 12 5126 20
48 11 9 5243 26
9 9 10 5066 35
93 11 14 5050 59
27 10 8 5213 30
81 10 9 5269 10
91 11 19 5144 44
37 15 16 5070 31
57 16 16 5101 32
62 12 10 5109 15
44 8 7 4646 82
53 8 15 5059 70
61 6 13 4845 77
85 6 6 4943 7
1 13 3 5076 2
36 8 1 4986 48
28 13 4 5076 17
77 11 5 5065 62
19 9 18 5136 81
92 13 6 5144 39
2 19 13 5065 71
58 14 15 5243 15
56 16 12 5146 66
14 17 11 5237 29
20 13 13 5136 99
79 17 14 5109 68
48 12 2 5269 6
21 13 16 5133 63
60 13 7 4728 23
31 9 4 5093 12
88 7 6 5183 11
15 13 14 5177 89
80 14 1 5082 45
77 12 9 5279 28
5 10 14 5266 3
96 11 19 5188 42
92 14 13 5235 46
97 13 7 4751 91
68 13 14 5269 24
77 13 13 5307 31
78 13 6 5194 80
71 15 3 5078 93
7 13 12 5212 17
57 17 1 5133 97
69 18 19 5230 17
3 14 11 5266 14
68 14 9 5307 85
65 14 7 4842 78
50 15 15 5258 36
40 12 10 5124 97
66 19 15 5294 31
71 16 19 5247 72
95 11 17 5136 79
91 12 18 5217 67
0 16 13 5338 87
50 16 14 5294 22
45 12 17 5215 55
74 10 19 5319 14
90 19 13 5425 26
82 9 16 5196 99
84 14 18 5284 88
16 16 7 5046 28
30 11 16 5295 69
56 17 8 5243 99
18 16 4 5144 2
52 9 14 5316 20
18 17 14 5336 20
52 10 19 5336 19
26 14 12 5229 68
99 13 5 5127 87
37 16 5 5214 80
22 9 0 5139 86
22 10 2 5275 10
5 11 15 5325 90
76 9 2 5285 63
61 7 18 5372 9
55 12 2 5348 74
98 15 4 5146 70
14 18 12 5297 83
21 14 13 5451 40
39 11 3 5171 66
83 15 4 5216 28
42 14 8 5342 23
40 13 16 5364 86
25 7 13 5491 75
26 15 11 5297 88
5 12 10 5415 90
84 15 5 5372 67
44 9 16 5450 24
65 15 9 5392 7
89 19 16 5474 57
55 13 10 5505 10
38 5 11 5385 55
50 17 19 5355 96
28 14 6 5274 89
99 14 0 5225 42
39 12 7 5237 20
34 12 17 5270 58
83 16 15 5415 67
56 18 19 5451 22
29 9 15 5482 52
45 13 13 5566 73
98 16 0 5267 71
76 10 19 5473 50
26 16 0 5385 42
44 10 9 5474 71
32 9 0 5427 34
59 11 13 5639 56
69 19 0 5461 66
86 15 4 5244 32
1 14 9 5545 29
42 15 12 5380 11
49 9 11 5440 11
17 10 19 5523 52
96 12 18 5381 22
32 10 2 5461 78
94 6 2 5539 87
74 11 15 5534 35
97 14 14 5356 53
72 9 14 5409 46
93 12 3 5237 60
29 10 5 5534 73
82 10 9 5574 31
7 14 7 5257 10
73 11 16 5531 60
54 8 6 5363 39
53 9 17 5328 25
53 10 12 5391 50
53 11 10 5515 41
99 15 14 5455 78
37 17 4 5294 35
7 15 5 5607 32
73 12 11 5591 22
62 13 17 5353 60
23 13 3 5297 45
54 9 3 5402 14
36 9 16 5591 41
36 10 4 5632 34
49 10 12 5451 66
85 7 3 5416 2
24 10 3 5418 88
38 6 13 5695 11
86 16 2 5626 53
17 11 13 5706 26
8 11 6 5402 66
6 12 15 5569 15
67 5 7 5267 13
67 6 19 5575 9
76 11 14 5533 87
26 17 4 5666 61
5 13 0 5527 31
84 16 9 5605 17
44 11 8 5545 89
55 14 19 5584 95
50 18 3 5506 61
28 15 1 5363 4
99 16 2 5679 98
39 13 0 5558 33
34 13 5 5639 82
56 19 18 5473 66
29 11 1 5607 7
98 17 6 5468 2
76 12 16 5632 16
32 11 15 5584 7
59 12 7 5695 92
81 11 14 5620 31
85 8 17 5418 45
86 17 8 5679 71
41 18 17 5463 86
1 15 2 5777 14
42 16 4 5727 66
17 12 9 5732 51
96 13 13 5732 86
32 12 10 5591 51
94 7 6 5626 1
97 15 15 5591 71
72 10 12 5517 30
93 13 5 5721 27
29 12 3 5614 45
82 11 10 5642 73
37 18 15 5662 92
7 16 13 5818 76
73 13 8 5750 31
62 14 9 5783 15
57 18 6 5627 25
21 15 9 5798 30
53 12 1 5614 4
25 8 9 5828 13
28 16 3 5659 21
39 14 4 5793 39
85 9 15 5754 6
32 13 5 5748 25
58 15 0 5591 96
58 16 11 5687 68
87 13 12 5547 78
24 11 9 5841 72
40 14 14 5651 63
78 14 10 5715 6
62 15 2 5798 80
71 17 6 5652 37
82 12 5 5773 60
30 12 14 5714 6
52 11 1 5618 37
20 14 4 5832 87
48 13 16 5648 75
31 10 11 5755 80
88 8 18 5539 25
38 7 2 5878 5
61 8 0 5687 84
86 18 6 5750 93
41 19 11 5835 92
1 16 0 5791 49
94 8 19 5679 40
97 16 3 5680 10
72 11 15 5760 56
1 17 4 5919 14
23 14 13 5894 17
98 18 1 5655 53
43 8 3 5690 53
48 14 0 5840 24
43 9 5 5833 23
50 19 16 5723 85
39 15 12 5832 33
42 17 19 5793 48
40 15 18 5714 44
26 18 13 5911 65
18 18 13 5976 84
5 14 4 5933 24
84 17 11 5927 2
65 16 5 5856 18
55 15 3 5743 10
38 8 16 5883 40
99 17 6 5843 30
34 14 0 5864 51
22 11 15 5816 71
29 13 7 5787 60
98 19 15 5887 28
76 13 1 5708 56
32 14 4 5957 47
81 12 10 5721 62
86 19 7 5847 22
88 9 19 5841 24
76 14 6 5873 38
1 18 8 5933 22
17 13 14 5783 58
58 17 17 5755 1
62 16 18 5878 23
34 15 18 5915 89
29 14 14 5847 43
32 15 1 6004 14
58 18 12 5865 30
20 15 3 5919 59
99 18 10 5873 46
99 19 3 5978 21
87 14 7 5869 40
18 19 1 6060 53
17 14 12 5895 50
24 12 14 5913 28
16 17 0 5915 54
19 10 3 5999 19
6 13 6 5911 83
57 19 15 5915 37
34 16 11 6004 89
37 19 0 5969 51
67 7 10 5919 87
38 9 4 6004 52
32 16 18 6018 32
34 17 19 6093 63
22 12 7 5909 13
29 15 13 6060 55
76 15 15 5952 57
81 13 2 5883 65
76 16 4 6056 52
42 18 1 6113 25
17 15 5 5945 84
42 19 6 6138 79
34 18 15 6156 59
29 16 11 6115 10
20 16 0 6020 22
16 18 2 5969 94
67 8 0 6042 68
67 9 17 6110 54
31 11 18 6050 28
96 14 14 5941 45
94 9 14 5986 69
93 14 15 6215 1
16 19 15 6216 80
92 15 16 5923 89
3 15 15 6296 27
71 18 10 6006 32
45 14 10 6038 55
95 12 16 6012 44
95 13 14 6056 5
74 12 2 6063 85
52 12 16 6056 69
28 17 12 5945 84
46 13 14 6061 27
75 9 2 6148 63
64 14 5 6029 68
35 17 8 5955 69
83 17 13 6115 4
40 16 5 6097 14
26 19 6 6217 72
34 19 14 6215 84
51 15 4 6108 54
5 15 12 6029 35
84 18 16 6125 2
84 19 13 6127 20
44 12 4 6162 67
65 17 12 6064 7
55 16 1 6138 80
38 10 8 6056 99
29 17 4 6229 97
76 17 3 6108 71
21 16 0 6110 37
54 10 4 6326 43
73 14 15 6323 23
36 11 7 5922 33
53 13 9 5913 9
25 9 19 6156 84
28 18 7 6029 90
36 12 11 6125 48
73 15 5 6346 5
0 17 2 6211 32
63 11 12 6071 9
39 16 9 5922 86
49 11 14 6299 45
85 10 18 6078 80
25 10 18 6240 17
60 14 12 6080 42
32 17 14 6344 47
58 19 6 6289 94
87 15 4 6369 66
24 13 0 6147 47
40 17 3 6179 67
78 15 2 6243 69
62 17 7 6119 90
3 16 8 6323 58
0 18 19 6243 96
13 15 16 6127 78
71 19 8 6381 28
68 15 15 6346 40
45 15 6 6383 9
95 14 10 6093 33
95 15 0 6194 32
74 13 0 6226 75
82 13 14 6391 40
63 12 3 6246 54
30 13 10 6126 54
52 13 17 6164 1
13 16 0 6301 28
53 14 11 6173 36
85 11 10 6180 21
20 17 7 6209 34
48 15 8 6409 38
21 17 6 6392 62
31 12 10 6201 75
15 14 5 6351 85
68 16 0 6386 62
95 16 12 6226 20
91 13 8 6447 24
75 10 8 6471 97
12 11 17 6165 99
88 10 13 6147 98
38 11 18 6257 11
61 9 15 6386 73
1 19 12 6246 66
94 10 5 6436 62
97 17 16 6205 12
72 12 4 6435 79
47 15 0 6448 59
23 15 7 6243 12
54 11 13 6369 73
14 19 15 6459 44
9 10 2 6312 96
43 10 7 6255 89
48 16 19 6447 53
43 11 14 6431 82
46 14 8 6568 44
75 11 9 6568 9
63 13 17 6300 58
45 16 11 6392 66
39 17 1 6218 30
64 15 13 6442 37
83 18 9 6577 17
51 16 7 6344 92
40 18 12 6312 19
25 11 5 6498 67
80 15 15 6503 83
5 16 2 6408 24
46 15 10 6612 50
44 13 15 6586 28
65 18 0 6507 9
55 17 0 6516 92
38 12 12 6331 36
22 13 4 6514 68
29 18 0 6608 93
45 17 7 6458 22
76 18 7 6480 15
32 18 3 6391 90
61 10 4 6582 9
59 13 18 6268 13
81 14 4 6591 44
85 12 11 6458 72
88 11 8 6612 8
76 19 13 6495 18
49 12 1 6344 8
17 16 8 6620 15
43 12 9 6594 19
0 19 6 6454 62
49 13 10 6662 22
82 14 2 6432 81
62 18 6 6516 86
12 12 12 6367 42
60 15 18 6281 99
64 16 1 6479 62
32 19 8 6635 31
20 18 18 6380 63
97 18 5 6565 2
46 16 3 6662 63
87 16 6 6602 57
35 18 3 6725 19
64 17 2 6541 44
17 17 1 6635 93
24 14 19 6500 31
40 19 11 6530 52
19 11 4 6635 24
8 12 11 6582 74
6 14 0 6701 8
8 13 0 6709 65
62 19 16 6602 17
72 13 9 6613 34
60 16 0 6774 67
54 12 10 6684 82
54 13 12 6766 2
73 16 9 6647 40
67 10 12 6768 75
6 15 3 6744 31
44 14 13 6614 96
7 17 8 6666 49
47 16 11 6656 1
70 11 14 6513 59
75 12 16 6619 88
31 13 9 6687 82
96 15 17 6358 79
48 17 6 6659 37
94 11 17 6498 90
93 15 0 6841 17
92 16 7 6495 83
6 16 7 6775 5
27 11 2 6585 92
22 14 16 6707 16
53 15 2 6677 99
77 14 4 6659 61
92 17 5 6578 93
20 19 19 6531 45
13 17 13 6710 48
70 12 1 6728 45
27 12 1 6773 49
81 15 19 6635 78
91 14 11 6657 49
7 18 19 6715 95
35 19 5 6744 33
17 18 4 6728 2
24 15 2 6776 62
19 12 13 6758 91
6 17 4 6780 6
9 11 6 6696 6
93 16 11 6858 6
27 13 5 6822 91
91 15 4 6786 99
53 16 18 6776 57
61 11 1 6822 44
85 13 7 6780 80
19 13 8 6849 57
88 12 15 6620 34
78 16 13 6849 70
78 17 19 6919 99
95 17 8 6906 63
91 16 17 6885 9
45 18 16 6723 95
74 14 8 6969 45
21 18 3 6775 94
17 19 6 6730 16
24 16 5 6913 59
19 14 5 6972 80
6 18 11 6864 36
55 18 6 6746 92
97 19 18 6833 61
39 18 15 6654 37
46 17 6 6838 26
87 17 3 6869 92
60 17 4 6885 28
70 13 15 6773 87
12 13 14 6572 69
67 11 2 6843 37
94 12 11 6900 20
24 17 4 6972 6
72 14 2 6880 56
67 12 4 6978 11
38 13 9 6769 83
8 14 14 6774 3
55 19 4 6989 39
47 17 13 6919 81
65 19 17 6894 15
8 15 3 6961 15
7 19 2 6936 14
73 17 0 6858 5
8 16 9 6976 50
72 15 3 6976 49
11 19 12 6843 84
23 16 14 6777 35
60 18 19 7018 65
54 14 0 6863 72
67 13 16 6989 58
6 19 8 7014 75
3 17 12 6927 32
44 15 19 7083 20
3 18 2 6959 16
80 16 2 6975 42
36 13 19 7103 37
70 14 13 7000 99
23 17 19 7140 3
75 13 7 6860 64
72 16 1 7025 2
31 14 2 7017 34
87 18 18 6961 5
96 16 2 7051 7
87 19 0 6966 38
96 17 12 7058 43
15 15 3 7025 23
80 17 4 7028 40
48 18 3 7048 69
94 13 15 6920 18
93 17 9 7026 41
92 18 11 6920 53
27 14 19 7143 42
22 15 1 7027 33
53 17 8 7089 91
77 15 14 6812 41
30 14 0 7004 65
30 15 8 7180 7
92 19 4 7068 90
13 18 17 6909 50
70 15 7 7099 33
28 19 15 6938 4
27 15 7 7185 74
81 16 15 6942 22
91 17 1 7060 28
21 19 5 7052 8
24 18 15 6978 9
19 15 9 7067 74
48 19 7 7259 46
9 12 4 7158 28
93 18 10 7067 41
27 16 16 7259 53
81 17 17 6964 13
91 18 13 7099 96
81 18 0 7069 26
91 19 14 7195 70
19 16 6 7141 99
93 19 8 7187 10
44 16 5 7103 14
53 18 16 7312 96
61 12 9 7141 43
85 14 9 7184 89
36 14 18 7140 32
77 16 3 7117 71
79 18 17 6977 48
33 11 19 7185 75
51 17 1 7088 28
31 15 14 7265 99
79 19 5 7117 93
15 16 9 7273 48
51 18 13 7195 20
80 18 7 7305 25
33 12 5 7260 13
77 17 11 7188 2
5 17 1 7116 68
96 18 16 7408 27
68 17 8 7197 60
77 18 18 7190 22
78 18 18 7212 85
3 19 6 7240 67
95 18 13 7215 73
45 19 2 7058 60
74 15 13 7288 45
82 15 18 7297 9
63 14 14 7364 36
30 16 4 7187 70
52 14 0 7095 13
22 16 14 7400 95
22 17 11 7495 52
5 18 3 7188 18
61 13 8 7257 59
39 19 11 7547 77
64 18 16 7435 6
83 19 11 7624 26
25 12 3 7206 21
5 19 8 7316 70
29 19 16 7441 63
59 14 3 7227 85
85 15 1 7273 52
88 13 17 7025 18
49 14 9 7321 14
96 19 6 7435 41
94 14 4 7257 32
74 16 4 7333 2
82 16 12 7306 20
73 18 1 7325 90
54 15 5 7273 66
60 19 16 7504 92
68 18 5 7339 96
95 19 5 7435 62
74 17 12 7335 7
52 15 7 7330 60
46 18 19 7260 91
75 14 10 7108 12
64 19 8 7441 51
51 19 0 7215 48
44 17 3 7312 85
38 14 5 7497 92
54 16 14 7495 30
73 19 3 7415 13
36 15 2 7172 34
53 19 19 7408 43
25 13 10 7227 6
36 16 9 7335 52
63 15 7 7400 36
49 15 0 7335 31
85 16 8 7492 33
25 14 2 7233 49
24 19 13 7333 60
78 19 0 7366 45
13 19 18 7306 22
68 19 18 7435 96
74 18 9 7387 29
82 17 7 7436 81
63 16 13 7436 69
30 17 7 7517 45
52 16 4 7390 83
85 17 19 7525 41
31 16 5 7589 19
15 17 19 7566 90
75 15 11 7650 95
12 14 15 6987 74
88 14 0 7411 80
38 15 7 7589 5
61 14 6 7476 6
94 15 1 7415 36
72 17 6 7482 63
47 18 16 7596 48
23 18 10 7233 81
54 17 18 7531 64
9 13 9 7416 92
43 13 12 7342 55
43 14 15 7397 15
46 19 18 7595 85
75 16 18 7745 19
63 17 15 7505 7
25 15 16 7644 67
80 19 0 7491 3
44 18 2 7397 59
38 16 19 7656 19
22 18 3 7547 88
61 15 11 7745 90
59 15 10 7314 15
81 19 12 7397 72
85 18 4 7566 76
88 15 12 7491 82
49 16 5 7608 88
43 15 8 7525 23
49 17 18 7764 73
82 18 15 7517 71
12 15 6 7545 34
74 19 5 7696 68
82 19 6 7588 2
63 18 11 7835 22
30 18 2 7562 32
52 17 15 7588 35
30 19 19 7675 25
52 18 9 7623 64
22 19 19 7700 39
61 16 19 7835 3
9 14 19 7838 12
8 17 7 7594 98
43 16 4 7642 99
43 17 13 7741 63
36 17 14 7525 27
27 17 18 7837 59
33 13 0 7494 15
75 17 12 7764 16
75 18 14 7780 54
63 19 18 7896 5
33 14 3 7635 86
59 16 9 7687 74
59 17 1 7761 51
52 19 5 7764 73
31 17 19 7850 59
9 15 8 7850 42
88 16 11 7857 28
12 16 2 7594 25
15 18 0 7656 29
25 16 11 7885 7
44 19 17 7456 38
38 17 0 7685 58
61 17 3 7838 19
8 18 5 7837 46
43 18 1 7812 1
43 19 11 7892 75
36 18 3 7857 80
27 18 6 7896 56
75 19 15 7834 9
59 18 17 7812 4
59 19 15 7843 66
31 18 1 7909 10
9 16 1 7919 47
88 17 10 7885 87
12 17 19 7909 10
15 19 15 7909 97
25 17 8 7892 74
38 18 17 7816 47
61 18 14 7857 4
85 19 13 7804 5
88 18 4 7972 77
49 18 16 7837 21
49 19 2 7858 70
12 18 16 7919 25
25 18 14 7966 29
19 17 11 7967 4
8 19 4 8049 80
72 18 8 7966 41
54 18 1 7966 19
54 19 11 7985 63
67 14 18 7901 46
36 19 15 8006 14
47 19 9 7761 15
70 16 3 7937 48
72 19 0 8007 87
31 19 3 7985 11
94 16 18 7947 4
27 19 14 7995 32
94 17 7 7951 6
77 19 7 7957 9
70 17 9 7985 4
19 18 2 7971 62
67 15 6 7952 49
70 18 19 7989 92
70 19 12 8081 68
19 19 12 8149 2
9 17 7 7966 78
61 19 16 7944 33
33 15 11 8048 74
33 16 13 8122 98
94 18 10 7972 47
9 18 18 8044 10
33 17 1 8220 19
33 18 15 8239 45
33 19 12 8284 60
9 19 14 8054 76
88 19 1 8239 14
12 19 18 8054 32
25 19 12 8344 20
38 19 6 8001 34
67 16 5 8001 6
94 19 13 8220 28
67 17 9 8007 15
67 18 15 8284 28
67 19 11 8312 86
23 19 16 7977 15
