8 0 7 0 14
5 0 13 0 48
17 0 18 0 38
4 0 19 0 45
11 0 5 0 48
2 0 4 0 39
3 0 4 39 31
4 1 1 45 23
1 0 8 0 21
9 0 16 0 32
3 1 10 70 24
19 0 14 0 37
5 1 2 48 34
13 0 16 32 39
0 0 17 0 13
10 0 18 38 22
1 1 6 21 22
8 1 12 14 40
13 1 10 94 24
14 0 11 0 41
9 1 7 32 22
5 2 3 82 22
1 2 14 43 15
18 0 1 68 17
17 1 0 38 27
13 2 17 118 43
6 0 9 0 19
8 2 8 54 19
15 0 11 41 37
0 1 2 82 26
7 0 9 19 20
16 0 14 58 19
18 1 10 118 40
12 0 14 77 26
4 2 5 68 34
17 2 13 65 32
12 1 1 103 32
14 1 19 45 26
5 3 7 104 14
12 2 2 135 11
17 3 9 97 30
1 3 5 102 28
7 1 6 43 43
9 2 15 54 30
1 4 10 158 10
18 2 9 158 16
9 3 6 86 18
7 2 1 135 13
9 4 18 104 41
6 1 5 130 33
4 3 9 174 23
0 2 11 108 35
4 4 7 197 41
8 3 0 73 49
2 1 3 104 28
3 2 3 132 34
1 5 2 168 46
9 5 19 145 34
3 3 6 166 44
19 1 10 168 28
5 4 12 118 22
13 3 14 161 28
0 3 4 143 45
10 1 17 161 22
14 2 16 71 14
6 2 18 163 32
7 3 5 163 22
15 1 5 185 48
12 3 15 146 10
2 2 8 132 32
10 2 12 183 30
9 6 9 197 22
16 1 1 148 27
8 4 13 122 11
10 3 15 213 31
17 4 7 238 17
9 7 11 219 11
19 2 13 196 13
13 4 3 189 49
0 4 12 213 29
10 4 13 244 15
1 6 11 230 19
14 3 3 238 47
6 3 16 195 37
13 5 15 244 34
11 1 1 175 39
10 5 4 259 13
8 5 10 196 13
15 2 10 233 31
0 5 13 259 21
7 4 2 214 33
19 3 0 209 28
18 3 5 233 36
16 2 8 175 39
16 3 12 242 41
5 5 14 189 10
17 5 14 255 21
9 8 17 230 29
19 4 2 247 18
13 6 18 278 46
0 6 7 280 40
10 6 16 272 47
1 7 19 249 13
14 4 0 285 49
6 4 12 283 28
13 7 13 324 29
11 2 2 265 21
10 7 19 319 18
8 6 9 219 47
15 3 7 320 42
0 7 0 334 45
7 5 7 362 28
19 5 1 265 43
18 4 4 272 34
16 4 5 283 45
16 5 11 328 40
5 6 8 214 45
15 4 2 362 24
17 6 1 308 14
17 7 4 322 37
11 3 18 324 18
15 5 1 386 13
6 5 3 311 16
16 6 10 368 46
12 4 9 266 41
9 9 10 414 37
4 5 16 319 10
0 8 3 379 16
4 6 11 368 40
11 4 13 353 20
2 3 17 259 46
3 4 18 342 43
2 4 0 379 35
3 5 12 385 32
18 5 16 329 47
3 6 2 417 35
19 6 16 376 46
5 7 19 337 38
13 8 6 353 31
0 9 15 395 10
14 5 5 334 16
2 5 14 414 14
3 7 15 452 34
1 8 13 373 18
9 10 4 451 30
3 8 19 486 21
19 7 8 422 39
5 8 6 384 32
13 9 11 408 40
0 10 18 405 49
1 9 18 454 14
8 7 18 468 22
10 8 6 416 33
14 6 17 350 31
6 6 2 452 40
9 11 2 492 25
19 8 3 461 30
11 5 0 414 28
0 11 10 454 43
1 10 3 491 11
13 10 7 448 24
4 7 12 417 46
17 8 17 381 15
12 5 13 391 10
14 7 9 381 43
5 9 16 422 38
12 6 6 449 26
17 9 16 460 31
1 11 4 502 21
7 6 16 491 39
18 6 19 507 14
6 7 10 497 37
11 6 15 486 20
8 8 2 517 27
15 6 9 424 30
7 7 12 530 16
15 7 15 506 24
12 7 19 521 26
2 6 1 428 44
9 12 1 517 27
16 7 6 475 48
8 9 17 544 26
6 8 4 534 10
4 8 14 463 27
4 9 8 490 13
11 7 8 506 36
5 10 11 460 16
15 8 0 530 19
17 10 5 491 27
17 11 10 534 25
11 8 6 542 24
15 9 13 549 34
6 9 11 544 20
16 8 7 523 37
12 8 12 547 13
9 13 0 549 31
6 10 1 564 17
4 10 4 544 20
0 12 14 497 25
4 11 2 564 40
11 9 9 566 35
2 7 10 559 20
3 9 7 560 46
2 8 13 583 12
3 10 13 606 15
18 7 0 580 24
3 11 5 621 10
19 9 12 560 15
5 11 4 564 20
13 11 1 581 47
10 9 3 502 30
14 8 15 530 20
6 11 17 581 48
7 8 13 621 34
15 10 19 583 35
12 9 11 564 35
2 9 6 595 23
10 10 7 606 46
16 9 3 560 30
8 10 3 590 47
14 9 10 579 25
5 12 0 604 12
12 10 5 631 22
17 12 15 559 41
1 12 16 530 30
9 14 14 580 16
1 13 1 628 29
18 8 18 604 10
9 15 13 655 20
7 9 17 655 20
7 10 10 675 47
9 16 3 675 26
6 12 6 629 44
4 12 15 604 28
0 13 8 542 25
4 13 13 675 44
8 11 5 653 37
2 10 18 618 22
3 12 9 631 24
1 14 0 657 16
9 17 12 701 14
3 13 14 655 37
19 10 11 599 38
5 13 5 690 40
13 12 9 655 15
0 14 1 657 40
10 11 2 652 48
14 10 14 692 10
6 13 13 719 29
7 11 18 722 43
15 11 8 618 42
12 11 0 673 11
2 11 9 670 15
10 12 11 700 42
9 18 5 730 24
16 10 17 675 31
8 12 6 690 19
10 13 0 742 18
17 13 11 742 48
9 19 8 754 43
19 11 17 706 38
13 13 2 700 26
0 15 6 709 16
10 14 1 760 16
1 15 15 673 41
14 11 13 748 49
6 14 14 748 44
13 14 8 797 40
11 10 7 652 22
10 15 8 837 25
16 11 4 706 16
2 12 11 790 35
5 14 9 730 33
15 12 3 701 10
17 14 3 790 48
17 15 6 838 36
11 11 19 674 36
15 13 14 792 40
6 15 15 792 48
16 12 18 765 29
0 16 19 725 43
4 14 17 744 34
12 12 7 684 24
4 15 18 794 21
11 12 3 838 39
2 13 7 825 27
3 14 17 778 38
2 14 16 852 26
3 15 1 816 41
18 9 6 874 14
3 16 8 862 34
19 12 18 815 45
5 15 17 816 35
13 15 12 837 46
0 17 5 768 48
14 12 8 896 32
2 15 5 878 27
3 17 0 896 32
1 16 17 851 40
3 18 16 928 11
19 13 19 860 44
5 16 1 857 32
13 16 5 905 18
0 18 9 816 36
1 17 12 891 38
8 13 15 840 43
10 16 10 862 43
14 13 6 928 36
6 16 8 928 21
19 14 9 904 16
11 13 14 877 34
0 19 16 939 11
1 18 7 929 28
13 17 19 923 16
4 16 10 905 27
17 16 2 874 30
12 13 17 891 33
14 14 7 964 19
5 17 10 932 15
12 14 8 949 11
17 17 12 929 45
1 19 9 957 39
7 12 19 939 44
18 10 13 888 14
6 17 0 949 31
11 14 4 911 49
8 14 14 911 41
15 14 4 960 39
7 13 8 983 29
15 15 6 999 42
12 15 10 960 34
2 16 15 905 23
16 13 15 928 44
8 15 1 952 34
6 18 7 983 36
4 17 0 980 12
4 18 6 1041 37
11 15 17 960 36
5 18 15 972 31
15 16 12 1041 38
17 18 8 1012 26
10 17 5 923 21
14 15 4 999 23
13 18 4 1022 14
11 16 11 996 38
8 16 11 1034 21
7 14 15 1012 22
8 17 4 1055 30
15 17 16 1079 12
19 15 15 1034 29
18 11 3 902 30
16 14 0 992 41
16 15 16 1091 35
17 19 19 1038 17
5 19 18 1003 49
19 16 5 1063 33
12 16 16 1126 11
7 15 4 1085 14
18 12 12 1079 23
7 16 11 1099 28
6 19 19 1055 43
4 19 3 1078 30
8 18 19 1098 32
2 17 2 928 27
3 19 11 1127 36
19 17 6 1096 20
13 19 0 1036 21
10 18 9 996 27
14 16 2 1022 20
7 17 14 1127 44
15 18 18 1091 27
12 17 3 1137 22
2 18 12 1102 31
10 19 14 1171 14
16 16 13 1126 47
8 19 16 1137 45
19 18 7 1116 35
14 17 18 1118 15
11 17 10 1034 46
15 19 17 1118 40
7 18 0 1171 33
19 19 4 1151 34
18 13 2 1102 37
16 17 9 1173 21
16 18 2 1194 10
14 18 12 1133 34
11 18 12 1167 44
14 19 1 1167 33
7 19 3 1204 28
12 18 4 1185 12
2 19 19 1133 31
16 19 19 1204 48
11 19 16 1211 13
18 14 17 1158 11
18 15 11 1169 23
12 19 18 1197 17
18 16 8 1192 40
18 17 15 1232 15
18 18 14 1247 10
18 19 7 1257 46
