0 0 17 0 15
15 0 6 0 39
17 0 18 0 16
13 0 16 0 14
19 0 17 15 14
6 0 9 0 13
16 0 16 14 32
3 0 4 0 34
11 0 9 13 11
8 0 7 0 30
19 1 2 29 30
14 0 4 34 31
19 2 0 59 27
11 1 1 24 10
9 0 16 46 30
6 1 5 13 22
7 0 9 24 19
12 0 1 34 43
6 2 18 35 33
11 2 2 59 41
1 0 8 0 32
4 0 19 0 22
16 1 1 77 30
5 0 13 0 32
14 1 11 65 42
6 3 16 76 28
8 1 12 30 18
14 2 7 107 24
3 1 10 34 23
2 0 4 65 34
9 1 7 131 31
3 2 3 57 41
18 0 17 29 13
18 1 13 42 28
4 1 1 107 14
13 1 6 39 47
11 3 11 107 10
10 0 18 68 21
15 1 5 39 41
16 2 8 107 17
18 2 11 117 18
0 1 2 100 28
19 3 15 86 47
6 4 12 104 39
13 2 17 86 49
15 2 13 80 45
8 2 8 124 41
5 1 2 128 37
19 4 18 133 43
18 3 16 135 43
13 3 10 135 16
6 5 3 143 16
11 4 13 125 26
14 3 6 131 13
15 3 15 133 40
14 4 0 144 30
16 3 18 176 21
2 1 3 159 44
1 1 6 144 46
14 5 14 174 24
6 6 2 165 34
6 7 10 199 20
19 5 3 203 17
3 3 6 190 10
17 1 17 135 36
11 5 0 174 26
19 6 14 220 13
16 4 0 200 14
11 6 12 200 13
14 6 17 198 19
11 7 10 219 35
9 2 15 173 15
6 8 4 219 47
7 1 6 200 49
12 1 15 188 28
1 2 14 233 35
4 2 5 121 22
16 5 17 217 37
5 2 3 220 28
14 7 19 217 34
8 3 0 214 34
14 8 16 251 35
3 4 18 200 40
2 2 8 203 43
9 3 6 249 13
3 5 12 240 46
18 4 7 178 46
18 5 8 246 39
10 1 17 254 18
15 4 2 199 46
12 2 2 245 49
8 4 13 248 22
7 2 1 249 11
10 2 12 286 20
1 3 5 268 14
12 3 14 294 34
2 3 17 272 32
17 2 4 266 34
11 8 6 262 22
19 7 6 284 43
16 6 10 254 15
9 4 18 262 47
6 9 11 266 43
7 3 5 282 13
12 4 4 328 46
1 4 10 282 44
4 3 9 143 10
16 7 12 306 31
5 3 7 248 16
2 4 0 304 35
8 5 10 326 11
3 6 2 294 27
2 5 14 339 34
9 5 19 309 18
3 7 15 321 13
18 6 3 285 30
18 7 5 315 15
10 3 15 334 28
15 5 9 245 48
8 6 9 337 29
7 4 2 321 47
10 4 13 362 20
1 5 2 368 20
13 4 3 315 31
0 2 11 309 10
5 4 12 337 40
5 5 14 377 37
4 4 7 264 45
15 6 7 309 37
7 5 7 368 22
4 5 16 309 38
7 6 16 390 27
1 6 11 388 12
6 10 1 309 44
18 8 4 374 38
14 9 10 337 42
9 6 9 366 33
8 7 18 366 37
12 5 12 377 29
11 9 5 330 11
1 7 19 400 23
13 5 12 406 43
0 3 4 412 46
11 10 7 390 24
19 8 7 414 45
16 8 7 459 27
11 11 19 423 33
1 8 13 423 22
6 11 17 353 29
18 9 2 412 38
14 10 15 379 10
9 7 11 400 30
12 6 18 406 31
13 6 4 458 20
0 4 12 458 19
5 6 8 414 10
4 6 11 430 32
4 7 12 477 38
15 7 0 346 30
10 5 4 478 36
2 6 1 373 21
17 3 2 450 47
19 9 12 515 32
14 11 13 445 40
6 12 6 382 22
3 8 19 456 20
15 8 1 394 31
0 5 13 485 13
6 13 13 498 14
8 8 2 497 30
18 10 14 450 45
17 4 10 497 14
1 9 18 445 15
13 7 8 478 25
0 6 7 498 18
2 7 10 511 46
9 8 17 430 46
18 11 0 495 44
18 12 10 557 16
10 6 16 514 24
15 9 12 547 16
12 7 19 476 40
8 9 17 527 25
7 7 12 563 26
10 7 19 538 35
1 10 3 460 35
12 8 13 516 24
2 8 13 557 15
17 5 15 511 24
11 12 3 495 11
19 10 13 572 13
16 9 3 506 25
11 13 14 506 34
14 12 2 527 39
9 9 4 514 48
17 6 1 535 10
16 10 5 531 41
11 14 17 552 11
9 10 10 573 42
7 8 13 589 47
12 9 11 540 47
1 11 4 562 27
4 8 14 540 16
16 11 4 589 48
5 7 19 573 20
8 10 3 552 27
3 9 7 516 40
10 8 7 573 22
2 9 6 572 10
17 7 3 579 14
19 11 16 585 48
14 13 8 566 42
6 14 14 556 28
3 10 13 636 28
0 7 0 539 14
6 15 15 584 44
8 11 5 579 31
17 8 7 595 14
0 8 3 593 11
13 8 14 584 10
10 9 3 604 36
11 15 4 637 22
9 11 2 615 18
18 13 6 582 29
18 14 12 611 33
10 10 6 640 39
15 10 19 593 29
12 10 5 610 15
8 12 6 679 16
7 9 17 636 37
0 9 15 628 21
13 9 18 594 49
10 11 10 679 34
11 16 18 659 12
9 12 1 633 16
7 10 10 713 19
0 10 18 671 30
11 17 8 671 17
9 13 0 649 25
12 11 0 674 26
1 12 16 633 26
4 9 8 688 20
10 12 11 713 49
1 13 1 659 27
13 10 7 643 32
0 11 10 732 29
5 8 6 695 17
5 9 16 712 48
4 10 4 708 12
15 11 14 622 44
7 11 18 732 43
13 11 0 700 36
0 12 14 761 16
5 10 11 762 44
4 11 2 720 40
4 12 15 760 33
15 12 3 666 41
10 13 0 762 36
12 12 7 700 40
13 12 9 736 19
0 13 8 777 41
5 11 4 806 29
4 13 13 793 35
15 13 8 818 35
2 10 18 775 24
17 9 12 644 30
19 12 1 686 10
14 14 5 625 38
6 16 8 853 33
3 11 5 664 44
0 14 1 818 40
10 14 1 858 38
2 11 9 799 37
17 10 5 708 23
4 14 17 828 32
10 15 8 896 46
1 14 0 798 23
3 12 9 836 34
15 14 10 853 47
1 15 15 821 27
13 13 2 760 23
0 15 6 858 38
5 12 0 835 44
5 13 5 879 48
4 15 18 860 15
15 15 11 900 21
7 12 19 775 41
17 11 9 870 37
19 13 4 835 14
0 16 19 896 28
13 14 15 848 20
17 12 8 942 11
17 13 14 953 23
16 12 13 828 48
9 14 14 976 43
7 13 8 953 34
12 13 17 860 46
16 13 6 896 36
11 18 15 868 39
19 14 10 900 42
16 14 2 932 30
14 15 9 907 12
9 15 13 1019 21
6 17 0 886 28
4 16 10 942 31
15 16 4 921 10
10 16 9 942 44
2 12 11 921 38
17 14 11 976 40
4 17 0 973 49
10 17 5 986 13
3 13 14 1019 21
15 17 16 931 48
13 15 5 999 15
0 17 5 1014 39
5 14 9 986 21
2 13 7 959 41
1 16 17 906 31
14 16 1 919 27
6 18 7 1000 14
6 19 19 1014 40
19 15 9 1007 38
3 14 17 1040 27
17 15 6 1016 15
11 19 16 979 24
19 16 5 1053 43
16 15 15 962 45
14 17 18 946 40
9 16 3 1040 27
7 14 15 1007 21
12 14 8 987 18
1 17 12 937 31
4 18 6 1031 19
16 16 11 1016 26
5 15 17 1067 31
14 18 12 986 19
8 13 15 1028 20
14 19 3 1067 27
3 15 1 1067 12
2 14 16 1003 34
9 17 12 1067 14
3 16 8 1079 37
18 15 1 1079 20
18 16 19 1099 35
10 18 2 999 26
15 18 18 986 38
12 15 10 1005 16
8 14 14 1048 26
7 15 4 1028 30
10 19 14 1074 32
1 18 7 1014 31
12 16 16 1037 14
2 15 5 1096 32
17 16 16 1051 10
19 17 19 1134 22
16 17 9 1045 17
9 18 5 1128 48
7 16 11 1058 32
12 17 3 1094 21
1 19 9 1062 24
4 19 3 1115 33
16 18 14 1106 17
5 16 1 1099 36
2 16 15 1128 11
8 15 1 1135 14
3 17 0 1116 30
2 17 2 1139 36
9 19 8 1176 39
3 18 16 1146 48
18 17 15 1139 34
18 18 9 1173 16
15 19 17 1098 27
8 16 11 1149 24
7 17 14 1123 45
13 16 13 1040 34
0 18 9 1189 39
5 17 10 1135 43
5 18 15 1178 20
7 18 0 1168 32
7 19 3 1200 22
18 19 18 1189 40
8 17 4 1173 43
12 18 9 1228 41
13 17 19 1156 33
0 19 16 1228 28
19 18 11 1173 43
16 19 19 1189 40
12 19 6 1269 26
13 18 11 1216 37
5 19 18 1229 43
2 18 12 1175 45
17 17 0 1200 46
19 19 8 1216 23
3 19 11 1253 34
8 18 19 1229 22
17 18 13 1246 37
13 19 1 1253 48
2 19 19 1251 23
8 19 16 1256 22
17 19 19 1283 28
