3 0 2 0 28
6 0 3 0 27
0 0 13 0 47
2 0 9 0 40
18 0 19 0 35
14 0 10 0 15
15 0 4 0 14
10 0 5 0 10
19 0 17 0 33
10 1 1 10 37
14 1 16 15 12
9 0 7 0 40
8 0 4 14 44
16 0 15 0 41
18 1 17 35 19
19 1 3 33 11
17 0 9 40 42
7 0 5 10 27
11 0 16 27 32
19 2 7 44 42
5 0 4 58 30
9 1 15 41 23
2 1 8 40 11
15 1 19 35 30
3 1 4 88 18
9 2 4 106 37
17 1 4 143 11
4 0 7 86 26
18 2 16 59 20
10 2 15 64 22
0 1 16 79 21
8 1 19 65 38
14 2 6 27 43
15 2 17 65 15
11 1 6 70 32
3 2 11 106 42
9 3 2 143 12
16 1 17 80 19
4 1 9 112 27
15 3 7 112 17
16 2 5 99 37
1 0 1 47 40
3 3 5 148 26
11 2 7 129 20
15 4 8 129 34
18 3 15 86 36
17 2 15 154 28
10 3 2 155 28
4 2 4 154 25
0 2 17 100 27
4 3 3 179 42
2 2 14 51 47
11 3 1 149 14
16 3 7 149 36
5 1 8 163 48
7 1 4 179 41
11 4 0 163 11
18 4 1 163 15
9 4 8 211 28
1 1 11 148 20
11 5 19 174 27
11 6 3 221 21
19 3 16 100 45
12 0 7 185 28
10 4 6 183 10
7 2 17 220 44
18 5 3 242 46
17 3 18 182 48
12 1 9 213 33
0 3 8 239 46
13 0 12 0 33
13 1 6 193 33
6 1 2 183 11
7 3 16 264 16
3 4 13 174 27
14 3 18 230 27
17 4 6 230 22
10 5 9 246 21
2 3 2 194 35
5 2 1 211 46
8 2 11 168 24
10 6 19 267 38
19 4 9 267 29
12 2 11 246 35
10 7 16 305 35
7 4 11 281 42
8 3 17 264 21
18 6 4 288 13
15 5 2 229 48
17 5 8 285 15
12 3 17 285 44
0 4 1 285 27
13 2 14 226 38
16 4 8 300 47
6 2 5 194 17
3 5 6 252 24
14 4 0 257 24
17 6 1 312 37
2 4 13 229 41
5 3 15 257 13
13 3 9 296 15
14 5 9 311 20
2 5 7 270 37
5 4 9 331 20
13 4 10 311 16
14 6 3 331 41
14 7 2 372 22
19 5 0 296 27
7 5 10 327 29
9 5 12 239 19
1 2 12 258 27
19 6 5 323 15
12 4 4 329 43
1 3 6 285 32
7 6 3 372 23
10 8 7 340 34
8 4 13 285 34
3 6 12 285 41
2 6 1 349 37
14 8 12 394 41
6 3 0 323 43
8 5 15 319 11
6 4 1 386 25
13 5 13 327 24
12 5 16 372 35
7 7 2 395 15
4 4 19 305 28
0 5 14 312 39
12 6 12 435 31
11 7 18 257 32
8 6 10 356 16
9 6 10 372 30
4 5 15 333 22
2 7 18 386 28
18 7 8 347 42
15 6 3 395 45
4 6 17 355 34
0 6 19 351 24
4 7 0 389 15
2 8 6 414 42
8 7 8 389 43
4 8 6 456 46
12 7 2 466 14
10 9 0 404 13
7 8 0 417 22
8 8 16 432 41
18 8 18 414 19
15 7 14 440 16
17 7 11 349 36
12 8 6 502 48
0 7 4 375 34
13 6 1 411 30
16 5 12 466 49
6 5 15 411 24
3 7 0 439 25
14 9 11 435 30
17 8 3 440 26
2 9 3 466 23
5 5 7 374 31
13 7 8 441 18
2 10 10 489 41
5 6 14 456 20
13 8 7 459 46
19 7 13 351 37
7 9 13 439 28
9 7 17 402 40
1 4 16 473 26
10 10 14 476 33
3 8 1 464 27
11 8 10 530 33
9 8 13 467 20
4 9 1 502 34
0 8 7 505 27
17 9 19 466 21
10 11 11 509 16
15 8 12 515 23
0 9 3 532 36
4 10 12 538 47
0 10 6 568 11
10 12 4 525 26
8 9 7 532 45
19 8 2 480 32
16 6 11 525 29
7 10 7 577 16
18 9 5 433 37
15 9 16 538 29
12 9 8 550 40
16 7 6 579 18
3 9 7 593 40
18 10 2 512 10
11 9 13 563 13
16 8 9 597 33
11 10 17 576 36
1 5 13 576 36
0 11 5 579 32
10 13 3 568 20
8 10 3 588 37
19 9 11 554 25
18 11 13 612 44
17 10 2 522 48
4 11 2 585 16
10 14 17 612 10
16 9 10 630 30
6 6 18 435 36
3 10 17 633 40
2 11 5 611 33
5 7 2 601 20
13 9 2 621 30
5 8 16 621 34
19 10 14 579 21
9 9 18 487 11
1 6 10 660 37
0 12 0 611 13
1 7 7 697 26
10 15 18 622 37
8 11 9 630 10
3 11 14 673 49
6 7 8 590 12
6 8 9 640 21
4 12 16 655 34
0 13 9 661 40
9 10 5 644 23
1 8 3 723 22
0 14 2 701 40
19 11 8 602 49
12 10 15 590 28
6 9 13 661 44
13 10 17 673 37
7 11 14 722 39
0 15 15 741 20
2 12 17 710 25
7 12 9 761 21
8 12 6 640 36
18 12 10 697 30
3 12 10 727 33
9 11 16 689 46
17 11 16 735 17
4 13 10 760 31
18 13 11 727 20
10 16 13 705 21
11 11 8 651 25
9 12 3 745 40
18 14 14 761 42
16 10 0 660 49
5 9 19 655 38
11 12 4 676 32
4 14 14 803 24
12 11 0 709 31
10 17 8 726 31
7 13 12 782 15
16 11 16 752 37
6 10 10 791 17
3 13 3 785 30
14 10 5 667 26
17 12 12 797 30
2 13 0 740 19
5 10 18 693 12
13 11 11 747 24
14 11 4 708 24
2 14 19 759 15
5 11 17 735 11
13 12 5 771 13
14 12 7 732 45
14 13 13 777 46
19 12 19 774 34
7 14 18 797 32
9 13 1 785 37
1 9 4 745 44
19 13 1 822 31
12 12 3 815 22
7 15 15 829 36
1 10 18 829 18
10 18 10 808 27
8 13 18 847 31
3 14 15 865 34
2 15 16 789 42
14 14 14 827 22
17 13 10 835 27
2 16 12 831 37
5 12 11 771 47
13 13 3 837 14
14 15 15 899 11
2 17 11 868 34
5 13 5 818 19
13 14 18 878 11
14 16 8 910 20
14 17 1 930 42
16 12 3 851 11
7 16 1 972 29
18 15 6 803 35
15 10 13 823 28
12 13 5 837 30
16 13 2 862 46
3 15 16 899 17
11 13 5 867 41
16 14 14 908 36
11 14 15 910 44
1 11 2 908 11
1 12 17 919 15
12 14 13 867 27
10 19 12 868 23
17 14 13 894 35
18 16 0 838 26
15 11 6 851 28
12 15 10 894 24
0 16 18 889 45
13 15 16 916 38
16 15 18 944 35
6 11 17 934 41
3 16 8 930 49
14 18 19 972 11
17 15 17 975 20
2 18 4 902 10
5 14 0 864 35
13 16 0 954 31
7 17 8 1001 18
18 17 9 864 29
17 16 0 995 18
12 16 18 979 47
7 18 6 1019 39
9 14 14 944 17
1 13 9 934 27
3 17 9 979 21
9 15 0 1013 16
4 15 5 908 43
0 17 10 934 23
17 17 7 1013 14
15 12 18 1026 24
0 18 12 957 36
4 16 13 951 45
0 19 11 993 31
8 14 2 919 17
19 14 15 954 35
16 16 13 996 45
7 19 19 1058 33
18 18 7 1027 21
15 13 10 1050 21
12 17 14 1026 38
16 17 1 1041 31
3 18 18 1050 35
18 19 12 1048 42
16 18 4 1072 33
1 14 15 989 39
1 15 5 1028 25
12 18 1 1072 46
4 17 11 1024 47
16 19 19 1105 18
6 12 16 975 34
2 19 15 1028 41
5 15 13 1041 17
13 17 4 1105 24
4 18 8 1071 18
6 13 11 1071 14
3 19 19 1123 42
5 16 10 1071 23
13 18 19 1165 42
13 19 15 1207 30
6 14 12 1090 45
14 19 17 995 49
17 18 14 1064 20
5 17 12 1135 11
8 15 14 1084 28
19 15 6 1058 32
15 14 5 1071 37
9 16 11 1085 31
17 19 5 1108 41
4 19 18 1089 15
8 16 12 1146 43
15 15 1 1118 38
11 15 2 954 32
9 17 6 1116 15
15 16 11 1156 31
1 16 8 1089 16
11 16 14 1112 12
15 17 0 1187 29
11 17 9 1124 32
5 18 3 1146 22
11 18 12 1189 10
9 18 9 1156 10
1 17 14 1124 13
19 16 4 1129 20
12 19 19 1207 22
6 15 7 1135 45
5 19 6 1168 11
8 17 0 1216 22
19 17 18 1149 30
8 18 1 1238 25
15 18 9 1216 42
6 16 14 1180 27
19 18 10 1179 24
9 19 19 1229 22
1 18 0 1238 49
19 19 12 1203 29
1 19 19 1287 25
15 19 15 1258 22
6 17 6 1207 47
11 19 11 1199 28
8 19 5 1263 15
6 18 4 1254 47
6 19 19 1312 11
