6 0 0 0 27
15 0 3 0 48
19 0 9 0 45
9 0 13 0 26
9 1 3 48 47
17 0 16 0 30
10 0 13 26 23
2 0 17 0 34
12 0 0 27 10
13 0 18 0 38
11 0 17 34 37
0 0 16 30 34
8 0 10 0 34
12 1 6 37 37
16 0 0 37 13
12 2 3 95 15
6 1 12 27 15
4 0 12 42 47
4 1 3 110 23
3 0 5 0 48
19 1 16 64 44
9 2 5 95 44
15 1 6 74 35
18 0 13 49 10
0 1 17 71 38
11 1 7 71 49
16 1 13 59 38
16 2 7 120 34
12 3 13 110 13
17 1 13 123 47
5 0 18 38 14
6 2 4 42 26
18 1 5 139 36
5 1 16 108 20
6 3 13 170 19
17 2 19 170 49
18 2 12 175 18
5 2 1 128 18
11 2 15 120 45
11 3 2 165 28
12 4 10 123 11
7 0 0 50 32
19 2 0 108 43
3 1 7 154 46
7 1 16 128 15
0 2 0 151 21
10 1 18 52 48
8 1 6 109 33
19 3 17 151 31
8 2 15 165 25
13 1 0 172 41
19 4 14 182 35
14 0 6 142 24
17 3 8 219 20
2 1 1 146 12
2 2 16 158 10
17 4 4 239 40
19 5 13 217 17
2 3 7 200 47
8 3 8 239 46
0 3 6 172 15
14 1 5 175 30
17 5 3 279 46
4 2 9 133 48
7 2 17 182 12
8 4 0 285 20
12 5 2 193 49
15 2 13 234 43
10 2 14 217 15
15 3 2 277 37
13 2 4 279 30
1 0 5 205 41
12 6 1 242 28
15 4 17 314 18
4 3 16 181 45
1 1 11 246 33
12 7 14 270 28
4 4 14 298 39
0 4 15 190 42
2 4 13 277 28
3 2 16 226 47
14 2 7 247 10
9 3 6 187 49
0 5 8 285 17
7 3 7 257 46
2 5 15 305 27
11 4 9 193 15
2 6 0 332 19
11 5 8 302 35
1 2 6 279 15
3 3 10 273 45
9 4 1 270 22
19 6 12 234 42
14 3 10 318 35
18 3 16 273 48
16 3 6 294 42
6 4 17 332 14
5 3 12 276 14
18 4 0 351 27
8 5 18 305 33
4 5 6 337 42
10 3 0 378 42
3 4 14 337 15
7 4 3 325 37
8 6 4 338 19
19 7 3 362 14
3 5 8 352 25
13 3 13 309 43
14 4 8 377 28
13 4 6 379 11
17 6 17 346 21
10 4 3 420 36
19 8 18 376 37
15 5 5 332 27
18 5 14 378 43
15 6 9 359 27
18 6 10 421 46
0 6 7 303 41
16 4 1 336 36
16 5 5 372 45
17 7 14 421 33
5 4 13 352 10
5 5 6 390 16
5 6 5 417 24
17 8 6 454 44
5 7 4 441 18
5 8 0 459 24
7 5 18 413 43
4 6 8 405 32
10 5 8 456 15
8 7 13 362 45
9 5 17 367 12
10 6 6 498 32
12 8 15 332 13
11 6 12 337 29
14 5 16 405 43
13 5 2 390 43
9 6 10 467 28
10 7 10 530 18
8 8 2 433 47
2 7 6 530 34
12 9 8 471 29
13 6 14 454 27
13 7 3 481 26
1 3 16 448 38
15 7 7 386 41
1 4 0 486 40
6 5 5 441 49
3 6 0 526 34
19 9 10 548 39
12 10 12 500 21
15 8 1 427 22
4 7 15 437 11
1 5 14 526 38
4 8 13 448 16
18 7 6 564 27
11 7 13 464 44
16 6 18 456 24
0 7 18 480 10
6 6 7 490 16
2 8 19 564 33
18 8 7 591 46
2 9 12 597 40
8 9 1 480 32
17 9 7 637 23
4 9 5 490 14
7 6 11 456 40
13 8 9 507 30
13 9 15 537 19
19 10 6 591 48
12 11 16 521 32
4 10 11 504 19
12 12 11 553 21
15 9 15 556 28
1 6 3 564 37
3 7 3 601 24
11 8 1 512 26
16 7 8 500 35
16 8 14 564 26
6 7 18 506 28
6 8 16 553 16
14 6 19 597 12
12 13 4 574 48
15 10 16 584 18
10 8 1 548 45
13 10 16 602 36
1 7 1 601 20
1 8 13 621 22
11 9 4 622 25
14 7 9 609 44
17 10 9 660 24
12 14 5 622 11
11 10 5 647 30
14 8 15 653 15
13 11 1 638 31
9 7 19 609 36
12 15 17 633 26
10 9 15 668 23
3 8 12 637 35
19 11 7 660 38
15 11 10 602 37
18 9 19 645 35
1 9 4 647 34
12 16 9 684 33
15 12 18 639 48
1 10 7 698 16
14 9 3 668 15
2 10 9 717 37
11 11 3 683 39
11 12 0 722 15
1 11 17 714 39
3 9 18 687 15
9 8 9 754 27
19 12 15 698 26
14 10 2 683 35
18 10 11 680 31
16 9 19 680 30
6 9 8 569 20
5 9 11 711 18
18 11 2 718 18
8 10 3 722 12
4 11 1 669 46
10 10 11 729 45
3 10 2 736 48
7 7 13 643 43
8 11 11 774 29
19 13 4 724 49
0 8 10 639 26
2 11 14 754 24
11 13 14 778 28
1 12 9 781 15
3 11 13 784 19
9 9 4 781 25
19 14 2 784 28
14 11 18 718 43
18 12 8 736 24
16 10 12 710 47
6 10 9 796 36
5 10 15 729 42
18 13 3 760 23
8 12 16 803 29
4 12 19 715 10
10 11 2 812 13
3 12 11 803 10
7 8 9 832 48
8 13 5 832 46
19 15 11 813 35
3 13 1 813 48
13 12 17 753 47
14 12 0 761 38
13 13 5 878 41
17 11 0 799 48
10 12 17 825 21
19 16 1 861 42
15 13 4 806 10
15 14 8 816 14
0 9 11 848 24
16 11 16 832 24
16 12 11 872 47
17 12 10 847 43
5 11 19 771 13
5 12 3 784 23
5 13 14 807 40
17 13 15 890 41
7 9 4 880 36
4 13 10 890 17
10 13 12 846 32
8 14 12 878 17
9 10 14 847 48
10 14 7 878 44
12 17 18 761 22
11 14 18 806 23
14 13 4 916 16
9 11 7 922 11
2 12 8 830 15
12 18 7 933 21
1 13 2 825 19
15 15 11 919 18
1 14 10 907 36
6 11 2 844 21
3 14 17 861 16
19 17 5 919 24
12 19 19 954 49
15 16 14 937 43
4 14 7 954 41
1 15 12 943 39
3 15 15 931 28
7 10 15 959 24
0 10 1 903 31
2 13 10 943 34
11 15 6 829 42
9 12 16 933 49
11 16 11 937 33
16 13 4 932 40
16 14 10 977 43
17 14 2 931 32
5 14 9 880 48
6 12 14 980 30
18 14 17 877 29
5 15 8 928 12
17 15 5 963 29
10 15 5 992 25
19 18 8 943 44
15 17 0 980 48
18 15 18 906 14
15 18 12 1028 12
18 16 9 928 19
0 11 19 1003 25
16 15 3 1020 16
16 16 15 1036 10
17 16 11 992 36
5 16 2 963 24
5 17 10 1020 23
3 16 4 972 18
14 14 1 934 29
9 13 12 1040 24
0 12 14 1028 31
7 11 8 987 25
2 14 2 987 44
11 17 16 982 45
2 15 3 1036 37
11 18 10 1043 10
1 16 18 982 26
3 17 6 990 17
9 14 11 1064 48
19 19 19 1028 38
14 15 17 963 40
18 17 1 963 40
16 17 2 1046 12
6 13 3 1073 36
5 18 7 1043 45
18 18 15 1046 38
8 15 7 1088 48
4 15 2 1058 47
10 16 19 1066 34
3 18 9 1007 44
7 12 1 1012 33
8 16 14 1136 39
3 19 19 1100 41
13 14 10 1053 34
14 16 14 1175 49
13 15 8 1087 40
17 17 1 1045 38
10 17 16 1100 22
15 19 19 1141 49
18 19 4 1084 13
0 13 13 1059 33
16 18 9 1058 39
16 19 17 1097 22
17 18 12 1083 47
5 19 17 1119 30
17 19 18 1130 12
7 13 14 1224 32
4 16 17 1149 32
10 18 9 1122 11
8 17 17 1181 40
9 15 2 1112 19
10 19 4 1133 43
11 19 19 1190 20
14 17 13 1224 38
13 16 12 1130 32
9 16 0 1131 47
8 18 19 1221 41
2 16 18 1142 22
13 17 7 1162 13
13 18 11 1175 18
1 17 8 1127 19
1 18 15 1146 39
6 14 1 1109 17
4 17 4 1181 17
1 19 19 1262 34
4 18 0 1198 21
0 14 4 1198 35
6 15 15 1185 22
2 17 11 1193 31
2 18 4 1233 39
8 19 9 1262 37
4 19 18 1219 17
7 14 5 1256 26
13 19 19 1296 27
6 16 6 1207 43
6 17 11 1250 32
14 18 12 1262 16
14 19 11 1282 30
9 17 18 1236 49
2 19 5 1282 26
9 18 8 1285 46
6 18 10 1282 23
7 15 6 1282 37
0 15 9 1299 30
9 19 15 1331 36
6 19 19 1323 17
7 16 12 1319 24
0 16 3 1329 16
0 17 12 1345 16
7 17 10 1343 24
0 18 5 1361 30
7 18 2 1367 15
7 19 19 1382 22
0 19 2 1391 13
