2 0 9 0 83
4 0 3 0 69
4 1 4 69 88
9 0 3 69 50
1 0 5 0 72
4 2 9 157 82
0 0 4 157 88
9 1 0 119 59
7 0 4 245 98
4 3 8 239 95
0 1 8 334 68
2 1 8 402 61
9 2 1 178 82
1 1 3 119 50
0 2 6 402 94
5 0 1 260 99
8 0 0 178 94
8 1 6 496 71
1 2 6 567 69
4 4 0 334 99
2 2 0 463 83
5 1 4 359 81
4 5 2 433 67
6 0 7 0 50
3 0 7 50 94
2 3 1 546 65
1 3 4 636 75
7 1 6 636 73
0 3 5 496 99
5 2 5 595 64
0 4 1 611 67
3 1 2 500 68
9 3 8 463 67
4 6 6 709 95
9 4 7 530 56
2 4 6 804 64
7 2 3 709 82
0 5 2 678 89
8 2 3 791 81
6 1 1 678 86
5 3 6 868 66
6 2 4 764 97
3 2 1 764 61
1 4 2 767 94
9 5 9 586 96
0 6 9 767 77
6 3 3 872 96
7 3 2 861 51
1 5 8 861 66
3 3 4 861 99
9 6 6 934 58
8 3 7 872 85
2 5 5 868 85
9 7 4 992 81
5 4 8 934 80
2 6 7 957 78
7 4 1 912 71
4 7 5 953 68
6 4 0 968 95
3 4 3 968 54
7 5 5 1021 94
3 5 6 1022 75
6 5 8 1063 97
1 6 0 1063 92
6 6 2 1160 66
6 7 5 1226 99
1 7 1 1155 82
7 6 7 1115 85
1 8 7 1237 94
3 6 5 1325 66
4 8 7 1331 67
8 4 1 1237 66
3 7 0 1391 76
9 8 5 1391 59
8 5 2 1303 90
2 7 4 1073 85
8 6 4 1393 76
6 8 6 1325 52
1 9 9 1331 63
7 7 0 1467 62
4 9 1 1398 86
8 7 5 1469 58
3 8 9 1467 63
5 5 2 1393 80
0 7 7 1398 99
8 8 8 1527 93
5 6 7 1497 69
9 9 2 1473 96
7 8 8 1620 95
2 8 2 1569 55
2 9 3 1624 77
5 7 9 1566 62
7 9 9 1715 79
0 8 0 1529 86
0 9 3 1701 92
5 8 3 1793 79
3 9 8 1715 67
6 9 9 1794 71
8 9 9 1865 97
5 9 0 1872 88
