3 0 4 0 85
7 0 4 85 20
5 0 3 0 87
5 1 9 87 73
5 2 5 160 51
4 0 8 0 60
6 0 5 211 81
5 3 2 211 95
1 0 5 292 47
4 1 9 160 20
2 0 1 0 45
2 1 7 45 46
0 0 7 91 62
8 0 9 180 68
8 1 6 248 66
6 1 2 306 53
7 1 6 314 86
0 1 8 153 24
4 2 7 180 25
9 0 0 0 30
9 1 3 87 50
2 2 6 400 22
9 2 7 205 34
2 3 2 422 26
3 1 8 177 76
3 2 5 339 68
5 4 4 306 65
6 2 7 359 57
3 3 9 407 88
7 2 5 407 21
9 3 2 448 58
0 2 5 428 25
8 2 5 453 98
7 3 8 428 79
0 3 3 453 84
1 1 2 506 97
9 4 1 506 77
1 2 8 603 92
8 3 8 695 86
3 4 3 537 36
6 3 6 422 71
0 4 4 537 47
6 4 9 495 81
6 5 0 576 43
1 3 9 695 22
7 4 9 717 62
3 5 6 573 75
7 5 2 779 34
4 3 3 573 63
6 6 4 619 26
0 5 6 648 38
7 6 0 813 27
1 4 1 717 93
1 5 4 810 29
5 5 1 810 86
2 4 9 779 38
9 5 5 583 34
3 6 2 813 56
9 6 8 781 84
7 7 1 896 81
9 7 4 865 40
3 7 1 977 35
4 4 4 905 81
6 7 8 865 54
4 5 0 986 52
4 6 1 1038 30
8 4 7 781 66
2 5 0 1038 69
0 6 2 869 82
9 8 9 905 46
8 5 0 1107 56
7 8 7 977 30
5 6 6 896 22
5 7 8 919 58
8 6 3 1163 82
1 6 7 1007 56
8 7 1 1245 95
2 6 4 1107 40
8 8 4 1340 47
4 7 5 1068 98
0 7 0 1163 93
1 7 3 1245 80
1 8 0 1325 78
2 7 3 1325 33
3 8 0 1403 77
8 9 2 1387 78
5 8 0 1480 80
2 8 8 1358 75
6 8 3 1358 58
9 9 6 951 44
3 9 7 1480 85
7 9 3 1416 46
0 8 9 1256 24
0 9 1 1340 66
2 9 5 1433 96
6 9 1 1416 69
4 8 6 1166 54
4 9 2 1465 86
1 9 6 1403 67
5 9 7 1565 65
