8 0 13 0 32
7 0 5 0 27
15 0 9 0 13
18 0 5 27 18
0 0 2 0 24
15 1 14 13 40
10 0 10 0 28
17 0 12 0 22
3 0 9 13 20
2 0 6 0 35
3 1 6 35 29
5 0 8 0 24
9 0 12 22 35
7 1 4 27 19
18 1 10 45 30
0 1 3 24 12
6 0 13 32 27
17 1 10 75 14
8 1 11 32 29
3 2 1 64 19
11 0 0 0 22
3 3 7 83 14
6 1 3 59 30
7 2 6 64 29
12 0 12 57 39
12 1 5 96 32
4 0 11 61 23
16 0 3 89 25
0 2 9 36 17
2 1 0 35 22
6 2 6 93 21
11 1 11 84 25
0 3 4 53 27
10 1 5 128 37
14 0 9 53 21
12 2 2 128 36
18 2 7 97 38
1 0 6 114 30
19 0 9 74 31
13 0 8 24 28
11 2 5 165 28
0 4 0 80 21
18 3 14 135 22
3 4 12 97 33
9 1 1 83 11
8 2 8 61 24
19 1 8 105 39
4 1 13 84 20
18 4 13 157 15
4 2 1 104 28
2 2 13 172 23
1 1 3 144 15
3 5 4 130 30
7 3 9 105 20
10 2 12 165 29
7 4 3 159 21
4 3 6 144 32
6 3 8 144 19
5 1 11 109 19
0 5 6 176 25
16 1 5 193 15
18 5 11 172 20
0 6 8 201 27
0 7 7 228 26
16 2 2 208 28
19 2 12 194 27
0 8 1 254 30
11 3 13 195 35
6 4 12 221 12
10 3 1 284 31
1 2 12 233 20
19 3 1 315 14
9 2 5 208 39
9 3 14 247 18
14 1 14 265 34
15 2 7 254 36
11 4 4 230 31
18 6 9 192 16
19 4 5 329 33
9 4 7 290 23
7 5 10 180 40
9 5 0 313 34
18 7 3 208 17
13 1 1 329 29
0 9 5 362 31
14 2 3 299 30
12 3 8 228 14
16 3 12 253 40
18 8 1 358 12
7 6 8 242 14
14 3 12 329 38
10 4 7 315 25
16 4 7 340 39
16 5 1 379 31
11 5 8 261 21
15 3 4 290 17
1 3 11 253 19
12 4 3 329 28
3 6 0 347 32
1 4 1 410 24
4 4 7 379 16
17 2 0 379 12
11 6 9 282 20
17 3 2 391 20
4 5 5 395 18
15 4 0 391 13
18 9 2 411 13
15 5 5 413 33
6 5 4 307 27
14 4 0 404 11
0 10 11 393 18
11 7 14 302 19
2 3 7 395 32
19 5 3 362 31
17 4 5 446 12
6 6 2 424 39
12 5 13 357 37
13 2 14 358 40
0 11 14 411 16
8 3 3 393 27
12 6 0 415 38
2 4 2 463 20
15 6 8 446 25
3 7 5 458 21
6 7 9 463 13
2 5 3 483 12
7 7 14 427 39
4 6 8 471 24
13 3 12 398 23
7 8 13 466 39
5 2 14 466 21
9 6 3 495 24
12 7 6 453 20
2 6 12 495 19
10 5 8 495 13
14 5 11 415 16
6 8 14 487 12
15 7 13 505 24
0 12 13 529 39
10 6 14 508 14
11 8 2 483 29
17 5 1 458 18
3 8 11 479 29
16 6 8 508 35
9 7 13 568 11
5 3 1 487 33
10 7 4 522 20
19 6 11 508 22
19 7 13 579 36
12 8 7 473 19
17 6 11 530 17
7 9 2 512 27
12 9 11 547 12
15 8 10 529 23
7 10 1 539 36
5 4 7 520 34
6 9 5 499 36
12 10 14 559 22
6 10 10 552 21
17 7 8 547 39
1 5 13 615 15
1 6 10 630 28
1 7 2 658 36
11 9 7 554 32
0 13 10 658 19
15 9 3 552 36
6 11 11 573 17
5 5 6 554 35
2 7 10 677 23
1 8 5 694 26
11 10 10 700 18
13 4 4 542 34
17 8 14 586 31
7 11 12 575 12
14 6 2 694 14
18 10 12 587 40
17 9 3 617 31
11 11 1 718 18
10 8 3 648 27
5 6 5 720 40
3 9 10 718 24
2 8 9 700 17
3 10 14 742 25
2 9 1 736 14
4 7 9 717 23
13 5 5 760 33
18 11 6 627 17
3 11 2 767 29
4 8 3 740 24
4 9 10 764 34
9 8 8 586 30
13 6 6 793 27
12 11 1 750 36
7 12 11 590 37
13 7 10 820 17
2 10 5 793 16
14 7 5 809 14
4 10 2 798 24
8 4 5 823 40
18 12 8 644 30
13 8 0 837 20
16 7 6 820 31
2 11 11 809 29
5 7 10 837 36
9 9 11 838 31
15 10 2 822 29
16 8 11 869 36
13 9 7 857 28
19 8 0 857 16
8 5 4 863 21
6 12 1 786 29
15 11 1 851 18
9 10 4 884 15
14 8 1 869 34
5 8 3 873 23
16 9 4 905 12
8 6 9 884 26
6 13 0 873 17
9 11 10 899 15
4 11 0 890 24
11 12 3 896 11
10 9 9 910 25
15 12 11 905 13
1 9 7 885 15
3 12 3 907 13
16 10 10 917 33
16 11 14 950 19
7 13 7 900 22
14 9 8 903 33
8 7 0 914 27
15 13 6 918 33
17 10 7 922 32
10 10 13 935 31
2 12 8 936 16
0 14 12 677 26
2 13 4 952 22
10 11 11 966 14
19 9 7 954 11
8 8 14 969 27
1 10 0 941 11
5 9 2 896 26
19 10 14 996 14
14 10 4 974 23
3 13 8 952 20
2 14 14 1010 22
1 11 8 972 23
11 13 12 907 17
9 12 2 922 28
15 14 12 951 13
8 9 6 996 16
17 11 9 954 20
8 10 2 1012 21
16 12 9 974 16
10 12 6 1012 25
5 10 4 997 15
1 12 14 1032 20
19 11 4 1012 29
18 13 4 1041 38
4 12 14 1052 28
9 13 9 990 26
13 10 11 980 21
8 11 10 1033 13
17 12 13 974 29
8 12 7 1046 28
18 14 0 1079 13
17 13 4 1079 13
5 11 9 1016 28
10 13 2 1037 39
10 14 0 1092 36
3 14 13 1003 18
7 14 0 1128 13
5 12 13 1044 38
9 14 6 1037 33
13 11 2 1076 21
1 13 9 1052 26
12 12 4 1092 15
17 14 6 1092 26
16 13 13 1082 27
13 12 13 1109 20
8 13 12 1074 28
11 14 6 1118 15
8 14 1 1102 32
19 12 6 1133 28
12 13 9 1107 32
12 14 10 1139 16
16 14 0 1141 21
14 11 13 1129 40
14 12 10 1169 12
4 13 12 1102 15
6 14 7 1074 33
5 13 12 1117 13
5 14 0 1162 25
19 13 2 1161 22
14 13 6 1181 23
1 14 4 1107 28
13 13 9 1139 33
19 14 10 1183 17
14 14 7 1204 27
4 14 4 1135 18
13 14 3 1172 27
