3 0 14 0 22
8 0 8 0 20
15 0 8 20 38
13 0 8 58 20
5 0 10 0 23
2 0 3 0 25
4 0 12 0 32
6 0 6 0 39
9 0 1 0 18
17 0 11 0 18
16 0 14 22 20
2 1 8 78 17
19 0 2 0 12
18 0 11 18 11
14 0 8 95 31
19 1 12 32 25
7 0 11 29 11
2 2 11 95 24
12 0 14 42 16
8 1 6 39 17
12 1 13 58 16
15 1 12 58 17
8 2 5 56 26
2 3 13 119 40
6 1 8 126 38
2 4 10 159 32
7 1 13 159 24
10 0 11 119 19
0 0 0 0 19
8 3 3 82 34
1 0 9 0 11
19 2 5 82 23
16 1 3 116 16
0 1 9 19 33
18 1 2 29 11
7 2 10 191 38
3 1 3 132 36
15 2 3 168 14
5 1 12 75 38
14 1 0 126 17
6 2 0 164 15
18 2 12 113 22
11 0 6 56 32
15 3 13 183 17
9 1 7 18 37
0 2 2 52 32
19 3 8 164 21
19 4 6 185 27
7 3 8 229 15
8 4 9 116 23
16 2 0 179 33
18 3 9 139 35
14 2 9 174 13
19 5 9 212 30
7 4 9 244 19
2 5 14 191 16
7 5 14 263 13
5 2 8 244 11
1 1 10 229 22
11 1 3 182 22
7 6 5 276 30
12 2 1 74 37
13 1 10 251 24
19 6 14 276 23
18 4 14 299 20
5 3 14 319 27
1 2 14 346 19
1 3 5 365 12
12 3 8 255 25
17 1 3 204 37
17 2 14 365 16
18 5 7 319 31
14 3 1 187 21
11 2 12 204 24
18 6 4 350 19
2 6 5 377 39
11 3 5 416 13
17 3 6 381 15
10 1 0 212 22
0 3 13 200 18
6 3 12 228 27
0 4 10 275 39
4 1 14 381 15
14 4 10 314 17
12 4 2 280 26
14 5 7 350 19
1 4 4 377 25
16 3 10 331 14
13 2 11 275 27
5 4 9 346 11
11 4 4 429 13
4 2 1 396 35
11 5 1 442 11
15 4 4 442 12
0 5 8 314 34
3 2 2 306 34
10 2 13 234 36
15 5 1 454 35
13 3 9 357 38
16 4 5 429 27
19 7 11 302 39
7 7 0 306 26
7 8 2 340 29
12 5 3 306 11
7 9 6 396 33
1 5 6 429 38
9 2 14 396 27
14 6 13 369 14
9 3 9 423 40
9 4 5 463 40
17 4 8 396 14
3 3 12 340 17
4 3 7 431 13
13 4 5 503 34
10 3 6 467 18
1 6 0 467 29
13 5 12 537 39
13 6 7 576 33
4 4 8 444 32
3 4 4 454 30
2 7 9 463 19
10 4 5 537 22
17 5 12 576 11
10 5 3 559 17
1 7 7 609 39
15 6 6 489 35
8 5 0 496 16
5 5 6 524 25
8 6 2 512 18
4 5 11 476 23
19 8 3 576 26
10 6 14 576 35
3 5 13 484 12
4 6 6 549 22
16 5 7 648 31
14 7 3 602 40
15 7 0 524 19
1 8 13 648 19
12 6 9 482 34
6 4 10 345 22
6 5 9 516 27
5 6 5 559 14
14 8 5 642 32
10 7 10 611 34
15 8 10 645 36
11 6 0 543 11
1 9 11 667 22
11 7 13 667 25
5 7 4 573 12
5 8 2 585 27
2 8 0 554 24
14 9 11 689 25
4 7 4 585 21
17 6 13 692 32
17 7 5 724 12
15 9 7 681 19
10 8 7 700 23
9 5 6 571 17
2 9 1 578 39
6 6 2 612 32
11 8 8 692 13
4 8 0 606 38
9 6 8 705 22
17 8 1 736 11
1 10 1 747 23
17 9 10 747 29
13 7 4 609 37
11 9 2 705 15
6 7 4 646 40
3 6 1 770 13
10 9 8 727 19
3 7 6 783 25
16 6 8 746 16
18 7 3 642 39
14 10 2 720 34
4 9 2 754 38
2 10 4 686 17
7 10 12 587 21
13 8 2 792 31
8 7 4 703 35
10 10 2 823 29
10 11 1 852 22
6 8 3 686 12
6 9 13 724 20
11 10 10 776 33
9 7 3 727 17
13 9 13 823 15
14 11 14 754 23
19 9 13 838 34
6 10 14 777 21
15 10 9 700 29
8 8 12 738 24
14 12 6 808 13
15 11 2 852 31
19 10 7 872 17
12 7 4 738 14
3 8 9 808 12
16 7 6 821 31
3 9 7 889 18
13 10 14 838 34
18 8 5 736 28
9 8 10 809 30
0 6 6 852 25
17 10 7 907 19
12 8 0 752 20
17 11 4 926 12
1 11 3 770 20
8 9 10 839 16
6 11 11 798 22
11 11 11 820 17
0 7 4 938 36
8 10 11 855 26
5 9 11 881 26
7 11 1 874 15
6 12 5 820 17
18 9 6 877 33
3 10 10 907 31
7 12 3 889 21
19 11 1 889 24
4 10 3 910 40
14 13 12 821 40
17 12 9 938 18
2 11 2 883 35
6 13 7 926 38
9 9 0 839 38
4 11 10 950 31
18 10 10 981 34
16 8 12 861 28
13 11 3 950 33
0 8 11 974 40
13 12 6 983 26
8 11 7 964 12
11 12 14 872 16
12 9 6 1009 36
16 9 9 956 37
7 13 4 974 28
16 10 4 1002 37
8 12 14 976 13
9 10 4 1039 21
19 12 4 1060 12
0 9 12 1014 33
0 10 1 1047 31
5 10 7 976 29
3 11 0 938 39
5 11 3 1005 28
18 11 1 1078 38
15 12 5 883 26
9 11 12 1060 32
9 12 11 1092 24
17 13 2 956 26
4 12 5 981 11
2 12 7 1005 38
1 12 2 982 40
14 14 4 1072 26
12 10 12 1092 12
1 13 12 1104 19
0 11 14 1078 30
1 14 8 1123 26
12 11 5 1104 29
18 12 0 1116 20
0 12 3 1108 34
15 13 11 1116 35
4 13 13 992 37
19 13 0 1136 19
7 14 7 1043 33
9 13 13 1116 24
10 12 12 1123 17
6 14 1 1116 27
4 14 9 1029 16
19 14 10 1155 36
18 13 13 1140 17
5 12 13 1157 21
10 13 4 1140 33
3 12 5 1133 40
2 13 6 1045 20
16 11 2 1039 29
10 14 9 1173 39
0 13 5 1173 26
12 12 10 1191 25
16 12 11 1151 38
11 13 9 1212 38
18 14 8 1157 28
8 13 13 1178 27
0 14 7 1199 13
13 13 1 1143 36
3 13 8 1185 26
12 13 7 1216 32
8 14 1 1205 19
3 14 11 1211 37
17 14 0 1155 39
12 14 11 1248 12
16 13 1 1224 30
13 14 0 1194 14
11 14 7 1250 24
5 13 0 1208 20
2 14 12 1140 31
9 14 2 1140 30
15 14 14 1151 37
16 14 13 1254 36
5 14 1 1254 30
