1 0 1 0 35
15 0 8 0 15
10 0 13 0 25
7 0 2 0 16
19 0 1 35 36
4 0 2 16 35
6 0 13 25 25
10 1 0 25 22
11 0 14 0 34
1 1 5 35 31
8 0 2 51 17
13 0 5 66 22
4 1 3 51 15
4 2 12 66 31
9 0 4 0 27
16 0 1 71 15
18 0 14 34 26
9 1 9 27 37
14 0 5 88 27
8 1 10 68 16
19 1 7 71 34
5 0 5 115 33
1 2 0 66 13
14 1 3 115 26
18 1 11 60 31
11 1 10 84 15
8 2 14 84 20
18 2 5 148 35
2 0 0 79 30
17 0 7 105 36
1 3 3 141 26
3 0 7 141 40
3 1 5 183 18
13 1 14 104 15
2 1 4 109 35
9 2 3 167 40
4 3 11 97 28
14 2 10 141 28
15 1 5 201 28
5 1 3 207 33
18 3 2 183 38
3 2 4 201 12
2 2 2 221 40
17 1 5 229 33
12 0 6 0 12
14 3 6 169 37
2 3 10 261 35
19 2 11 125 33
12 1 12 97 27
19 3 8 158 17
4 4 6 206 32
18 4 13 221 19
4 5 4 238 30
0 0 6 238 14
2 4 6 296 30
10 2 3 240 27
10 3 8 267 14
7 1 12 124 33
11 2 0 109 22
14 4 4 268 18
16 1 4 286 13
12 2 4 299 17
16 2 8 299 37
11 3 3 267 29
6 1 0 131 32
2 5 14 326 23
5 2 6 326 19
2 6 8 349 29
13 2 0 163 16
2 7 13 378 37
17 2 13 415 28
5 3 12 345 40
7 2 9 157 34
4 6 10 296 27
8 3 6 345 24
2 8 7 415 38
13 3 8 378 32
15 2 9 229 25
0 1 5 262 21
19 4 14 349 38
18 5 10 323 35
14 5 12 385 12
6 2 11 163 33
2 9 3 453 40
1 4 6 369 14
6 3 12 397 18
18 6 4 358 27
16 3 3 493 14
6 4 4 415 32
15 3 6 383 32
9 3 11 207 14
18 7 8 410 29
1 5 9 383 17
19 5 6 415 39
19 6 5 454 16
6 5 6 454 28
5 4 10 385 19
16 4 10 507 22
2 10 9 493 26
11 4 13 443 34
0 2 8 439 13
8 4 8 452 26
10 4 5 470 25
9 4 13 477 25
15 4 1 415 13
2 11 12 519 11
14 6 11 397 11
6 6 5 495 15
2 12 1 530 40
5 5 0 404 33
0 3 4 452 11
8 5 3 507 36
14 7 13 502 26
4 7 7 453 29
7 3 11 408 30
16 5 5 529 24
10 5 6 495 20
18 8 3 543 39
13 4 7 482 20
11 5 6 515 40
12 3 2 316 24
15 5 7 502 38
1 6 7 540 38
18 9 9 582 13
1 7 12 578 20
5 6 13 528 26
0 4 1 570 11
12 4 8 478 11
18 10 6 595 14
15 6 11 540 11
10 6 14 515 18
7 4 13 554 40
3 3 8 489 23
17 3 9 595 20
3 4 0 512 23
2 13 11 570 36
15 7 2 551 34
14 8 7 578 27
10 7 7 605 14
18 11 7 619 26
3 5 9 615 14
11 6 7 645 17
7 5 8 594 12
10 8 1 619 19
8 6 12 598 22
10 9 2 638 17
12 5 5 553 19
7 6 14 606 26
0 5 14 632 35
1 8 10 598 19
8 7 0 620 14
2 14 5 606 17
7 7 5 632 26
11 7 2 662 32
8 8 13 634 11
8 9 9 645 20
4 8 0 634 38
16 6 12 620 26
12 6 14 667 11
5 7 2 694 31
19 7 3 582 27
9 5 7 662 30
3 6 13 645 16
3 7 12 661 14
11 8 12 694 20
13 5 4 502 22
11 9 5 714 39
15 8 4 585 25
9 6 0 692 34
3 8 10 675 23
4 9 13 672 11
10 10 4 655 27
11 10 4 753 31
16 7 7 692 22
5 8 11 725 28
13 6 9 665 11
0 6 13 683 20
11 11 11 784 16
8 10 7 714 23
4 10 1 683 23
5 9 7 753 36
10 11 9 682 22
19 8 13 703 29
16 8 9 714 34
14 9 9 748 40
6 7 3 609 35
12 7 3 678 17
19 9 2 732 16
1 9 13 732 12
17 4 10 698 30
3 9 3 698 12
7 8 6 658 15
7 9 3 710 21
11 12 1 800 37
15 9 0 726 20
17 5 4 784 33
12 8 9 788 25
17 6 14 817 29
3 10 6 710 16
13 7 13 744 19
12 9 1 837 11
5 10 4 817 38
1 10 8 744 16
7 10 1 848 40
13 8 1 888 30
17 7 0 846 34
8 11 1 918 29
0 7 11 800 17
3 11 14 846 32
16 9 14 878 22
9 7 2 748 11
10 12 12 714 22
5 11 1 947 21
14 10 14 900 19
16 10 11 900 19
1 11 4 855 34
14 11 1 968 24
7 11 4 889 32
10 13 11 919 27
13 9 12 918 33
0 8 10 817 18
12 10 11 946 31
7 12 0 921 14
16 11 13 919 32
14 12 2 992 18
14 13 0 1010 12
17 8 3 880 22
15 10 10 835 32
3 12 1 992 40
6 8 9 813 14
17 9 11 977 12
0 9 12 951 11
12 11 13 977 33
17 10 6 989 30
11 13 8 837 33
7 13 7 935 30
0 10 2 1010 23
12 12 7 1010 31
6 9 2 1033 34
3 13 11 1032 25
9 8 5 759 15
10 14 10 946 21
19 10 0 1022 16
9 9 12 962 32
14 14 8 1022 34
7 14 10 967 35
19 11 4 1038 19
1 12 11 1057 15
9 10 1 1032 36
4 11 14 919 17
15 11 3 902 23
13 10 6 1019 29
19 12 9 1057 40
8 12 11 1072 23
9 11 10 1068 12
4 12 5 936 27
0 11 3 1033 13
9 12 14 1080 28
18 12 0 1038 17
18 13 1 1068 22
5 12 14 1108 25
18 14 12 1090 15
17 11 8 1056 12
17 12 1 1090 35
19 13 12 1105 35
15 12 12 1140 14
3 14 2 1067 29
6 10 7 1067 23
13 11 11 1095 18
0 12 0 1055 15
16 12 0 1070 29
9 13 8 1108 31
4 13 9 1097 37
17 13 2 1125 13
1 13 14 1133 12
13 12 3 1113 34
5 13 9 1134 40
16 13 2 1138 13
19 14 10 1140 39
1 14 2 1151 14
6 11 10 1179 32
12 13 10 1211 12
13 13 10 1223 32
9 14 6 1139 23
0 13 7 1090 11
11 14 9 1174 13
6 12 1 1211 17
15 13 14 1154 16
6 13 14 1228 26
0 14 9 1187 35
8 13 4 1095 15
8 14 5 1110 40
16 14 6 1162 35
4 14 8 1139 29
6 14 8 1254 19
13 14 2 1255 18
15 14 13 1170 20
17 14 12 1154 35
5 14 8 1273 35
12 14 0 1223 22
