8 0 0 0 76
7 0 2 0 31
8 1 1 76 69
1 0 0 76 43
5 0 2 31 84
6 0 1 145 46
3 0 1 191 81
9 0 1 272 85
9 1 0 357 13
3 1 2 272 95
9 2 2 370 61
8 2 3 145 76
8 3 5 221 51
3 2 0 370 71
1 1 2 431 90
9 3 6 431 7
1 2 4 521 75
2 0 1 357 91
9 4 8 438 64
5 1 1 448 2
6 1 0 441 37
2 1 0 478 85
7 1 0 563 86
3 3 4 596 99
6 2 3 478 61
2 2 3 563 39
4 0 2 521 14
8 4 2 535 85
8 5 9 620 11
4 1 0 649 6
5 2 5 450 52
4 2 1 655 22
0 0 0 655 29
0 1 1 684 78
1 3 9 631 11
2 3 2 620 74
4 3 5 677 61
7 2 1 762 46
3 4 6 695 9
5 3 3 602 95
4 4 3 738 26
6 3 2 694 13
2 4 8 694 90
9 5 9 642 76
9 6 5 738 47
6 4 6 707 32
0 2 2 762 9
6 5 5 785 21
7 3 5 808 74
2 5 5 882 10
7 4 4 882 32
9 7 3 785 52
5 4 8 784 48
6 6 9 806 32
0 3 3 837 36
5 5 9 838 72
0 4 4 914 49
4 5 4 963 69
0 5 5 963 11
7 5 6 914 88
4 6 8 1032 21
3 5 8 1053 52
5 6 0 910 47
0 6 6 1002 62
1 4 3 873 69
8 6 6 1064 40
8 7 7 1104 89
7 6 8 1105 19
4 7 7 1193 49
6 7 8 1124 89
3 6 7 1242 85
1 5 1 942 28
6 8 7 1327 30
7 7 9 1124 48
0 7 7 1357 56
1 6 6 1104 46
1 7 5 1150 46
2 6 7 1413 12
1 8 7 1425 72
2 7 6 1425 89
1 9 8 1497 30
4 8 9 1242 72
7 8 7 1497 36
0 8 8 1527 44
0 9 9 1571 21
9 8 4 1032 90
3 7 3 1327 98
7 9 3 1533 79
2 8 9 1592 45
3 8 9 1637 22
5 7 6 1514 65
4 9 6 1579 53
5 8 4 1579 6
9 9 7 1533 45
8 8 4 1585 26
2 9 4 1637 33
3 9 5 1659 43
8 9 8 1611 74
6 9 4 1670 55
5 9 7 1585 25
