13 0 2 0 95
11 0 2 95 90
16 0 0 0 37
19 0 0 37 13
10 0 1 0 78
8 0 0 50 76
13 1 0 126 99
10 1 3 78 36
0 0 0 225 29
15 0 1 78 2
14 0 0 254 6
3 0 1 80 81
19 1 1 161 7
13 2 1 225 52
2 0 1 277 91
5 0 2 185 84
4 0 2 269 14
17 0 0 260 86
8 1 3 126 76
10 2 0 346 11
13 3 3 277 98
12 0 0 357 85
0 1 1 368 9
18 0 1 377 69
16 1 2 283 13
11 1 0 442 11
16 2 1 446 21
1 0 0 453 43
15 1 0 496 95
1 1 1 496 75
19 2 2 296 76
0 2 2 377 49
11 2 1 571 28
6 0 1 599 46
10 3 4 357 56
18 1 2 446 51
8 2 2 497 85
9 0 1 645 85
12 1 2 582 74
2 1 0 591 39
6 1 0 645 61
17 1 1 730 74
7 0 2 656 31
5 1 1 804 52
5 2 4 856 48
9 1 2 730 61
1 2 3 571 69
4 1 1 856 22
15 2 3 640 72
17 2 4 904 88
7 1 1 878 46
18 2 0 706 11
12 2 1 924 10
12 3 3 934 89
7 2 0 924 32
14 1 1 934 61
11 3 3 1023 46
4 2 0 956 26
6 2 2 791 32
11 4 4 1069 30
18 3 3 1069 89
14 2 4 1099 69
19 3 3 1158 52
3 1 0 982 71
4 3 3 1210 21
8 3 1 995 40
18 4 4 1168 74
0 3 3 1231 62
6 3 3 1293 32
9 2 0 1053 64
13 4 4 1242 43
14 3 2 1168 49
12 4 4 1285 33
3 2 4 1318 9
2 2 2 1217 90
15 3 4 1327 65
2 3 4 1392 12
17 3 2 1307 48
8 4 4 1404 26
0 4 4 1430 44
2 4 3 1404 45
9 3 3 1449 47
1 3 2 1355 46
4 4 4 1474 72
6 4 4 1546 30
5 3 0 1117 47
9 4 4 1576 90
5 4 3 1496 6
7 3 3 1502 19
10 4 2 1401 21
19 4 4 1666 45
16 3 3 1521 89
14 4 3 1610 53
15 4 2 1422 25
3 3 2 1447 85
3 4 3 1663 22
1 4 4 1711 72
7 4 4 1783 36
17 4 3 1685 79
16 4 4 1819 55
