2 0 3 0 39
9 0 4 0 77
8 0 3 39 17
9 1 3 77 79
8 1 1 56 49
7 0 2 0 38
4 0 0 0 83
6 0 3 156 69
7 1 0 83 60
8 2 4 105 25
6 1 4 225 77
8 3 0 143 44
1 0 0 187 21
1 1 3 225 52
4 1 3 277 34
3 0 1 105 77
2 1 4 302 98
1 2 4 400 16
5 0 1 182 54
0 0 1 236 21
2 2 1 400 42
9 2 2 156 43
2 3 2 442 31
5 1 2 473 43
7 2 1 442 41
0 1 0 257 53
9 3 1 483 75
6 2 1 558 87
1 3 2 516 26
1 4 1 645 71
0 2 4 416 95
4 2 2 542 64
7 3 3 483 24
6 3 2 645 87
0 3 3 511 55
0 4 2 732 34
9 4 0 558 96
4 3 1 716 19
8 4 2 766 98
5 2 4 516 79
3 1 0 654 55
7 4 4 595 83
2 4 0 709 12
3 2 4 709 79
5 3 0 721 92
6 4 0 813 93
4 4 4 788 37
5 4 3 813 62
3 3 2 864 66
3 4 3 930 77
