6 0 4 0 28
3 0 2 0 86
0 0 0 0 20
2 0 1 0 72
3 1 1 86 76
4 0 4 28 27
6 1 1 162 12
8 0 4 55 14
1 0 4 69 25
0 1 3 20 87
7 0 1 174 63
7 1 0 237 94
1 1 2 94 32
6 2 3 174 19
8 1 0 331 75
4 1 0 406 42
9 0 4 94 72
4 2 3 448 48
3 2 4 166 97
1 2 0 448 24
0 2 1 237 31
2 1 2 126 23
5 0 1 268 67
5 1 0 472 98
5 2 4 570 48
2 2 4 618 28
7 2 2 331 98
8 2 2 429 50
1 3 1 472 18
0 3 4 646 76
7 3 3 496 50
6 3 0 570 80
8 3 1 490 41
4 3 2 496 17
2 3 0 650 58
9 1 2 513 18
6 4 2 650 50
9 2 1 531 37
7 4 4 722 80
3 3 0 708 45
9 3 3 568 79
5 3 3 647 27
8 4 3 674 55
0 4 2 722 17
1 4 3 729 81
2 4 3 810 99
4 4 1 568 46
9 4 0 753 61
3 4 3 909 90
5 4 2 739 62
