8 0 4 0 56
5 0 4 56 81
2 0 2 0 38
0 0 1 0 23
1 0 2 38 21
7 0 4 137 24
6 0 3 0 33
5 1 0 137 79
9 0 4 161 40
9 1 1 201 83
2 1 3 38 54
4 0 4 201 57
3 0 4 258 37
0 1 2 59 45
2 2 4 295 16
4 1 0 258 81
9 2 0 339 19
7 1 1 284 84
8 1 0 358 7
0 2 0 365 82
7 2 0 447 32
6 1 2 104 20
4 2 1 368 61
6 2 0 479 91
7 3 2 479 55
7 4 3 534 8
0 3 4 447 84
4 3 3 542 68
1 1 1 429 29
1 2 0 570 18
5 2 1 458 89
3 1 0 588 54
9 3 2 534 8
8 2 3 610 54
2 3 0 642 52
3 2 2 642 74
6 3 4 570 20
4 4 2 716 30
6 4 1 590 66
3 3 1 716 62
5 3 2 746 89
8 3 2 835 64
1 3 4 590 41
0 4 3 664 38
2 4 1 778 52
8 4 1 899 39
3 4 3 778 57
5 4 3 835 11
1 4 3 846 50
9 4 3 896 7
