5 0 3 0 77
6 0 2 0 74
4 0 1 0 45
8 0 2 74 61
2 0 1 45 14
3 0 2 135 95
3 1 4 230 66
8 1 4 296 9
7 0 1 59 88
2 1 0 59 75
0 0 0 134 12
3 2 0 296 7
7 1 3 147 69
2 2 3 216 13
9 0 2 230 54
5 1 2 284 20
0 1 2 304 94
0 2 3 398 92
1 0 1 147 19
5 2 0 304 76
4 1 3 490 6
8 2 0 380 62
1 1 3 496 11
5 3 4 380 88
4 2 4 496 89
6 1 1 166 88
0 3 4 585 91
5 4 1 468 53
2 3 4 676 16
3 3 3 507 7
2 4 2 692 20
1 2 4 692 66
9 1 4 758 5
4 3 0 585 15
3 4 1 521 77
6 2 0 600 52
6 3 3 652 27
0 4 1 676 7
8 3 1 683 52
4 4 2 712 34
6 4 4 763 9
7 2 0 652 62
1 3 2 758 21
9 2 3 763 59
1 4 0 779 87
9 3 1 822 15
7 3 4 772 98
9 4 0 866 88
7 4 2 870 52
8 4 3 822 90
