1 0 4 0 5
9 0 2 0 65
7 0 4 5 12
9 1 3 65 17
3 0 0 0 59
2 0 1 0 46
4 0 4 17 23
5 0 3 82 28
9 2 0 82 90
5 1 0 172 45
4 1 2 65 73
2 1 3 110 20
1 1 3 130 35
3 1 3 165 19
5 2 4 217 5
3 2 4 222 46
6 0 0 217 53
0 0 1 46 72
6 1 3 270 71
9 3 4 268 27
1 2 0 270 48
9 4 1 295 23
6 2 1 341 37
0 1 0 318 87
4 2 3 341 25
5 3 1 378 78
8 0 2 138 49
2 2 2 187 21
7 1 2 208 87
8 1 3 366 83
0 2 4 405 95
1 3 2 318 39
3 3 1 456 34
1 4 1 490 54
7 2 3 449 33
4 3 1 544 24
8 2 1 568 40
7 3 1 608 55
2 3 0 405 97
0 3 2 500 66
6 3 4 500 29
5 4 2 566 83
3 4 2 649 37
0 4 3 566 60
4 4 0 568 28
8 3 0 608 48
7 4 0 663 38
2 4 4 529 55
6 4 2 686 12
8 4 4 656 7
