12 0 4 0 59
5 0 2 0 43
10 0 4 59 28
11 0 0 0 61
0 0 1 0 21
12 1 3 59 16
8 0 2 43 98
8 1 3 141 17
0 1 2 141 34
7 0 0 61 60
1 0 3 158 52
10 1 2 175 35
0 2 4 175 95
5 1 1 43 54
7 1 1 121 41
3 0 3 210 77
4 0 4 270 37
14 0 0 121 87
8 2 4 307 25
7 2 2 210 38
1 1 4 332 16
9 0 0 208 96
10 2 0 304 95
0 3 0 399 53
4 1 3 307 34
13 0 4 348 43
13 1 1 391 52
11 1 4 391 10
7 3 4 401 83
4 2 2 341 64
11 2 2 405 95
11 3 1 500 9
13 2 0 452 28
5 2 0 480 92
2 0 2 500 31
2 1 0 572 12
3 1 1 509 77
6 0 0 584 93
4 3 1 586 19
6 1 3 677 69
13 3 2 531 27
10 3 3 746 76
9 1 4 484 77
12 2 1 605 91
9 2 3 822 79
9 3 1 901 75
0 4 3 901 55
6 2 1 976 87
14 1 1 1063 45
8 3 0 677 44
3 2 4 586 79
1 2 1 1108 71
9 4 2 976 43
3 3 0 721 55
5 3 3 956 62
6 3 4 1063 77
6 4 2 1140 87
2 2 1 1179 42
4 4 0 776 83
7 4 3 1018 24
1 3 2 1227 26
5 4 4 1140 79
2 3 3 1221 39
14 2 2 1253 39
12 3 2 1292 59
14 3 4 1292 9
13 4 3 1260 50
3 4 2 1351 66
14 4 3 1310 41
2 4 4 1301 98
10 4 1 1221 7
8 4 1 1228 49
1 4 0 1253 21
12 4 0 1351 46
11 4 3 1351 35
