9 0 4 0 15
8 0 4 15 56
11 0 3 0 50
9 1 0 15 20
10 0 4 71 84
12 0 4 155 16
7 0 2 0 57
0 0 0 35 47
7 1 3 57 32
5 0 1 0 15
2 0 3 89 32
4 0 3 121 29
3 0 0 82 44
7 2 4 171 87
13 0 4 258 37
11 1 2 57 21
6 0 2 78 58
6 1 1 136 39
0 1 4 295 57
2 1 0 126 33
8 1 0 159 84
7 3 0 258 63
12 1 1 175 52
10 1 0 321 82
14 0 4 352 57
6 2 0 403 57
5 1 2 136 40
4 1 1 227 44
1 0 0 460 75
0 2 1 352 71
12 2 0 535 52
5 2 0 587 97
0 3 3 423 96
9 2 1 423 67
12 3 2 587 38
11 2 0 684 18
6 3 4 460 20
11 3 4 702 41
1 1 1 535 60
14 1 1 595 61
13 1 0 702 54
4 2 0 756 62
14 2 0 818 81
13 2 3 756 57
2 2 2 625 69
1 2 4 743 22
8 2 2 694 90
1 3 3 813 79
2 3 1 694 31
9 3 3 892 30
5 3 4 765 38
3 1 1 725 34
2 4 4 803 58
11 4 1 759 29
7 4 1 788 21
0 4 2 784 14
3 2 4 861 51
13 3 2 813 74
8 3 1 809 85
3 3 3 922 58
3 4 2 980 47
12 4 3 980 54
6 4 3 1034 50
9 4 2 1027 70
10 2 1 894 23
5 4 3 1084 66
4 3 2 1097 17
1 4 2 1114 65
8 4 3 1150 61
14 3 2 1179 30
14 4 3 1211 68
10 3 2 1209 45
10 4 3 1279 38
4 4 4 1114 8
13 4 1 917 62
