13 0 3 0 30
3 0 2 0 95
3 1 4 95 66
11 0 0 0 38
12 0 0 38 45
14 0 2 95 95
13 1 1 30 66
0 0 3 30 92
9 0 4 161 5
11 1 4 166 72
1 0 2 190 21
4 0 2 211 34
13 2 0 96 23
12 1 3 122 95
7 0 3 217 69
4 1 4 245 89
1 1 1 211 19
9 1 2 245 54
6 0 4 334 9
0 1 2 299 94
11 2 2 393 91
1 2 0 230 87
2 0 1 230 14
8 0 3 286 90
8 1 0 376 62
0 2 0 438 12
2 1 3 376 13
9 2 3 389 59
2 2 0 450 75
10 0 0 525 41
6 1 3 448 27
5 0 4 343 88
7 1 2 484 52
13 3 4 431 36
5 1 3 475 77
14 1 0 566 71
8 2 4 467 9
12 2 4 476 52
6 2 0 637 52
7 2 0 689 62
5 2 2 552 20
14 2 3 637 76
9 3 0 751 88
6 3 1 689 88
1 3 3 713 11
0 3 4 528 91
10 1 1 777 50
12 3 2 572 25
12 4 1 827 6
14 3 1 833 8
13 4 2 597 17
3 2 0 839 7
10 2 4 827 78
9 4 1 841 15
3 3 1 856 77
8 3 2 614 61
2 3 4 905 16
4 2 3 724 6
14 4 4 921 88
11 3 3 730 68
5 3 1 933 53
2 4 2 921 20
8 4 1 986 52
0 4 1 1038 7
10 3 3 905 53
10 4 2 958 23
7 3 1 1045 88
4 3 1 1133 45
5 4 0 986 76
4 4 0 1178 15
3 4 3 958 7
6 4 2 981 74
1 4 4 1009 66
7 4 4 1133 98
11 4 1 1178 71
