8 0 2 0 95
8 1 4 95 46
9 0 2 95 43
4 0 0 0 84
9 1 4 141 85
14 0 0 84 37
2 0 4 226 88
11 0 1 0 17
13 0 3 0 57
5 0 0 121 63
14 1 1 121 85
14 2 2 206 17
7 0 2 223 67
11 1 0 184 23
12 0 4 314 40
10 0 4 354 49
3 0 0 207 14
4 1 4 403 64
0 0 1 206 66
6 0 3 57 10
9 2 3 226 32
6 1 2 290 17
4 2 2 467 41
1 0 3 258 59
13 1 1 272 9
6 2 4 467 73
5 1 3 317 28
12 1 3 354 73
8 2 0 221 59
12 2 0 427 73
10 1 3 427 41
2 1 3 468 80
0 1 3 548 85
1 1 1 317 64
9 3 1 381 85
14 3 4 540 79
12 3 1 500 98
2 2 1 598 73
8 3 1 671 65
14 4 3 633 41
13 2 2 508 7
4 3 3 674 84
3 1 1 736 67
1 2 2 515 46
5 2 1 803 46
13 3 0 515 13
12 4 2 598 68
1 3 4 619 13
1 4 0 632 25
2 3 2 671 53
10 2 2 724 61
3 2 2 803 57
11 2 3 758 70
11 3 4 828 99
9 4 0 657 60
0 2 2 860 84
10 3 0 785 66
7 1 1 849 97
0 3 0 944 62
2 4 0 1006 41
6 3 1 946 11
7 2 3 946 95
5 3 2 944 26
5 4 4 970 52
4 4 1 957 78
3 3 3 1041 74
8 4 3 1115 93
6 4 0 1047 64
13 4 4 1022 98
11 4 2 970 49
10 4 1 1035 90
7 3 4 1120 38
0 4 4 1158 19
3 4 4 1177 47
7 4 0 1158 85
