1 0 1 0 89
7 0 2 0 62
7 1 3 62 47
2 0 0 0 77
10 0 0 77 52
6 0 1 89 91
9 0 2 62 67
7 2 1 180 72
14 0 3 109 76
13 0 1 252 87
4 0 2 129 48
8 0 0 129 64
3 0 3 185 57
1 1 0 193 97
10 1 4 129 93
9 1 4 222 20
2 1 1 339 87
3 1 1 426 21
2 2 2 426 81
1 2 4 290 96
6 1 4 386 75
13 1 2 507 56
3 2 2 563 31
12 0 3 242 27
0 0 1 447 58
10 2 3 269 68
5 0 3 337 34
9 2 3 371 15
14 1 2 594 36
6 2 0 461 55
6 3 2 630 17
10 3 2 647 29
11 0 2 676 70
13 2 4 563 36
14 2 0 630 36
0 1 2 746 44
13 3 0 666 26
5 1 4 599 82
7 3 4 681 35
12 1 2 790 82
1 3 3 386 77
11 1 0 746 58
7 4 0 804 11
8 1 3 463 75
3 3 0 815 15
9 3 0 830 12
12 2 1 872 63
8 2 4 716 50
2 3 4 766 39
12 3 4 935 6
1 4 2 872 84
5 2 2 956 80
4 1 0 842 40
12 4 0 941 95
14 3 4 941 15
6 4 3 647 7
9 4 1 935 71
8 3 1 1006 90
0 2 3 790 5
4 2 1 1096 49
11 2 1 1145 93
4 3 3 1145 70
0 3 0 1036 9
2 4 3 1215 85
0 4 4 1045 58
14 4 1 1238 8
8 4 2 1096 94
11 3 4 1238 7
13 4 3 1300 48
5 3 0 1045 10
3 4 4 1245 73
10 4 1 1246 57
11 4 3 1348 77
5 4 1 1303 22
4 4 4 1318 71
