3 0 2 0 66
13 0 2 66 27
14 0 4 0 9
3 1 3 66 77
1 0 0 0 21
17 0 1 0 89
1 1 3 143 52
11 0 4 9 10
9 0 0 21 96
10 0 0 117 95
5 0 4 19 79
13 1 1 93 52
4 0 0 212 83
19 0 4 98 81
12 0 1 145 91
16 0 4 179 33
13 2 4 212 43
4 1 4 295 37
2 0 0 295 12
13 3 0 307 28
2 1 1 307 42
15 0 1 349 54
6 0 0 335 93
14 1 0 428 87
1 2 1 403 71
7 0 4 332 83
7 1 3 415 24
6 1 4 428 77
19 1 2 179 45
18 0 4 505 84
14 2 3 515 41
17 1 0 515 33
16 1 1 474 28
6 2 2 505 87
18 1 0 589 69
11 1 2 592 95
9 1 1 502 75
0 0 2 687 34
19 2 1 577 78
10 1 3 556 76
18 2 2 721 94
5 1 2 815 43
11 2 0 687 61
9 2 2 858 43
18 3 1 815 74
1 3 4 589 16
2 2 2 901 31
12 1 2 932 59
17 2 2 991 8
8 0 4 605 25
3 2 4 630 79
10 2 1 889 7
6 3 1 896 87
15 1 0 748 20
13 4 3 632 50
0 1 1 983 21
0 2 0 1004 53
16 2 3 682 26
2 3 4 932 98
19 3 3 708 69
7 2 1 1004 41
15 2 4 1030 43
11 3 1 1045 9
2 4 3 1030 39
5 2 0 1057 92
7 3 2 1045 38
11 4 3 1069 35
4 2 3 1104 34
0 3 3 1138 55
17 3 3 1193 66
12 2 4 1073 59
5 3 3 1259 62
4 3 1 1138 19
12 3 0 1149 46
16 3 0 1195 78
12 4 3 1321 16
0 4 4 1193 95
10 3 4 1288 28
15 3 3 1337 14
6 4 3 1351 69
1 4 2 1083 26
8 1 1 1157 49
14 3 2 1109 39
18 4 3 1420 27
3 3 0 1273 55
9 3 4 1316 77
4 4 2 1157 64
3 4 1 1328 77
10 4 2 1316 35
15 4 2 1351 71
8 2 0 1328 44
7 4 0 1372 60
8 3 2 1422 98
5 4 1 1405 54
9 4 3 1447 79
8 4 3 1526 17
16 4 2 1520 37
17 4 4 1393 42
14 4 1 1459 45
19 4 0 1432 96
