8 0 0 0 7
16 0 2 0 62
19 0 2 62 18
16 1 1 62 36
1 0 3 0 50
7 0 3 50 8
7 1 4 58 24
19 1 4 82 23
8 1 2 80 64
12 0 1 98 80
3 0 1 178 62
5 0 1 240 89
9 0 0 7 19
4 0 3 58 68
0 0 1 329 23
19 2 3 126 15
15 0 3 141 26
7 2 2 144 55
6 0 1 352 66
14 0 1 418 15
18 0 2 199 64
0 1 0 352 82
6 1 0 434 91
2 0 4 105 16
11 0 1 433 42
14 1 3 433 79
10 0 0 525 63
18 1 4 263 64
13 0 2 263 39
5 1 2 329 89
10 1 2 588 64
0 2 4 434 84
4 1 1 475 61
13 1 4 518 22
15 1 2 652 43
5 2 3 512 11
18 2 0 588 89
0 3 2 695 45
17 0 1 536 33
8 2 1 569 39
18 3 1 677 96
11 1 3 523 61
3 1 3 584 57
3 2 4 641 37
14 2 4 678 8
11 2 4 686 15
9 1 4 701 40
5 3 0 677 79
2 1 3 641 54
6 2 3 695 33
17 1 3 728 18
19 3 1 773 38
12 1 0 756 26
3 3 2 740 74
1 1 4 741 41
9 2 3 746 7
6 3 4 782 20
4 2 2 814 30
1 2 1 811 29
10 2 3 753 91
8 3 4 802 56
17 2 0 782 22
0 4 3 844 38
19 4 0 811 8
17 3 4 858 5
7 3 0 819 32
7 4 1 851 84
1 3 0 851 18
10 3 4 863 40
12 2 3 882 75
8 4 3 957 54
11 3 2 844 98
15 2 0 869 80
13 2 0 949 75
9 3 2 942 8
13 3 3 1024 24
9 4 1 950 83
2 2 1 1033 52
15 3 4 949 22
16 2 0 1024 63
11 4 0 1087 74
14 3 0 1161 12
16 3 3 1087 96
12 3 4 971 6
17 4 2 950 10
2 3 2 1085 38
15 4 1 1085 61
2 4 0 1173 52
10 4 1 1146 6
16 4 4 1183 40
3 4 0 1225 54
12 4 2 1123 87
5 4 4 1223 81
1 4 2 1210 21
13 4 1 1152 44
18 4 3 1183 95
14 4 2 1231 20
4 3 0 1279 81
6 4 2 1251 20
4 4 4 1360 57
