8 0 0 0 48
13 0 2 0 57
14 0 2 57 41
15 0 4 0 52
8 1 1 48 40
0 0 3 0 60
19 0 0 48 60
1 0 1 88 54
10 0 0 108 62
6 0 3 60 71
9 0 0 170 90
19 1 1 142 85
3 0 2 98 37
18 0 3 131 93
8 2 2 135 49
0 1 0 260 87
8 3 3 224 83
19 2 2 227 43
3 1 0 347 59
10 1 3 307 85
2 0 3 392 20
5 0 1 227 78
6 1 1 305 37
14 1 4 98 64
18 1 1 342 65
16 0 1 407 11
0 2 1 418 72
11 0 3 412 59
18 2 2 407 95
13 1 4 162 47
4 0 2 502 73
0 3 4 490 95
17 0 4 585 38
1 1 0 406 48
7 0 4 623 12
12 0 2 575 53
6 2 2 628 12
12 1 1 628 73
12 2 3 701 80
10 2 1 701 66
15 1 3 781 28
2 1 1 767 46
12 3 4 781 88
11 1 2 640 46
13 2 0 454 14
16 1 0 468 64
10 3 2 767 84
5 1 3 809 28
14 2 3 837 84
12 4 0 869 41
16 2 3 921 10
3 2 3 931 19
6 3 4 869 29
3 3 1 950 34
18 3 0 910 59
9 1 4 898 27
6 4 0 969 53
5 2 2 851 83
2 2 0 1022 97
1 2 2 934 39
4 1 3 950 25
1 3 3 975 35
17 1 3 1010 95
8 4 4 925 7
7 1 3 1105 33
16 3 4 932 73
19 3 4 1005 85
7 2 1 1138 55
15 2 2 973 26
7 3 2 1193 87
10 4 4 1090 19
13 3 1 1193 67
13 4 3 1260 74
15 3 0 1119 63
4 2 1 1260 24
19 4 3 1334 32
17 2 0 1182 85
9 2 2 1280 65
7 4 0 1280 38
3 4 4 1109 46
17 3 1 1284 97
0 4 2 1345 66
9 3 3 1366 17
15 4 1 1381 46
5 3 0 1318 45
5 4 4 1363 5
4 3 0 1363 28
11 2 4 1368 13
18 4 4 1381 46
16 4 2 1411 17
14 3 1 1427 78
11 3 1 1505 64
9 4 1 1569 23
1 4 4 1427 5
17 4 2 1428 67
14 4 0 1505 84
11 4 0 1589 25
4 4 4 1432 23
2 3 2 1495 21
2 4 4 1516 55
