1 0 1 0 89
3 0 0 0 15
3 1 3 15 57
15 0 4 0 78
0 0 3 72 5
14 0 2 0 36
12 0 1 89 63
15 1 1 152 84
0 1 4 78 58
5 0 0 15 10
18 0 1 236 26
13 0 4 136 36
19 0 3 77 54
0 2 2 136 44
11 0 3 131 77
3 2 4 172 73
6 0 2 180 17
10 0 4 245 93
16 0 1 262 78
5 1 4 338 82
9 0 3 208 15
7 0 3 223 47
17 0 0 25 54
4 0 2 197 48
8 0 1 340 90
8 1 2 430 94
15 2 3 270 41
2 0 2 524 81
1 1 4 420 96
19 1 1 430 64
16 1 0 340 75
13 1 0 415 26
10 1 2 605 29
6 1 0 441 55
11 1 1 494 93
1 2 0 516 97
1 3 2 634 84
15 3 0 613 30
12 1 3 311 27
2 1 3 605 85
2 2 1 690 87
16 2 4 516 88
12 2 0 643 95
13 2 3 690 48
8 2 4 604 50
12 3 4 738 6
7 1 2 718 62
12 4 2 780 82
13 3 2 862 56
7 2 1 780 72
10 2 0 738 52
5 2 3 738 34
3 3 1 852 21
16 3 3 772 13
0 3 0 790 9
5 3 2 918 80
15 4 2 998 76
17 1 4 744 40
17 2 2 1074 13
11 2 0 799 58
10 3 1 873 57
9 1 2 1087 67
18 1 4 784 82
5 4 1 998 22
18 2 0 866 52
9 2 0 1154 12
10 4 3 930 68
13 4 1 1020 87
14 1 1 1107 8
6 2 1 1115 91
14 2 4 1115 15
9 3 4 1166 20
16 4 2 1154 81
7 3 4 1186 35
9 4 1 1206 71
6 3 4 1221 75
11 3 2 1235 70
2 3 4 1296 39
6 4 3 1296 7
11 4 4 1335 7
19 2 0 1166 54
4 1 4 1342 71
19 3 2 1305 32
19 4 4 1413 88
18 3 3 1303 6
14 3 3 1309 76
8 3 0 1220 64
4 2 3 1413 70
17 3 1 1277 82
14 4 0 1385 36
3 4 2 1337 31
0 4 1 1359 58
8 4 3 1483 75
4 3 0 1483 40
7 4 0 1523 11
18 4 2 1368 6
2 4 0 1534 77
4 4 1 1523 49
1 4 3 1558 77
17 4 3 1635 29
