15 0 1 0 81
7 0 0 0 80
5 0 0 80 89
12 0 0 169 28
13 0 0 197 70
14 0 1 81 95
18 0 0 267 21
15 1 2 81 92
19 0 1 176 82
0 0 0 288 6
10 0 0 294 45
0 1 2 294 40
6 0 4 0 59
12 1 2 334 73
7 1 2 407 56
5 1 4 169 29
8 0 4 198 56
5 2 1 258 83
18 1 1 341 84
14 1 0 339 59
12 2 1 425 98
3 0 2 463 21
16 0 1 523 7
0 2 1 530 81
13 1 3 267 86
19 1 2 484 33
1 0 2 517 40
13 2 2 557 27
3 1 4 484 65
15 2 4 549 32
4 0 2 584 85
0 3 3 611 37
10 1 1 611 29
14 2 4 581 56
2 0 1 640 46
10 2 2 669 8
18 2 2 677 61
3 2 0 549 64
4 1 0 669 40
17 0 3 648 45
13 3 1 686 99
5 3 3 693 31
7 2 1 785 77
10 3 4 677 77
7 3 4 862 41
11 0 2 738 36
16 1 4 903 22
16 2 2 925 12
17 1 0 709 93
18 3 3 738 68
19 2 4 925 71
2 1 4 996 65
17 2 2 937 69
2 2 2 1061 70
11 1 0 802 54
18 4 4 1061 26
1 1 3 806 32
11 2 3 856 96
14 3 3 952 85
19 3 0 996 99
9 0 1 862 40
5 4 2 1131 84
9 1 0 1095 88
10 4 3 1037 58
19 4 3 1095 44
9 2 4 1183 59
8 1 0 1183 91
16 3 0 1274 88
9 3 2 1242 7
2 3 3 1139 55
1 2 0 1362 55
17 3 4 1242 49
6 1 3 1194 38
8 2 3 1274 50
0 4 4 1291 19
4 2 1 902 44
4 3 3 1324 24
7 4 3 1348 97
8 3 2 1324 71
9 4 3 1445 80
6 2 1 1232 80
1 3 4 1417 81
13 4 4 1498 96
3 3 3 1525 25
6 3 2 1395 30
17 4 1 1312 27
4 4 4 1594 37
14 4 2 1425 41
15 3 0 1417 52
16 4 3 1550 60
8 4 1 1395 17
1 4 1 1498 9
6 4 0 1469 8
12 3 3 1610 92
2 4 0 1477 77
3 4 1 1550 15
11 3 1 1565 9
15 4 3 1702 39
11 4 4 1631 10
12 4 4 1702 87
