8 0 4 0 33
3 0 1 0 87
9 0 8 0 69
3 1 3 87 69
1 0 4 33 55
4 0 2 0 98
8 1 2 98 37
1 1 2 135 31
3 2 2 166 87
6 0 3 156 16
2 0 3 172 34
3 3 7 253 38
6 1 2 253 59
1 2 5 166 98
0 0 1 87 21
2 1 2 312 64
9 1 9 69 81
8 2 8 135 66
8 3 5 264 33
5 0 2 376 35
0 1 6 108 71
7 0 1 108 45
7 1 0 153 87
6 2 0 312 46
3 4 8 291 24
5 1 3 411 76
7 2 3 487 41
8 4 3 528 26
9 2 2 411 94
8 5 7 554 8
4 1 0 358 44
9 3 4 505 96
2 2 8 376 62
0 2 9 179 16
6 3 1 358 91
0 3 8 438 52
2 3 1 449 19
1 3 9 264 79
7 3 4 601 20
4 2 5 402 25
0 4 7 562 26
5 2 5 487 28
1 4 0 402 12
3 5 9 343 83
6 4 9 449 43
2 4 4 621 92
4 3 6 427 75
7 4 6 621 54
0 5 2 588 34
3 6 6 675 41
5 3 9 515 10
9 4 3 601 27
1 5 7 588 66
6 5 8 492 50
0 6 0 622 53
0 7 4 713 21
2 5 9 713 79
5 4 4 734 61
9 5 0 675 69
5 5 6 795 9
1 6 1 654 42
6 6 6 804 52
4 4 7 654 43
6 7 5 856 59
1 7 8 696 77
7 5 9 792 43
5 6 0 804 95
4 5 1 697 49
8 6 1 746 28
8 7 6 856 89
4 6 4 795 96
3 7 0 899 93
7 6 8 835 14
7 7 5 915 9
1 8 6 945 77
2 6 7 792 43
2 7 6 1022 54
9 6 7 835 45
6 8 4 915 28
1 9 3 1022 39
4 7 9 891 77
7 8 2 924 39
2 8 0 1076 83
0 8 3 1061 55
5 7 8 899 35
0 9 5 1116 95
8 8 9 968 42
4 8 3 1116 17
2 9 5 1211 37
9 7 6 1076 78
9 8 1 1154 74
4 9 8 1133 79
3 8 5 1248 77
9 9 5 1325 84
6 9 7 943 27
5 8 1 1228 7
3 9 4 1325 60
8 9 0 1159 78
5 9 7 1235 95
7 9 7 1330 71
