4 0 9 0 40
2 0 2 0 30
6 0 1 0 80
6 1 7 80 39
8 0 2 30 62
3 0 0 0 91
7 0 1 80 15
4 1 0 91 7
7 1 7 119 43
9 0 1 95 96
4 2 4 98 19
0 0 4 117 18
3 1 8 91 8
5 0 3 0 91
4 3 8 117 7
3 2 3 99 33
8 1 3 132 96
2 1 4 135 79
6 2 8 124 24
2 2 3 228 68
4 4 6 124 83
7 2 2 162 20
0 1 7 162 21
2 3 1 296 61
8 2 4 228 22
9 1 0 191 89
1 0 8 148 57
0 2 9 183 41
9 2 5 280 64
5 1 2 182 64
8 3 9 250 5
2 4 8 357 11
3 3 7 183 55
3 4 5 344 20
7 3 0 280 12
5 2 5 364 40
0 3 2 246 45
2 5 6 368 89
6 3 3 296 75
0 4 3 371 38
4 5 2 291 64
5 3 0 404 63
1 1 5 404 16
1 2 1 420 52
3 5 2 364 20
1 3 7 472 74
6 4 4 371 75
9 3 3 409 95
0 5 8 409 50
1 4 2 546 38
5 4 7 546 98
0 6 5 459 84
5 5 4 644 74
6 5 5 543 6
3 6 4 718 32
6 6 6 549 44
0 7 6 593 29
6 7 0 593 26
9 4 9 504 23
6 8 2 619 87
9 5 7 644 18
2 6 7 662 89
1 5 3 584 54
0 8 1 622 23
9 6 8 662 15
5 6 8 718 61
6 9 9 706 22
5 7 1 779 6
9 7 2 706 64
7 4 8 779 26
8 4 0 619 63
2 7 0 751 81
1 6 6 638 62
8 5 6 700 33
7 5 6 805 61
8 6 7 751 10
2 8 9 832 81
4 6 5 549 56
4 7 3 638 54
1 7 9 913 37
8 7 8 805 18
7 6 3 866 79
7 7 9 950 22
3 7 6 866 84
9 8 6 950 38
3 8 1 950 66
4 8 7 761 8
2 9 5 913 57
7 8 5 972 8
0 9 0 832 82
5 8 6 988 42
5 9 9 1030 15
1 8 4 950 54
8 8 1 1016 36
7 9 4 1004 80
3 9 9 1045 24
9 9 4 1084 8
8 9 5 1052 40
4 9 1 1052 39
1 9 0 1004 52
