7 0 5 0 64
6 0 1 0 73
1 0 3 0 20
8 0 1 73 11
1 1 9 20 46
8 1 0 84 64
7 1 3 64 84
6 1 3 148 80
0 0 6 0 54
5 0 1 84 66
9 0 4 0 60
9 1 8 60 32
8 2 7 148 67
2 0 4 60 45
5 1 4 150 25
1 2 6 66 34
0 1 0 148 87
7 2 6 148 46
0 2 4 235 48
3 0 9 66 12
8 3 4 283 85
7 3 1 194 78
5 2 0 235 62
9 2 2 92 95
1 3 5 100 55
4 0 3 228 83
2 1 1 272 24
3 1 1 296 37
5 3 2 297 84
2 2 8 296 28
9 3 3 311 93
8 4 3 404 10
4 1 2 381 49
4 2 6 430 23
3 2 4 368 38
3 3 3 414 71
0 3 3 485 60
7 4 0 297 84
5 4 9 381 13
7 5 7 381 26
8 5 5 414 73
4 3 9 453 27
5 5 6 453 64
2 3 0 381 28
2 4 7 409 83
9 4 1 404 65
3 4 8 485 33
3 5 2 518 12
8 6 9 487 38
3 6 6 530 55
2 5 6 585 78
2 6 5 663 23
7 6 8 518 28
6 2 0 409 41
6 3 2 530 53
3 7 0 585 53
5 6 7 517 46
9 5 6 663 85
4 4 7 563 65
6 4 9 583 47
1 4 0 638 97
6 5 7 630 57
8 7 8 546 95
6 6 8 687 74
0 4 7 687 39
9 6 7 748 43
4 5 0 735 48
3 8 7 791 87
0 5 8 761 35
4 6 4 783 90
2 7 3 686 25
8 8 6 748 97
3 9 5 878 29
6 7 4 873 14
5 7 8 796 59
7 7 9 630 52
4 7 5 907 7
2 8 9 711 5
9 7 9 791 85
0 6 1 796 72
6 8 6 887 67
4 8 1 914 40
7 8 2 682 41
5 8 5 914 19
2 9 2 723 73
0 7 5 933 95
7 9 4 887 63
1 5 8 855 19
9 8 5 1028 46
6 9 5 1074 88
1 6 4 950 59
9 9 0 1074 59
4 9 8 954 17
8 9 2 845 17
0 8 2 1028 66
5 9 3 933 85
1 7 2 1094 21
0 9 9 1094 5
1 8 7 1115 37
1 9 1 1152 46
