8 0 5 0 88
4 0 6 0 71
2 0 9 0 82
7 0 0 0 36
1 0 4 0 15
5 0 7 0 70
4 1 1 71 90
7 1 5 88 15
0 0 2 0 44
6 0 6 71 87
7 2 8 103 41
3 0 1 161 91
0 1 3 44 5
3 1 2 252 17
1 1 7 70 31
2 1 6 158 22
9 0 9 82 88
9 1 4 170 54
7 3 9 170 78
7 4 3 248 76
8 1 2 269 81
6 1 1 252 63
2 2 4 224 10
4 2 3 324 75
0 2 5 103 58
7 5 6 324 84
3 2 7 269 62
8 2 3 399 13
2 3 3 412 70
5 1 5 161 93
9 2 6 408 64
6 2 4 315 26
3 3 5 331 75
1 2 1 315 87
2 4 1 482 49
5 2 8 254 77
1 3 8 402 57
3 4 8 459 47
1 4 0 459 77
8 3 6 472 82
8 4 4 554 54
6 3 5 406 6
0 3 4 608 97
3 5 4 705 11
8 5 7 608 13
9 3 7 621 32
4 3 0 536 64
5 3 2 350 29
4 4 2 600 94
5 4 4 716 58
1 5 3 536 85
8 6 8 621 29
0 4 0 705 9
3 6 3 716 7
2 5 0 714 40
9 4 0 754 52
7 6 4 774 30
6 4 2 694 82
4 5 8 694 15
2 6 8 754 34
4 6 4 804 12
0 5 7 714 84
4 7 7 816 67
0 6 8 798 77
0 7 9 875 96
5 5 6 774 93
1 6 2 776 81
2 7 2 857 48
9 5 2 905 6
5 6 3 867 68
8 7 9 971 40
5 7 1 935 57
2 8 7 905 80
3 7 6 867 72
1 7 5 857 39
6 5 3 935 27
7 7 7 985 76
6 6 7 1061 56
1 8 9 1011 73
8 8 1 1011 78
9 6 8 911 54
9 7 5 965 82
0 8 1 1089 58
6 7 8 1117 48
3 8 9 1084 35
8 9 0 1089 75
1 9 6 1084 21
0 9 6 1147 89
2 9 5 1047 71
5 8 9 1119 7
6 8 9 1165 36
4 8 9 1201 20
7 8 2 1061 36
3 9 0 1164 55
9 8 3 1047 6
7 9 1 1147 8
6 9 0 1219 95
5 9 0 1314 52
4 9 5 1221 50
9 9 1 1155 26
