7 0 1 0 95
2 0 2 0 85
4 0 0 0 91
9 0 0 91 21
0 0 6 0 9
3 0 4 0 80
2 1 5 85 37
4 1 6 91 40
2 2 0 122 40
5 0 2 85 8
1 0 7 0 21
4 2 4 131 88
3 1 6 131 77
7 1 7 95 92
3 2 7 208 56
0 1 1 95 81
5 1 6 208 9
9 1 2 112 61
8 0 3 0 60
2 3 3 162 24
1 1 2 173 70
9 2 3 186 68
5 2 3 254 58
5 3 5 312 77
6 0 4 219 70
2 4 1 186 44
3 3 0 264 8
8 1 8 60 45
9 3 5 389 26
1 2 9 243 65
1 3 4 308 64
8 2 0 272 88
0 2 4 372 55
1 4 1 372 46
7 2 3 312 85
6 1 3 397 92
7 3 4 427 52
2 5 6 230 83
2 6 4 479 89
1 5 5 418 65
7 4 6 479 81
3 4 2 272 30
8 3 2 360 12
0 3 2 427 40
2 7 8 568 31
2 8 7 599 84
9 4 6 560 82
7 5 9 560 32
5 4 1 418 29
9 5 9 642 71
3 5 5 483 59
9 6 8 713 44
3 6 3 542 38
7 6 8 757 39
9 7 4 757 99
8 4 1 447 7
7 7 0 796 59
0 4 8 796 32
5 5 8 828 96
1 6 8 924 25
8 5 5 542 22
4 3 1 454 17
4 4 2 471 71
5 6 0 924 45
1 7 0 969 77
0 5 3 828 37
5 7 9 969 10
6 2 1 489 98
6 3 5 587 87
0 6 0 1046 6
9 8 7 856 33
6 4 6 674 99
5 8 4 979 54
4 5 3 865 50
0 7 5 1052 19
8 6 4 1033 93
4 6 9 979 59
0 8 9 1071 81
9 9 1 889 84
1 8 3 1046 55
1 9 6 1101 15
8 7 9 1152 49
4 7 8 1038 80
4 8 5 1118 56
4 9 7 1174 7
3 7 1 973 80
6 5 7 1181 27
8 8 7 1208 69
6 6 8 1208 86
7 8 2 855 41
7 9 5 1174 56
5 9 7 1277 36
6 7 9 1294 96
6 8 0 1390 28
3 8 9 1390 41
2 9 9 1431 29
8 9 6 1277 27
6 9 2 1418 73
3 9 8 1431 97
0 9 7 1313 40
