6 0 4 0 28
1 0 3 0 39
3 0 4 28 60
12 0 5 0 27
12 1 9 27 48
6 1 5 28 59
6 2 3 87 16
4 0 8 0 79
11 0 5 87 28
0 0 2 0 34
0 1 3 103 55
5 0 8 79 35
0 2 5 158 95
2 0 1 0 19
10 0 1 19 31
11 1 9 115 97
11 2 0 212 58
12 2 8 114 27
8 0 1 50 28
8 1 5 253 33
10 1 4 88 24
1 1 2 39 31
7 0 5 286 9
14 0 4 112 61
7 1 4 295 20
4 1 9 212 77
0 3 9 289 16
0 4 4 315 21
11 3 4 336 45
6 3 9 305 43
1 2 0 270 12
10 2 0 282 20
9 0 2 70 94
4 2 2 289 98
7 2 2 387 39
4 3 4 387 96
5 1 7 114 95
0 5 6 336 71
9 1 5 295 84
5 2 6 407 9
2 1 0 302 83
10 3 2 426 17
3 1 2 443 87
6 4 0 385 46
8 2 0 431 78
5 3 9 416 10
6 5 8 431 50
7 3 6 426 54
8 3 3 509 26
13 0 1 78 12
6 6 6 481 52
2 2 3 535 34
8 4 2 535 37
4 4 3 569 17
9 2 6 533 78
14 1 3 586 55
2 3 4 569 92
3 2 8 530 24
14 2 6 641 37
10 4 9 443 25
8 5 7 572 8
7 4 1 480 45
14 3 5 678 14
12 3 7 580 62
11 4 6 678 76
5 4 2 572 35
1 3 1 525 42
14 4 2 692 50
10 5 8 554 81
7 5 7 642 71
9 3 9 611 81
13 1 8 635 50
3 3 5 692 77
9 4 1 692 74
8 6 8 685 66
4 5 0 586 44
6 7 7 713 27
11 5 3 754 99
9 5 3 853 27
0 6 0 630 53
14 5 8 751 79
1 4 9 692 79
3 4 3 880 69
13 2 0 685 80
1 5 8 830 77
6 8 2 742 59
7 6 0 765 87
12 4 4 661 98
7 7 3 949 41
12 5 6 759 67
12 6 3 990 48
14 6 1 830 41
2 4 6 826 54
3 5 7 949 38
0 7 8 907 52
1 6 6 907 77
2 5 9 880 79
5 5 1 871 7
12 7 0 1038 42
13 3 2 801 50
11 6 2 853 23
11 7 1 878 72
6 9 1 950 91
1 7 5 984 98
13 4 9 959 80
9 6 8 959 69
10 6 5 1082 76
7 8 9 1039 43
13 5 3 1039 19
10 7 3 1158 87
8 7 6 984 89
9 7 0 1080 69
3 6 1 1041 87
5 6 5 1158 28
10 8 7 1245 32
3 7 6 1128 41
12 8 1 1128 46
2 6 8 1028 62
2 7 5 1186 37
1 8 4 1082 55
9 8 7 1277 45
12 9 2 1174 17
5 7 4 1186 61
4 6 7 1322 43
5 8 0 1247 95
1 9 7 1365 66
4 7 6 1365 75
2 8 2 1223 64
14 7 9 1082 72
5 9 3 1342 76
8 8 9 1154 42
7 9 8 1090 14
0 8 1 1174 21
0 9 7 1431 26
14 8 7 1457 18
10 9 6 1440 18
13 6 5 1223 28
2 9 7 1475 43
4 8 1 1440 49
11 8 8 1104 90
11 9 7 1518 86
9 9 4 1322 96
4 9 5 1489 25
13 7 6 1458 63
14 9 0 1475 75
8 9 4 1418 33
3 8 9 1196 83
13 8 4 1521 94
3 9 0 1550 93
13 9 7 1615 98
