3 0 3 0 27
0 0 9 0 66
6 0 3 27 95
9 0 3 122 39
4 0 4 0 88
3 1 2 27 74
7 0 4 88 65
3 2 6 101 88
12 0 5 0 23
8 0 9 66 37
7 1 1 153 8
5 0 6 189 71
10 0 1 161 72
11 0 1 233 46
1 0 3 161 13
9 1 2 161 15
2 0 8 0 77
7 2 8 161 85
11 1 3 279 20
7 3 0 246 71
12 1 3 299 25
12 2 6 324 78
10 1 4 233 48
2 1 7 77 20
10 2 0 317 87
11 2 0 404 97
5 1 0 501 41
14 0 4 281 90
4 1 6 402 15
6 1 9 122 36
11 3 2 501 21
12 3 1 402 24
13 0 1 426 37
12 4 0 542 28
1 1 2 522 20
9 2 6 417 83
1 2 4 542 7
3 3 4 549 62
1 3 1 549 14
5 2 4 611 38
5 3 3 649 53
6 2 6 500 66
4 2 1 563 52
2 2 2 542 34
14 1 8 371 17
6 3 5 566 52
7 4 7 317 65
0 1 5 618 91
14 2 2 576 49
1 4 9 563 66
12 5 7 570 83
4 3 2 625 61
13 1 0 570 53
13 2 7 653 87
6 4 0 623 45
8 1 1 615 37
14 3 3 702 83
13 3 4 740 38
2 3 0 668 15
9 3 9 629 44
8 2 4 778 28
12 6 8 653 28
13 4 3 785 71
1 5 0 683 75
0 2 4 806 87
8 3 3 856 51
7 5 6 566 28
0 3 2 893 94
0 4 7 987 21
11 4 9 673 46
5 4 7 1008 91
14 4 1 785 40
2 4 9 719 88
9 4 7 1099 53
12 7 9 807 5
2 5 5 807 89
4 4 7 1152 54
6 5 8 681 30
5 5 8 1099 68
9 5 0 1152 16
5 6 1 1167 50
11 5 7 1206 37
4 5 0 1206 62
9 6 4 1168 46
4 6 8 1268 59
3 4 7 1243 52
0 5 3 1008 92
11 6 8 1327 19
10 3 2 987 66
11 7 4 1346 59
1 6 6 758 77
13 5 5 896 29
3 5 8 1346 69
10 4 9 1053 5
12 8 2 1053 73
7 6 5 925 88
7 7 3 1100 76
0 6 1 1217 7
1 7 5 1013 16
11 8 6 1405 34
9 7 5 1214 24
6 6 4 1405 23
3 6 5 1415 9
2 6 6 1439 53
13 6 9 1058 12
12 9 4 1428 45
14 5 6 1492 23
5 7 5 1424 78
0 7 0 1268 12
13 7 8 1415 33
2 7 3 1492 6
10 5 6 1515 54
4 7 5 1502 9
10 6 7 1569 39
13 8 6 1569 55
2 8 1 1498 45
0 8 8 1448 11
14 6 7 1608 65
3 7 9 1424 98
9 8 1 1543 25
4 8 3 1511 90
8 4 8 1459 86
1 8 7 1673 95
11 9 5 1511 55
14 7 9 1673 27
5 8 2 1502 23
2 9 4 1543 76
3 8 0 1522 52
6 7 2 1525 25
14 8 5 1700 7
9 9 8 1568 82
8 5 2 1550 9
0 9 6 1624 19
3 9 1 1574 88
5 9 9 1700 72
7 8 9 1772 27
1 9 8 1768 7
8 6 6 1643 55
8 7 0 1698 73
10 7 8 1775 35
8 8 7 1771 51
10 8 5 1810 95
6 8 7 1822 17
6 9 1 1839 6
13 9 2 1624 12
4 9 9 1799 5
14 9 0 1771 48
10 9 3 1905 60
7 9 2 1799 95
8 9 5 1905 90
