1 0 6 0 21
4 0 9 0 20
0 0 7 0 84
8 0 0 0 75
6 0 7 84 56
9 0 2 0 6
5 0 6 21 93
1 1 1 21 87
12 0 4 0 28
8 1 7 140 13
7 0 3 0 76
2 0 0 75 40
0 1 5 84 58
5 1 5 142 93
9 1 1 108 26
6 1 0 140 95
6 2 8 235 48
1 2 4 108 15
6 3 4 283 26
10 0 8 283 62
1 3 5 235 39
0 2 8 345 77
5 2 1 235 57
8 2 2 153 81
10 1 2 345 67
3 0 5 274 75
2 1 5 349 71
3 1 2 412 17
9 2 7 153 32
5 3 7 292 70
11 0 2 429 78
0 3 2 507 44
14 0 1 292 18
9 3 6 185 64
6 4 2 551 82
12 1 9 28 11
7 1 5 420 15
12 2 7 362 50
3 2 3 429 7
14 1 8 422 93
11 1 9 507 90
3 3 6 436 72
1 4 2 633 81
12 3 6 508 88
13 0 2 714 14
11 2 0 597 85
10 2 5 435 32
13 1 5 728 39
4 1 4 309 12
10 3 0 682 62
7 2 9 597 78
8 3 8 515 29
6 5 1 633 63
10 4 7 744 69
7 3 1 696 8
4 2 6 596 71
13 2 6 767 56
14 2 7 813 58
13 3 4 823 62
11 3 1 704 72
1 5 3 714 85
9 4 4 885 54
2 2 8 544 34
9 5 0 939 52
7 4 8 704 41
0 4 4 939 97
3 4 4 1036 11
14 3 6 871 47
5 4 8 745 77
9 6 5 991 82
8 4 4 1047 54
4 3 7 871 67
5 5 4 1101 58
3 5 7 1047 62
13 4 3 885 97
4 4 0 991 64
13 5 9 982 66
2 3 9 1048 82
9 7 3 1073 6
4 5 2 1055 94
13 6 7 1109 69
11 4 8 822 64
8 5 6 1101 82
9 8 9 1130 88
12 4 0 1055 44
12 5 5 1099 31
7 5 2 1149 36
8 6 5 1183 88
12 6 2 1185 27
10 5 3 1079 61
13 7 1 1178 7
3 6 8 1109 47
10 6 1 1185 35
11 5 6 1183 63
10 7 4 1220 72
14 4 3 1140 69
8 7 1 1271 78
1 6 7 1178 31
7 6 4 1292 30
14 5 9 1218 57
14 6 2 1275 41
4 6 8 1156 15
13 8 8 1185 47
2 4 3 1209 70
4 7 5 1271 50
7 7 6 1322 84
6 6 9 1275 36
1 7 8 1232 57
12 7 1 1349 66
0 5 6 1406 89
8 8 9 1349 40
14 7 5 1321 53
12 8 8 1415 49
2 5 6 1495 22
6 7 3 1311 27
1 8 9 1389 73
10 8 9 1462 5
12 9 3 1464 35
1 9 0 1462 77
11 6 3 1499 11
13 9 0 1539 76
0 6 3 1510 5
5 6 0 1615 52
14 8 4 1374 79
10 9 6 1517 93
5 7 2 1667 29
5 8 9 1696 7
0 7 1 1515 58
0 8 9 1703 96
11 7 7 1510 82
7 8 0 1667 36
14 9 0 1703 64
2 6 4 1517 10
9 9 8 1464 54
11 8 5 1592 88
3 7 9 1799 35
6 8 6 1610 87
8 9 3 1515 13
7 9 7 1703 76
4 8 3 1528 75
5 9 3 1703 68
11 9 4 1680 7
2 7 7 1779 80
0 9 0 1799 9
3 8 1 1834 91
3 9 0 1925 55
6 9 5 1697 6
2 8 2 1859 48
2 9 1 1925 49
4 9 1 1974 90
