10 0 7 0 99
8 0 4 0 35
9 0 9 0 58
1 0 6 0 19
2 0 1 0 50
9 1 0 58 5
2 1 3 50 93
6 0 6 19 71
11 0 0 63 68
3 0 1 50 68
0 0 7 99 8
14 0 2 0 24
9 2 3 143 50
8 1 0 131 39
13 0 4 35 10
7 0 8 0 62
10 1 3 193 91
3 1 7 118 43
10 2 4 284 33
6 1 2 90 91
9 3 8 193 52
7 1 7 161 90
0 1 9 107 75
12 0 9 182 79
2 2 5 143 80
8 2 9 261 74
1 1 8 245 73
12 1 1 261 60
13 1 2 181 92
7 2 5 251 98
3 2 4 317 99
11 1 3 284 60
0 2 0 182 72
5 0 8 318 60
14 1 5 349 29
2 3 4 416 7
4 0 7 251 84
8 3 5 378 25
11 2 2 344 77
7 3 3 349 31
8 4 7 403 47
10 3 5 403 19
12 2 3 380 56
9 4 1 321 88
3 3 6 416 60
6 2 8 378 65
12 3 6 476 91
9 5 6 567 20
7 4 2 421 91
9 6 2 587 68
0 3 6 587 74
0 4 4 661 30
1 2 3 436 43
3 4 5 476 68
7 5 4 691 38
4 1 2 655 34
1 3 0 479 23
14 2 9 378 49
10 4 2 689 18
3 5 0 544 91
5 1 0 635 49
0 5 8 691 43
6 3 1 443 90
8 5 3 479 52
1 4 1 533 85
0 6 2 734 38
5 2 4 729 59
0 7 5 772 98
2 4 0 684 55
14 3 8 734 55
6 4 9 533 98
12 4 2 772 40
2 5 2 812 61
12 5 8 812 86
10 5 6 707 38
13 2 5 870 23
11 3 7 450 10
4 2 8 898 40
4 3 5 938 7
1 5 4 788 39
1 6 5 945 13
0 8 1 870 26
7 6 9 729 72
14 4 0 789 47
13 3 6 893 46
12 6 7 898 72
11 4 8 938 60
5 3 5 958 72
9 7 5 1030 24
5 4 9 1030 63
2 6 6 939 57
8 6 2 873 63
5 5 1 1093 69
4 4 1 1162 70
3 6 8 998 11
1 7 9 1093 26
5 6 7 1162 99
10 6 0 836 24
3 7 3 1009 96
4 5 6 1232 74
6 5 4 827 8
12 7 0 970 80
7 7 1 1232 9
4 6 3 1306 12
6 6 7 1261 50
14 5 6 1306 77
5 7 6 1383 45
6 7 0 1311 75
1 8 2 1119 67
10 7 9 1119 35
12 8 5 1054 89
8 7 8 1009 21
10 8 1 1241 49
5 8 3 1428 27
3 8 9 1154 11
3 9 2 1186 72
6 8 5 1386 37
7 8 0 1386 72
11 5 5 1423 15
12 9 4 1143 51
4 7 0 1458 43
7 9 6 1458 49
9 8 4 1194 53
4 8 9 1501 69
1 9 7 1311 9
11 6 9 1570 72
0 9 3 1455 19
9 9 7 1320 57
2 7 8 1030 72
4 9 4 1570 30
14 6 3 1474 77
5 9 2 1455 9
8 8 6 1507 35
6 9 3 1551 17
11 7 1 1642 18
13 4 8 1102 40
14 7 7 1551 8
13 5 7 1559 72
13 6 3 1631 6
2 8 9 1642 42
10 9 8 1290 9
14 8 1 1660 28
11 8 6 1660 90
2 9 7 1684 46
13 7 1 1688 23
13 8 0 1711 95
11 9 4 1750 18
13 9 9 1806 34
8 9 1 1711 80
14 9 4 1768 48
