13 0 6 0 32
0 0 8 0 14
11 0 1 0 85
5 0 8 14 9
1 0 5 0 38
2 0 9 0 5
1 1 3 38 82
11 1 5 85 7
10 0 8 23 20
2 1 1 85 84
3 0 2 0 42
14 0 4 0 88
13 1 2 42 92
0 1 4 88 75
8 0 2 134 44
0 2 3 163 12
12 0 2 178 15
5 1 2 193 72
2 2 0 169 43
9 0 7 0 36
9 1 8 43 31
11 2 8 92 71
13 2 5 134 33
12 1 6 193 87
6 0 0 212 97
11 3 6 280 59
7 0 3 175 86
4 0 6 339 55
5 2 7 265 31
4 1 2 394 70
3 1 1 169 8
7 1 7 296 85
1 2 2 464 85
8 1 3 261 16
10 1 6 394 49
3 2 0 309 96
4 2 3 464 75
3 3 5 405 19
10 2 7 443 74
1 3 4 549 58
1 4 6 607 87
8 2 4 607 11
0 3 2 549 38
12 2 7 517 11
11 4 4 618 76
14 1 7 528 7
6 1 2 587 64
11 5 0 694 17
2 3 6 694 48
10 3 4 694 10
0 4 0 711 76
14 2 8 535 27
11 6 3 711 29
4 3 8 562 42
6 2 3 740 78
0 5 5 787 97
3 4 4 704 59
12 3 1 528 39
6 3 5 884 21
3 5 7 763 97
14 3 1 567 38
10 4 5 905 17
14 4 3 818 91
13 3 8 604 82
5 3 0 787 79
0 6 9 884 12
10 5 3 922 34
4 4 4 763 37
7 2 9 896 63
12 4 4 800 39
7 3 0 959 61
13 4 1 686 83
14 5 2 909 69
6 4 4 905 94
5 4 5 922 73
14 6 6 978 21
4 5 7 860 23
11 7 2 978 17
1 5 9 959 89
14 7 9 1048 62
2 4 4 999 8
3 6 9 1110 73
8 3 6 999 45
0 7 1 896 29
13 5 7 883 57
6 5 9 1183 31
10 6 0 1020 85
4 6 1 925 48
8 4 1 1044 30
5 5 3 995 95
14 8 5 1110 39
2 5 7 1007 7
5 6 4 1090 25
13 6 9 1214 99
0 8 7 1014 44
7 4 2 1020 65
1 6 0 1105 43
1 7 1 1148 80
0 9 6 1058 66
9 2 4 1115 47
12 5 8 839 43
10 7 2 1105 77
8 5 9 1313 84
10 8 9 1397 68
12 6 0 1148 19
9 3 6 1162 52
8 6 8 1397 93
4 7 5 1149 5
3 7 8 1490 43
9 4 0 1214 32
12 7 3 1167 32
9 5 5 1246 11
5 7 6 1214 43
13 7 4 1313 91
1 8 7 1228 69
7 5 4 1404 30
6 6 8 1533 53
2 6 3 1199 41
3 8 3 1533 74
13 8 3 1607 99
4 8 9 1465 38
9 6 2 1257 28
7 6 5 1434 32
3 9 6 1607 41
8 7 0 1490 60
12 8 9 1503 16
6 7 6 1648 16
10 9 1 1465 84
9 7 9 1519 35
7 7 1 1549 33
2 7 5 1466 61
2 8 8 1586 66
6 8 7 1664 86
8 8 5 1550 61
4 9 0 1550 7
6 9 1 1750 7
9 8 3 1706 20
5 8 9 1554 60
11 8 7 1750 48
8 9 7 1798 90
1 9 8 1652 92
7 8 8 1744 44
11 9 9 1798 13
5 9 1 1757 56
2 9 2 1652 14
13 9 0 1706 8
14 9 0 1714 48
9 9 1 1813 49
12 9 5 1611 64
7 9 6 1788 59
