16 0 1 0 31
12 0 2 0 17
15 0 3 0 96
0 0 8 0 52
5 0 1 31 7
17 0 1 38 44
11 0 8 52 90
15 1 2 96 14
0 1 7 52 26
6 0 5 0 59
15 2 5 110 57
14 0 9 0 72
6 1 9 72 43
13 0 0 0 80
5 1 4 38 61
7 0 5 167 9
13 1 8 142 50
17 1 7 82 40
11 1 5 176 28
0 2 6 78 71
12 1 4 99 98
17 2 2 122 17
6 2 0 115 46
8 0 1 82 28
6 3 4 197 28
13 2 3 192 19
14 1 0 161 75
17 3 0 236 62
4 0 2 139 98
5 2 0 298 95
5 3 2 393 35
4 1 5 237 25
18 0 2 428 58
19 0 1 110 85
18 1 3 486 50
7 1 9 176 43
11 2 1 204 72
5 4 9 428 10
18 2 4 536 63
3 0 1 276 87
10 0 4 599 24
9 0 4 623 96
4 2 6 262 75
18 3 9 599 87
1 0 4 719 55
12 2 3 536 48
10 1 7 623 32
9 1 3 719 27
18 4 0 686 57
7 2 8 219 14
0 3 9 686 16
15 3 0 743 47
5 5 8 438 35
16 1 7 655 47
13 3 7 702 98
2 0 5 262 37
10 2 9 702 25
13 4 5 800 28
15 4 7 800 65
8 1 8 473 66
16 2 8 702 58
6 4 6 337 52
9 2 6 746 78
18 5 6 824 21
15 5 4 865 75
11 3 7 865 86
2 1 4 940 92
17 4 8 760 66
18 6 7 951 57
14 2 4 1032 61
12 3 1 584 46
6 5 3 746 16
0 4 2 702 34
19 1 0 790 84
2 2 2 1032 64
19 2 5 874 56
8 2 0 874 78
5 6 5 930 28
1 1 5 958 98
2 3 6 1096 54
2 4 1 1150 19
3 1 5 1056 77
9 3 5 1133 84
7 3 7 1008 71
15 6 8 940 79
14 3 8 1093 79
1 2 3 1056 39
17 5 6 1150 15
14 4 6 1172 37
12 4 8 1172 27
4 3 9 727 77
19 3 3 1095 61
17 6 3 1165 29
18 7 8 1199 32
7 4 4 1093 20
12 5 6 1209 67
3 2 0 1133 93
19 4 9 1156 15
0 5 1 1169 21
16 3 3 1194 32
11 4 2 1096 23
14 5 2 1209 50
4 4 1 1190 49
2 5 7 1169 43
12 6 7 1276 62
10 3 2 1259 17
6 6 2 1276 59
2 6 0 1226 83
7 5 6 1276 54
0 6 5 1217 95
1 3 9 1171 79
1 4 0 1309 12
10 4 3 1276 87
0 7 4 1312 21
8 3 2 1335 37
18 8 1 1239 39
1 5 8 1321 77
13 5 2 1372 50
2 7 3 1363 34
19 5 7 1338 70
0 8 0 1333 53
16 4 4 1333 44
12 7 0 1386 42
0 9 3 1397 55
10 5 8 1398 81
16 5 5 1377 58
7 6 3 1452 41
19 6 8 1479 30
4 5 3 1493 17
11 5 3 1510 99
10 6 5 1479 76
8 4 9 1372 42
3 3 3 1609 69
19 7 2 1509 90
8 5 3 1678 26
1 6 6 1398 77
19 8 6 1599 67
16 6 6 1666 34
17 7 9 1414 38
16 7 0 1700 33
8 6 5 1704 33
3 4 2 1678 87
15 7 1 1278 71
8 7 6 1737 89
16 8 2 1765 69
9 4 2 1834 94
12 8 9 1452 48
16 9 9 1834 51
13 6 4 1422 94
11 6 6 1826 76
3 5 7 1765 38
5 7 3 1704 76
1 7 7 1803 66
3 6 8 1803 24
1 8 2 1928 31
4 6 8 1827 79
13 7 6 1902 63
9 5 8 1928 69
7 7 0 1733 87
11 7 9 1902 97
5 8 7 1869 95
8 8 4 1826 33
14 6 5 1737 14
3 7 6 1965 41
17 8 5 1751 8
6 7 1 1349 91
13 8 1 1965 12
14 7 3 1780 55
14 8 7 1964 18
15 8 6 2006 60
9 6 1 1997 74
6 8 8 1997 50
3 8 9 2006 83
4 7 0 1906 44
1 9 1 2071 42
19 9 4 1859 20
12 9 5 1759 27
5 9 6 2066 9
9 7 9 2089 81
9 8 7 2170 45
15 9 9 2170 22
14 9 1 2113 41
10 7 6 2075 18
11 8 4 1999 45
4 8 7 2215 43
8 9 7 2258 8
17 9 4 2044 97
4 9 4 2258 96
10 8 1 2154 31
10 9 0 2185 20
6 9 7 2266 27
13 9 9 2192 80
3 9 4 2354 60
9 9 0 2215 69
2 8 9 2272 79
18 9 5 1786 20
7 8 1 2185 45
7 9 2 2230 39
2 9 8 2351 62
11 9 0 2284 58
