4 0 4 0 90
15 0 7 0 92
8 0 1 0 11
16 0 6 0 82
6 0 5 0 88
4 1 2 90 49
12 0 9 0 86
16 1 1 82 41
12 1 6 86 76
2 0 4 90 45
10 0 2 139 61
14 0 6 162 33
0 0 3 0 60
4 2 9 139 27
10 1 3 200 41
11 0 4 135 13
13 0 1 123 40
0 1 4 148 48
3 0 0 0 53
13 1 2 200 53
7 0 1 163 78
18 0 5 88 82
5 0 3 241 85
14 1 1 241 33
11 1 7 148 7
9 0 3 326 93
10 2 5 241 49
18 1 2 253 76
12 2 4 196 14
16 2 4 210 28
7 1 5 290 64
4 3 7 166 65
11 2 1 274 98
11 3 8 372 57
14 2 3 419 87
7 2 4 354 63
13 2 7 253 97
14 3 0 506 18
2 1 2 329 73
15 1 5 354 91
3 1 2 402 12
3 2 9 414 12
11 4 0 524 73
1 0 7 350 37
0 2 5 445 95
11 5 3 597 73
4 4 5 540 7
11 6 2 670 68
7 3 6 417 46
0 3 0 597 87
0 4 1 684 72
19 0 9 426 77
5 1 4 417 25
18 2 3 670 86
4 5 6 547 23
17 0 0 684 52
8 1 0 736 64
17 1 5 736 42
17 2 8 778 24
12 3 3 756 41
9 1 2 738 95
15 2 8 802 79
17 3 9 802 91
5 2 2 833 84
7 4 3 797 84
17 4 3 893 47
6 1 6 570 67
8 2 6 800 97
10 3 4 442 23
12 4 1 797 85
8 3 9 897 38
13 3 5 778 87
14 4 2 917 55
9 2 7 833 43
7 5 0 881 84
14 5 8 972 13
9 3 1 882 65
19 1 4 503 8
14 6 4 985 77
8 4 2 972 17
6 2 4 1062 14
15 3 2 989 54
6 3 0 1076 41
17 5 6 940 88
7 6 8 985 28
6 4 1 1117 73
10 4 0 1117 66
3 3 1 1190 37
2 2 1 1227 24
9 4 8 1013 32
12 5 0 1183 37
0 5 9 935 5
13 4 8 1045 96
9 5 0 1220 59
4 6 0 1279 48
3 4 8 1227 33
17 6 4 1076 91
10 5 7 1183 49
1 1 6 1028 34
0 6 8 1260 35
16 3 5 865 64
6 5 7 1232 57
19 2 6 1062 42
10 6 8 1295 70
5 3 6 1104 64
8 5 4 1167 85
16 4 2 1043 78
12 6 8 1365 19
6 6 2 1289 53
6 7 3 1342 80
8 6 5 1252 73
5 4 9 1168 13
6 8 9 1422 47
0 7 7 1295 39
15 4 4 1252 69
13 5 4 1321 84
3 5 3 1422 71
19 3 7 1334 64
11 7 5 1325 40
5 5 1 1251 66
12 7 2 1384 17
4 7 3 1493 83
12 8 7 1401 54
11 8 9 1469 98
16 5 3 1576 76
14 7 7 1455 60
3 6 6 1493 55
9 6 6 1548 85
16 6 7 1652 6
2 3 8 1384 28
18 3 6 1633 93
10 7 9 1567 99
5 6 7 1658 46
5 7 8 1704 59
15 5 6 1726 79
16 7 8 1763 49
2 4 0 1412 28
13 6 3 1652 16
3 7 5 1548 29
18 4 4 1726 84
9 7 5 1633 46
1 2 0 1440 97
9 8 9 1679 85
17 7 7 1704 52
8 7 3 1668 10
6 9 8 1812 74
1 3 5 1679 55
5 8 0 1763 62
1 4 2 1734 21
18 5 7 1810 38
15 6 3 1805 33
11 9 6 1805 9
2 5 3 1838 25
15 7 1 1838 61
18 6 8 1886 95
18 7 9 1981 37
5 9 5 1825 19
4 8 8 1981 17
12 9 5 1844 79
1 5 3 1863 20
16 8 9 2018 47
14 8 9 2065 42
7 7 9 2107 52
15 8 9 2159 39
3 8 7 1848 87
3 9 4 1935 38
1 6 4 1973 59
1 7 9 2198 46
14 9 5 2107 74
19 4 0 1825 70
16 9 0 2065 58
7 8 7 2159 26
2 6 5 2181 23
0 8 6 1814 54
2 7 7 2204 83
19 5 2 1895 45
8 8 8 1998 95
19 6 8 2093 45
19 7 5 2204 28
13 7 6 1868 66
4 9 1 1998 40
13 8 9 2244 52
1 8 8 2244 19
18 8 1 2038 21
7 9 2 2185 41
8 9 7 2287 67
19 8 3 2232 67
9 9 4 2032 60
17 8 2 2226 28
15 9 0 2198 16
1 9 1 2263 46
18 9 0 2214 23
2 8 9 2296 5
0 9 2 2254 66
10 8 1 2309 90
19 9 1 2399 86
13 9 0 2296 95
17 9 1 2485 35
2 9 6 2301 78
10 9 6 2399 17
