7 0 1 0 95
19 0 2 0 68
0 0 8 0 32
16 0 0 0 75
13 0 4 0 99
13 1 0 99 91
9 0 7 0 33
15 0 7 33 99
2 0 7 132 84
18 0 4 99 35
10 0 8 32 43
6 0 6 0 99
11 0 6 99 19
9 1 2 68 61
15 1 3 132 27
14 0 9 0 69
7 1 3 159 85
1 0 2 129 70
3 0 4 134 80
2 1 4 216 89
19 1 5 68 24
13 2 9 190 11
10 1 0 190 72
1 1 3 244 55
16 1 3 299 17
1 2 7 299 21
4 0 6 118 40
15 2 4 305 59
11 1 2 199 67
5 0 7 320 36
1 3 4 364 64
8 0 1 95 7
6 1 8 99 86
0 1 1 102 81
2 2 3 316 24
9 2 8 185 44
10 2 4 428 30
14 1 0 262 43
8 1 7 356 69
3 1 5 214 59
3 2 0 305 8
2 3 1 340 44
1 4 1 428 46
12 0 8 229 72
17 0 9 201 72
5 1 9 356 10
18 1 2 266 63
2 4 2 384 85
19 2 9 366 58
16 2 2 469 91
14 2 3 340 12
14 3 8 352 40
17 1 1 474 9
17 2 3 483 31
18 2 5 329 25
19 3 8 424 52
4 1 2 560 71
5 2 0 366 45
7 2 5 354 56
13 3 5 410 68
16 3 7 560 50
7 3 4 458 52
6 2 3 514 92
2 5 8 476 31
10 3 5 478 98
0 2 4 510 55
11 2 8 507 73
18 3 6 354 35
10 4 9 576 75
5 3 6 411 9
6 3 0 606 28
13 4 7 610 43
12 1 7 653 46
9 3 5 576 26
15 3 5 602 72
3 3 2 631 30
14 4 1 483 70
18 4 8 580 21
12 2 5 699 80
4 2 0 634 91
6 4 1 634 98
3 4 6 661 77
8 2 4 565 93
9 4 1 732 84
9 5 6 816 82
19 4 0 725 5
6 5 4 732 70
13 5 3 653 96
10 5 1 816 26
11 3 1 842 85
15 4 2 674 9
19 5 6 898 20
10 6 7 842 8
19 6 3 918 50
3 5 3 968 38
13 6 2 749 72
8 3 6 918 27
11 4 9 927 26
5 4 4 802 54
18 5 7 850 47
17 3 6 945 49
0 3 7 897 40
13 7 8 821 11
16 4 8 832 65
15 5 6 994 45
1 5 8 897 25
17 4 2 994 91
1 6 9 953 65
2 6 9 1018 29
5 5 8 922 96
0 4 0 937 6
1 7 0 1018 77
1 8 5 1095 65
5 6 2 1085 8
14 5 6 1039 74
7 4 0 1095 59
16 5 5 1160 37
16 6 9 1197 98
2 7 6 1113 83
16 7 1 1295 90
6 6 5 1197 87
0 5 5 1284 19
3 6 1 1385 80
6 7 9 1295 96
14 6 2 1113 34
8 4 5 1303 22
10 7 6 1196 74
4 3 7 937 7
4 4 9 1391 59
12 3 3 1006 93
11 5 4 953 39
18 6 3 1099 52
17 5 8 1085 62
18 7 1 1465 80
0 6 9 1450 81
9 6 3 1151 68
17 6 7 1147 90
15 6 0 1154 49
5 7 5 1325 77
16 8 6 1385 71
6 8 2 1391 73
2 8 5 1402 37
3 7 7 1465 56
13 8 6 1456 60
5 8 1 1545 29
8 5 0 1325 88
8 6 8 1413 45
12 4 2 1464 61
11 6 7 1521 9
4 5 8 1458 80
3 8 9 1531 41
1 9 6 1516 15
11 7 0 1530 23
4 6 3 1538 50
7 5 2 1525 41
12 5 4 1525 7
13 9 1 1574 68
16 9 4 1532 8
14 7 5 1439 7
8 7 3 1588 60
10 8 3 1648 19
7 6 6 1566 81
4 7 5 1588 56
19 7 7 1530 57
9 7 0 1553 21
3 9 8 1572 97
18 8 0 1574 39
6 9 7 1587 27
7 7 8 1669 39
9 8 9 1574 71
17 7 0 1613 72
4 8 1 1644 17
2 9 0 1685 40
11 8 5 1644 13
12 6 9 1645 42
5 9 3 1667 58
8 8 9 1687 49
18 9 9 1736 74
12 7 1 1687 50
11 9 3 1725 43
19 8 1 1737 88
0 7 3 1768 37
0 8 2 1805 40
14 8 4 1540 30
8 9 2 1845 12
15 7 9 1810 63
17 8 5 1685 98
7 8 9 1873 32
12 8 0 1737 55
19 9 4 1825 53
15 8 1 1873 69
9 9 4 1878 99
7 9 7 1905 92
10 9 2 1857 38
15 9 8 1942 60
4 9 4 1977 88
12 9 6 1792 57
17 9 4 2065 38
14 9 7 1997 84
0 9 6 1849 9
