10 0 2 0 77
16 0 9 0 59
11 0 0 0 17
16 1 3 59 72
3 0 2 77 42
0 0 8 0 14
16 2 6 131 47
1 0 0 17 43
4 0 7 0 23
7 0 2 119 65
7 1 6 184 59
3 1 3 131 74
19 0 5 0 59
10 1 4 77 10
12 0 6 243 87
4 1 8 23 42
12 1 4 330 39
6 0 1 0 7
10 2 9 87 68
2 0 3 205 41
6 1 5 59 21
2 1 7 246 7
12 2 8 369 43
1 1 2 184 85
16 3 4 369 40
0 1 2 269 38
15 0 2 307 67
9 0 4 409 47
14 0 3 246 91
19 1 2 374 96
15 1 7 374 80
13 0 5 80 33
14 1 5 337 39
1 2 3 337 82
12 3 7 454 11
13 1 3 419 99
1 3 5 419 38
4 2 4 456 37
3 2 4 493 59
6 2 8 412 53
2 2 9 253 5
18 0 4 552 47
6 3 6 465 16
17 0 3 518 70
12 4 2 470 15
11 1 5 457 7
18 1 5 599 64
6 4 4 599 94
17 1 2 588 31
16 4 7 465 21
5 0 8 465 9
5 1 6 481 43
10 3 5 663 17
8 0 6 524 45
5 2 7 524 31
3 3 6 569 41
0 2 7 555 44
16 5 5 680 43
15 2 3 588 24
18 2 9 663 85
7 2 7 599 85
15 3 0 612 88
6 5 0 700 97
10 4 0 797 85
16 6 0 882 51
3 4 1 610 8
6 6 3 797 78
6 7 2 875 64
5 3 4 693 25
11 2 1 618 85
19 2 0 933 5
3 5 9 748 73
13 2 6 610 32
12 5 3 875 32
14 2 2 939 69
18 3 3 907 49
17 2 6 642 20
12 6 5 907 64
7 3 1 703 33
19 3 7 938 79
5 4 5 971 73
1 4 4 718 58
16 7 8 933 52
8 1 2 1008 44
1 5 9 821 89
11 3 3 956 29
5 5 3 1044 95
15 4 4 776 18
0 3 0 938 76
7 4 4 794 30
2 3 0 1014 43
13 3 4 824 91
13 4 8 985 82
11 4 2 1052 17
6 8 7 1017 86
8 2 5 1052 61
11 5 4 1069 76
4 3 6 662 55
2 4 2 1069 14
10 5 1 882 84
4 4 0 1057 7
16 8 1 985 24
8 3 8 1113 93
8 4 1 1206 30
2 5 4 1145 8
18 4 7 1103 58
8 5 7 1236 90
13 5 2 1083 92
4 5 5 1113 5
13 6 9 1175 99
9 1 7 1326 36
17 3 8 1206 76
15 5 1 1236 44
4 6 2 1175 70
1 6 8 1282 92
8 6 9 1326 84
1 7 6 1374 87
17 4 1 1282 40
15 6 8 1374 45
7 5 8 1419 44
8 7 4 1410 11
9 2 8 1463 31
3 6 8 1494 43
19 4 8 1537 34
5 6 0 1139 79
3 7 0 1537 96
13 7 7 1362 57
7 6 0 1633 61
12 7 0 1694 19
19 5 4 1571 75
13 8 1 1419 83
11 6 6 1461 59
4 7 9 1410 38
13 9 0 1713 8
18 5 1 1502 26
10 6 8 1571 20
2 6 5 1153 61
17 5 7 1419 43
19 6 3 1646 26
14 3 8 1591 27
9 3 1 1528 49
3 8 5 1633 19
17 6 0 1721 32
0 4 5 1652 97
3 9 7 1652 97
11 7 8 1618 71
15 7 9 1448 64
2 7 1 1577 84
8 8 3 1672 16
11 8 9 1689 13
17 7 5 1753 88
6 9 9 1702 31
9 4 3 1688 20
9 5 2 1708 28
7 7 3 1708 86
14 4 7 1749 7
0 5 3 1794 12
7 8 9 1794 63
17 8 9 1857 5
11 9 7 1756 48
4 8 3 1806 75
2 8 8 1689 66
10 7 6 1591 49
0 6 4 1806 75
2 9 6 1755 48
0 7 6 1881 66
1 8 7 1804 69
19 7 6 1947 9
0 8 9 1947 12
15 8 5 1841 80
16 9 2 1736 15
9 6 6 1956 52
18 6 0 1753 32
1 9 1 1873 80
10 8 7 1873 74
4 9 1 1953 48
14 5 6 2008 21
14 6 1 2029 38
10 9 3 1947 34
5 7 2 1751 72
7 9 5 1921 32
19 8 9 1959 23
9 7 9 2008 35
14 7 9 2067 62
14 8 4 2129 88
18 7 8 1785 80
12 8 1 2067 39
15 9 6 2029 38
12 9 9 2129 16
9 8 5 2043 11
14 9 0 2217 48
5 8 9 2145 60
17 9 4 2217 77
5 9 1 2205 56
18 8 2 1865 14
18 9 6 2067 94
8 9 0 2265 60
19 9 1 2261 11
0 9 1 2272 29
9 9 0 2325 32
