2 0 3 0 84
13 0 0 0 51
5 0 1 0 86
14 0 1 86 71
13 1 3 84 24
13 2 5 108 8
15 0 1 157 28
12 0 2 0 85
5 1 8 86 50
13 3 6 116 30
0 0 6 146 32
11 0 0 51 74
19 0 3 108 98
5 2 2 136 77
3 0 4 0 20
19 1 7 206 80
7 0 2 213 59
17 0 5 116 67
11 1 1 185 32
5 3 6 213 54
0 1 3 206 16
1 0 8 136 39
4 0 9 0 24
0 2 1 222 33
4 1 6 267 49
8 0 3 222 47
19 2 5 286 78
8 1 4 269 79
7 1 3 272 18
0 3 8 255 12
9 0 0 125 59
15 1 5 364 38
9 1 2 272 89
16 0 0 184 18
1 1 4 348 81
18 0 2 361 92
11 2 2 453 61
1 2 3 429 91
17 1 2 514 96
9 2 4 429 10
6 0 5 402 86
1 3 5 520 56
0 4 7 286 70
18 1 8 453 51
6 1 6 488 90
16 1 2 610 90
12 1 9 85 51
4 2 5 576 16
3 1 5 592 6
11 3 7 514 53
4 3 4 592 11
11 4 4 603 92
6 2 3 578 78
4 4 3 656 60
3 2 2 700 15
13 4 7 567 12
1 4 9 576 69
14 1 5 598 42
13 5 8 579 23
3 3 8 715 19
19 3 0 364 82
6 3 9 656 88
12 2 0 446 61
19 4 2 715 7
13 6 2 722 7
18 2 4 695 59
19 5 9 744 89
4 5 7 716 5
12 3 5 640 99
3 4 1 734 30
11 5 9 833 20
17 2 1 764 38
4 6 8 734 63
11 6 8 853 10
8 2 6 578 76
4 7 1 802 25
2 1 2 729 57
19 6 1 833 69
2 2 7 786 41
16 2 4 754 25
17 3 4 802 86
2 3 5 827 73
6 4 2 786 57
7 2 9 853 31
19 7 4 902 51
13 7 4 953 17
2 4 4 970 81
17 4 0 888 97
1 5 1 902 45
6 5 0 985 32
8 3 0 1017 59
8 4 1 1076 72
3 5 0 1076 94
10 0 5 900 63
1 6 6 947 59
15 2 4 1051 51
8 5 2 1148 8
16 3 6 1006 92
18 3 6 1098 52
18 4 5 1150 8
16 4 8 1098 85
15 3 7 1102 70
16 5 5 1183 35
16 6 7 1218 29
9 3 7 1247 45
7 3 4 1102 41
4 8 2 1156 15
14 2 8 1183 68
10 1 6 1150 9
12 4 4 1143 37
1 7 0 1170 86
14 3 2 1251 31
9 4 3 1292 8
0 5 4 1180 10
3 6 6 1170 45
5 4 9 884 48
5 5 0 1256 93
8 6 9 1156 30
13 8 9 1186 35
3 7 7 1292 17
8 7 5 1218 73
5 6 3 1349 32
10 2 4 1190 77
17 5 3 1381 94
3 8 3 1475 18
17 6 7 1475 86
2 5 0 1349 88
0 6 9 1221 75
18 5 9 1296 70
2 6 8 1437 38
17 7 6 1561 35
6 6 7 1561 57
16 7 1 1247 81
5 7 7 1618 92
2 7 9 1475 17
0 7 0 1437 82
9 5 5 1300 54
14 4 6 1596 29
14 5 3 1625 63
7 4 7 1710 20
5 8 5 1710 45
10 3 3 1688 37
16 8 9 1492 80
9 6 6 1625 88
12 5 6 1713 94
15 4 2 1282 33
10 4 2 1725 5
3 9 9 1572 88
2 8 6 1807 83
6 7 8 1618 86
12 6 1 1807 98
15 5 8 1704 78
10 5 8 1782 13
15 6 9 1782 45
7 5 5 1755 83
16 9 3 1725 59
2 9 1 1905 5
17 8 9 1827 82
6 8 4 1704 71
1 8 2 1730 36
9 7 8 1795 20
7 6 8 1838 65
10 6 9 1909 79
10 7 1 1988 24
11 7 3 1784 5
1 9 7 1766 68
9 8 9 1988 7
12 7 8 1905 65
6 9 1 2012 39
14 6 4 1775 65
7 7 0 1903 54
10 8 7 2012 10
17 9 8 1970 45
7 8 6 1957 94
18 6 1 2051 75
8 8 7 2022 57
12 8 3 1970 33
18 7 3 2126 54
13 9 1 2126 81
7 9 1 2207 69
18 8 7 2180 60
5 9 4 1840 71
14 7 9 1995 70
11 8 6 2051 45
18 9 0 2240 33
12 9 7 2240 75
11 9 5 2096 23
19 8 8 2015 79
15 7 3 2180 90
14 8 7 2315 27
8 9 8 2094 84
0 8 5 2119 88
14 9 0 2342 93
0 9 2 2207 20
10 9 0 2435 82
15 8 6 2270 54
4 9 0 2517 45
19 9 6 2324 62
15 9 0 2562 72
9 9 1 2276 62
