25 0 1 0 6
2 0 2 0 64
22 0 4 0 79
2 1 4 79 92
28 0 1 6 36
29 0 4 171 8
29 1 8 179 15
22 1 1 79 61
3 0 0 0 93
26 0 1 140 80
25 1 4 179 74
23 0 9 0 24
28 1 0 93 63
14 0 2 64 50
5 0 3 0 76
18 0 3 76 50
19 0 4 253 20
22 2 8 194 11
27 0 5 0 8
28 2 7 156 10
7 0 1 220 45
4 0 9 24 77
3 1 8 205 24
6 0 1 265 91
12 0 9 101 48
26 1 3 220 75
29 2 2 194 64
22 3 0 205 81
17 0 8 229 66
17 1 7 295 40
6 1 7 356 27
19 1 6 273 67
0 0 4 273 21
10 0 5 8 76
25 2 0 286 63
11 0 9 149 97
25 3 2 349 64
5 1 2 413 35
1 0 8 295 77
4 1 0 349 44
23 1 1 356 66
11 1 8 372 90
7 1 7 383 71
6 2 8 462 50
9 0 1 422 74
14 1 1 496 41
17 2 2 448 17
22 4 7 454 89
21 0 3 295 54
12 1 5 149 27
24 0 3 349 54
0 1 7 543 26
5 2 5 448 28
28 3 4 294 22
8 0 2 465 37
14 2 4 537 61
24 1 2 502 64
26 2 0 393 26
9 1 0 496 69
23 2 4 598 32
3 2 3 403 69
18 1 2 566 58
1 1 5 476 98
5 3 0 565 95
4 2 4 630 96
16 0 3 472 32
10 1 7 569 32
0 2 9 569 16
19 2 1 537 85
14 3 8 598 79
21 1 9 585 37
16 1 2 624 69
9 2 5 574 84
3 3 7 601 38
6 3 3 512 16
10 2 6 601 18
16 2 4 726 44
21 2 6 622 62
26 3 2 693 87
4 3 8 726 79
1 2 1 622 42
28 4 3 528 96
18 2 6 684 21
15 0 9 622 22
16 3 1 770 31
20 0 6 705 29
12 2 6 734 67
5 4 7 660 95
11 2 5 658 28
8 1 3 624 26
1 3 7 755 66
13 0 9 644 80
2 2 3 650 34
26 4 9 780 22
15 1 5 686 57
17 3 0 660 62
10 3 0 722 20
29 3 3 684 95
7 2 2 780 39
29 4 1 801 96
26 5 7 821 39
25 4 9 802 15
24 2 6 801 83
23 3 3 779 33
21 3 5 743 16
11 3 7 860 86
9 3 3 812 27
19 3 2 819 90
17 4 9 817 38
24 3 9 884 40
0 3 2 909 34
1 4 2 943 31
8 2 4 770 33
18 3 4 803 63
28 5 5 759 40
8 3 9 924 42
11 4 0 946 58
27 1 3 839 79
6 4 4 866 28
12 3 7 946 62
0 4 3 943 55
0 5 8 998 52
6 5 5 894 59
25 5 6 884 42
16 4 9 966 51
4 4 6 926 75
20 1 0 1004 82
28 6 9 1017 5
15 2 4 894 75
21 4 0 1086 52
14 4 5 953 14
7 3 0 1138 87
12 4 4 1008 98
11 5 1 1004 72
19 4 7 1008 70
1 5 3 998 39
27 2 6 1001 61
7 4 8 1225 14
6 6 6 1062 52
4 5 2 1001 98
8 4 0 1225 78
9 4 9 1022 81
10 4 3 1037 87
24 4 7 1078 8
11 6 2 1099 23
2 3 1 1076 19
17 5 5 967 8
23 4 8 1239 8
4 6 5 1099 25
20 2 4 1106 18
5 5 4 1124 61
21 5 8 1247 57
9 5 7 1103 45
19 5 0 1303 84
16 5 0 1387 33
13 1 3 1124 19
3 4 5 1124 77
12 5 0 1420 42
2 4 8 1304 62
13 2 5 1201 28
6 7 0 1462 46
20 3 3 1143 38
25 6 7 1148 98
3 5 2 1201 87
16 6 6 1420 34
24 5 0 1508 7
6 8 2 1508 59
26 6 8 1366 24
2 5 6 1454 54
26 7 4 1390 75
3 6 4 1465 60
23 5 2 1567 20
23 6 6 1587 84
2 6 7 1508 43
20 4 7 1551 21
27 3 1 1095 15
25 7 8 1390 61
26 8 6 1671 44
7 5 6 1715 54
1 6 6 1769 77
7 6 3 1769 41
16 7 5 1454 58
5 6 8 1451 35
16 8 7 1572 47
21 6 4 1525 54
25 8 5 1512 40
8 5 6 1846 89
15 3 2 1587 14
3 7 6 1935 41
23 7 0 1671 91
22 5 6 1976 89
28 7 8 1486 18
29 5 6 2065 38
22 6 5 2065 57
7 7 9 1810 43
29 6 7 2103 18
8 6 7 2121 8
20 5 8 1572 50
9 6 8 1622 69
2 7 0 1762 83
28 8 6 2103 33
19 6 8 1691 30
24 6 4 1579 19
12 6 1 1462 46
24 7 5 2122 56
13 3 1 1508 12
23 8 7 2129 55
18 4 7 2184 57
11 7 6 2136 76
17 6 6 2212 15
18 5 8 2241 32
0 6 5 2178 95
21 7 2 1601 38
25 9 3 1810 91
20 6 1 1622 23
10 5 2 1639 17
27 4 0 1845 12
27 5 7 2241 43
17 7 3 2227 29
10 6 9 1853 25
20 7 5 2273 84
0 7 6 2273 71
13 4 4 1598 94
8 7 8 2273 66
5 7 1 1645 7
0 8 1 2344 21
29 7 9 2121 23
20 8 2 2357 45
11 8 3 2256 99
13 5 6 2344 63
9 7 2 2402 94
5 8 6 2407 9
21 8 7 2284 74
12 7 8 2339 27
18 6 5 2357 20
14 5 9 2144 72
15 4 7 2358 65
7 8 5 2377 9
19 7 5 2386 56
9 8 6 2496 78
29 8 5 2442 64
24 8 1 2365 39
12 8 3 2366 48
1 7 9 2216 79
5 9 9 2416 10
1 8 4 2295 55
29 9 0 2506 89
21 9 1 2404 52
18 7 9 2426 87
13 6 7 2423 98
8 8 1 2456 28
19 8 3 2442 61
2 8 9 2513 79
4 7 3 2503 17
3 8 1 2484 87
10 7 4 2350 24
15 5 3 2520 96
23 9 5 2506 20
10 8 1 2571 31
27 6 8 2366 26
7 9 4 2386 20
28 9 2 2496 62
22 7 3 2616 68
22 8 9 2684 81
18 8 0 2595 57
9 9 4 2574 96
14 6 7 2521 18
17 8 1 2602 44
16 9 8 2392 58
14 7 3 2684 55
11 9 4 2670 45
14 8 6 2739 37
15 6 1 2646 71
6 9 9 2765 43
8 9 5 2526 33
15 7 0 2717 47
27 7 9 2808 22
12 9 2 2558 17
19 9 9 2830 15
22 9 2 2765 30
13 7 8 2521 50
27 8 2 2830 20
17 9 4 2715 97
13 8 0 2764 80
4 8 7 2539 43
27 9 4 2850 80
10 9 8 2602 81
18 9 1 2717 39
20 9 9 2845 41
26 9 5 2559 6
2 9 5 2592 37
15 8 8 2764 79
24 9 8 2843 7
0 9 0 2844 53
3 9 9 2886 83
1 9 0 2897 12
14 9 0 2909 75
13 9 2 2850 50
15 9 6 2843 60
4 9 1 2756 49
