27 0 9 0 32
5 0 2 0 29
16 0 6 0 30
29 0 2 29 61
3 0 4 0 11
25 0 7 0 36
0 0 6 30 89
14 0 6 119 47
3 1 6 166 72
2 0 2 90 48
26 0 0 0 28
11 0 2 138 78
21 0 6 238 15
25 1 3 36 58
22 0 8 0 31
18 0 1 0 97
14 1 2 216 41
5 1 6 253 93
27 1 1 97 95
8 0 3 94 13
20 0 8 31 32
14 2 0 257 64
18 1 7 97 43
24 0 9 32 59
15 0 7 140 76
9 0 0 321 52
4 0 0 373 64
19 0 7 216 99
12 0 7 315 50
14 3 7 365 58
22 1 7 423 84
12 1 4 365 28
4 1 6 437 71
2 1 5 138 71
28 0 4 393 93
29 1 5 209 26
17 0 1 192 35
29 2 9 235 71
17 1 3 227 74
8 1 8 107 29
1 0 7 507 31
29 3 8 306 44
25 2 4 486 54
1 1 2 538 81
16 1 8 350 72
19 1 2 619 84
21 1 2 703 70
5 2 3 346 68
17 2 5 301 16
15 1 9 306 81
10 0 8 422 62
15 2 0 437 76
29 4 0 513 21
19 2 8 703 99
26 1 3 414 92
0 1 1 227 58
5 3 5 414 93
20 1 0 534 6
7 0 1 285 8
0 2 4 540 97
29 5 6 534 82
21 2 8 802 25
29 6 3 616 68
29 7 7 684 33
25 3 5 540 77
0 3 2 773 44
7 1 7 717 76
23 0 4 637 80
22 2 5 617 37
28 1 2 817 12
18 2 4 717 72
7 2 3 793 76
1 2 9 619 73
13 0 4 789 62
8 2 0 540 75
23 1 0 717 8
12 2 3 869 35
18 3 6 789 88
4 2 4 851 12
23 2 9 725 41
2 2 0 725 40
26 2 2 829 73
17 3 4 863 85
17 4 0 948 7
1 3 4 948 15
11 1 3 904 11
3 2 7 793 62
9 1 2 902 6
15 3 6 877 61
9 2 3 915 6
24 1 0 955 91
21 3 1 827 46
4 3 1 873 90
26 3 7 902 27
9 3 5 921 82
11 2 7 929 82
6 0 4 963 26
26 4 8 929 86
15 4 4 989 77
7 3 4 1066 30
0 4 8 1015 77
14 4 9 766 57
3 3 0 1046 55
7 4 6 1096 84
28 2 5 1003 22
0 5 3 1092 5
9 4 6 1180 64
28 3 6 1244 27
6 1 3 1097 27
23 3 5 1025 59
12 3 1 963 66
23 4 7 1084 56
15 5 8 1092 26
21 4 9 873 65
6 2 1 1124 63
16 2 3 1124 43
27 2 3 1167 85
6 3 5 1187 6
4 4 2 963 94
16 3 0 1167 65
28 4 8 1271 45
9 5 9 1244 88
28 5 7 1316 69
22 3 3 1252 24
8 3 2 1057 81
24 2 3 1276 50
22 4 2 1276 85
20 2 4 1096 55
18 4 5 1193 17
27 3 6 1271 81
9 6 8 1332 54
1 4 1 1187 87
22 5 4 1361 89
2 3 3 1326 70
6 4 6 1352 87
27 4 2 1361 41
13 1 5 1210 39
0 6 0 1232 9
21 5 4 1450 64
28 6 3 1396 60
18 5 0 1241 43
11 3 4 1514 7
23 5 3 1456 38
13 2 0 1284 76
16 4 1 1274 16
3 4 2 1402 17
15 6 2 1419 74
9 7 4 1521 54
23 6 2 1494 30
1 5 5 1274 39
26 5 5 1313 87
12 4 2 1524 27
8 4 1 1290 78
10 1 1 1368 35
14 5 8 1386 93
6 5 7 1439 56
19 3 5 1400 98
8 5 5 1498 88
12 5 8 1551 49
13 3 2 1551 14
10 2 4 1575 72
20 3 5 1586 19
22 6 9 1450 29
21 6 7 1514 21
8 6 4 1647 54
24 3 8 1600 80
24 4 1 1680 17
6 6 8 1680 48
4 5 3 1494 75
12 6 9 1600 11
19 4 1 1697 20
16 5 4 1701 92
9 8 7 1575 32
19 5 6 1717 31
0 7 5 1605 58
9 9 1 1717 26
23 7 8 1728 97
4 6 9 1611 20
0 8 9 1663 96
29 8 1 1743 84
18 6 8 1825 94
2 4 1 1827 49
7 5 9 1759 78
1 6 8 1919 57
23 8 6 1825 77
1 7 0 1976 77
3 5 5 1663 75
5 4 1 1876 57
15 7 5 1738 22
10 3 7 1647 69
2 5 6 1902 22
8 7 9 1837 40
3 6 3 1738 7
11 4 1 1933 72
24 5 6 1924 40
26 6 9 1877 96
24 6 2 1964 71
4 7 8 1976 15
14 6 3 1745 69
16 6 5 1793 95
21 7 0 2053 77
7 6 8 1991 41
19 6 3 1814 74
8 8 7 1877 13
5 5 8 2032 77
14 7 5 1888 53
10 4 0 2130 62
20 4 9 1973 81
11 5 8 2109 64
5 6 0 2192 52
11 6 9 2173 90
13 4 6 1964 56
7 7 0 2244 36
12 7 6 2020 88
20 5 1 2054 81
2 6 4 1924 10
18 7 3 1919 64
6 7 9 2263 36
23 9 1 2135 80
16 7 9 2299 29
13 5 3 2020 97
20 6 7 2135 40
19 7 0 2280 92
6 8 0 2372 95
25 4 2 2035 8
10 5 5 2192 32
21 8 5 2224 65
28 7 1 2215 7
11 7 0 2467 85
13 6 1 2222 7
7 8 2 2280 36
25 5 6 2108 9
17 5 2 2316 81
11 8 5 2552 88
26 7 1 2229 98
26 8 6 2327 99
2 7 8 2173 34
25 6 0 2552 45
17 6 6 2426 86
1 8 3 2117 85
24 7 5 2640 56
3 7 1 2327 91
8 9 6 2512 82
17 7 8 2512 61
2 8 7 2207 80
15 8 1 2418 58
10 6 9 2328 5
13 7 7 2287 69
3 8 9 2418 35
22 7 1 2476 44
2 9 9 2453 82
12 8 5 2696 31
14 8 1 2520 18
17 8 9 2573 35
25 7 9 2608 10
10 7 3 2333 61
17 9 7 2608 34
0 9 7 2642 84
4 8 5 2727 50
25 8 1 2618 29
11 9 6 2640 63
4 9 7 2777 67
25 9 8 2647 96
27 5 8 2743 39
6 9 2 2467 82
7 9 5 2777 15
19 8 9 2618 23
20 7 6 2703 9
5 7 9 2641 7
20 8 3 2712 37
20 9 2 2749 40
24 8 4 2696 88
27 6 7 2844 92
10 8 2 2789 67
15 9 3 2749 78
10 9 6 2856 93
28 8 0 2597 88
5 8 4 2784 58
27 7 0 2936 59
5 9 7 2936 70
29 9 4 2842 99
13 8 9 2648 66
14 9 4 2941 79
19 9 4 3020 89
28 9 9 2714 49
27 8 5 2995 56
21 9 3 2827 55
22 8 0 2995 40
18 8 9 2763 22
13 9 8 2782 47
3 9 8 2829 47
26 9 4 3109 70
16 8 2 2856 99
18 9 2 2955 42
12 9 0 3035 44
27 9 4 3179 52
1 9 6 2949 21
22 9 6 3035 83
24 9 7 3006 7
16 9 7 3013 64
