23 0 7 0 53
4 0 3 0 75
18 0 2 0 14
8 0 4 0 11
9 0 5 0 11
13 0 5 11 33
28 0 5 44 23
21 0 8 0 54
13 1 8 54 82
18 1 7 53 58
7 0 3 75 86
0 0 2 14 38
7 1 2 161 65
7 2 6 226 59
12 0 1 0 39
5 0 2 226 72
22 0 4 11 56
4 1 5 75 5
13 2 2 298 92
12 1 9 39 16
20 0 0 0 75
21 1 1 54 26
6 0 9 55 31
16 0 2 390 15
12 2 4 67 39
7 3 8 285 44
7 4 1 329 33
6 1 3 161 78
10 0 5 80 17
1 0 0 75 43
19 0 9 86 23
4 2 2 405 70
22 1 9 109 29
25 0 7 111 24
24 0 9 138 7
3 0 5 97 19
5 1 7 298 31
11 0 8 329 71
19 1 1 362 11
12 3 6 285 87
17 0 4 106 77
13 3 1 390 83
21 2 4 183 79
11 1 5 400 7
19 2 8 400 34
12 4 7 372 11
26 0 1 473 10
29 0 2 475 70
3 1 3 239 74
25 1 2 545 65
20 1 2 610 20
18 2 9 145 85
24 1 6 372 62
2 0 6 434 48
0 1 4 262 75
16 1 3 405 72
6 2 6 482 16
3 2 6 498 41
8 1 5 407 61
4 3 8 475 42
6 3 4 498 94
5 2 3 477 95
15 0 9 230 64
11 2 3 572 29
29 1 6 545 29
27 0 9 294 35
0 2 9 337 12
26 1 8 517 27
7 5 7 383 85
20 2 8 630 10
3 3 4 592 59
28 1 7 468 84
22 2 3 601 36
18 3 5 468 64
5 3 0 572 79
8 2 9 468 84
8 3 3 637 16
17 1 7 552 43
11 3 1 601 85
18 4 1 686 26
7 6 0 651 61
3 4 8 651 43
19 3 4 651 75
25 2 1 712 69
24 2 7 595 90
6 4 7 685 86
19 4 7 771 79
28 2 9 552 7
1 1 5 532 38
5 4 4 726 25
16 2 4 751 40
9 1 2 630 28
1 2 1 781 80
21 3 7 850 88
21 4 6 938 84
6 5 5 771 21
21 5 0 1022 6
15 1 8 694 45
19 5 3 850 26
4 4 7 938 23
12 5 3 876 32
13 4 6 1022 32
25 3 5 792 42
21 6 2 1028 54
10 1 3 908 34
24 3 5 834 83
0 3 5 917 97
14 0 7 961 7
10 2 6 1054 49
16 3 7 968 21
23 1 1 861 5
13 5 3 1054 99
8 4 7 989 90
29 2 8 739 27
9 2 0 1028 32
24 4 1 917 85
1 3 3 1153 82
3 5 2 1082 42
12 6 2 1124 15
4 5 6 1103 55
27 1 3 1235 92
7 7 5 1014 32
9 3 7 1079 36
29 3 9 766 80
15 2 3 1327 24
5 5 1 1002 56
22 3 0 1060 40
11 4 4 791 76
25 4 9 846 82
24 5 3 1351 69
10 3 1 1103 84
17 2 1 1187 40
9 4 8 1115 31
26 2 7 1115 43
25 5 6 1158 82
29 4 4 867 6
24 6 0 1420 16
5 6 8 1146 9
28 3 4 873 85
16 4 8 1155 52
17 3 2 1227 31
12 7 0 1436 19
21 7 9 1082 59
1 4 2 1258 85
16 5 0 1455 51
25 6 0 1506 83
0 4 0 1589 76
13 6 9 1153 99
1 5 4 1343 58
15 3 7 1351 80
9 5 4 1401 47
18 5 6 1240 94
29 5 7 1431 39
9 6 3 1448 20
1 6 6 1401 87
15 4 2 1431 67
18 6 0 1665 32
2 1 4 1448 8
27 2 0 1697 38
15 5 4 1498 18
10 4 0 1735 85
23 2 6 1488 17
3 6 9 1252 73
7 8 9 1325 63
9 7 6 1505 52
19 6 2 1498 96
25 7 3 1589 46
18 7 3 1697 49
27 3 5 1735 35
28 4 8 1207 60
8 5 1 1227 30
0 5 1 1665 29
25 8 8 1635 72
18 8 8 1746 80
8 6 0 1820 60
23 3 9 1505 59
28 5 1 1694 15
25 9 4 1707 33
29 6 1 1709 79
20 3 3 1746 66
23 4 2 1594 59
2 2 8 1826 66
17 4 8 1892 76
26 3 5 1770 20
16 6 9 1564 59
4 6 1 1788 48
27 4 7 1770 30
26 4 4 1790 71
19 7 0 1880 5
11 5 6 1557 59
10 5 8 1968 20
6 6 0 1885 97
13 7 4 1861 91
11 6 2 1653 17
17 5 6 1968 20
22 4 6 1988 86
26 5 9 1861 65
10 6 7 1988 74
26 6 2 1926 73
0 6 8 1988 14
14 1 0 1982 48
14 2 9 2030 62
10 7 9 2092 68
14 3 4 2092 88
9 8 9 2160 35
15 6 6 2074 38
24 7 4 2180 81
27 5 8 2002 45
14 4 6 2180 21
4 7 9 2195 38
1 7 8 2047 92
2 3 7 2062 7
22 5 8 2139 68
19 8 6 2201 9
8 7 8 2207 93
0 7 6 2210 66
2 4 2 2069 14
17 6 5 1988 88
16 7 1 1836 24
11 7 0 2030 17
27 6 2 2083 8
22 6 2 2207 69
16 8 6 2276 47
3 7 7 2069 97
22 7 7 2276 23
28 6 2 2276 52
17 7 3 2076 70
5 7 9 2233 60
6 7 8 2300 53
11 8 9 2293 13
20 4 6 2323 43
23 5 8 2353 78
18 9 4 2261 47
6 8 1 2353 7
11 9 7 2306 48
9 9 1 2360 49
6 9 2 2360 64
23 6 3 2431 64
29 7 0 2047 28
23 7 0 2495 82
17 8 9 2306 5
14 5 5 2201 39
5 8 5 2293 73
15 7 0 2577 88
26 7 6 2366 99
23 8 4 2577 13
20 5 7 2366 37
2 5 3 2495 41
20 6 1 2409 9
16 9 5 2366 43
2 6 5 2536 61
27 7 4 2590 82
21 8 3 2536 28
28 7 6 2465 94
26 8 0 2665 24
13 8 0 2689 8
10 8 4 2672 10
28 8 3 2564 83
27 8 1 2672 34
24 8 2 2424 58
19 9 5 2597 59
22 8 5 2656 62
4 8 4 2682 37
3 8 1 2706 8
4 9 0 2719 7
2 7 0 2726 43
0 8 7 2403 44
29 8 3 2647 66
2 8 1 2769 84
15 8 5 2718 80
28 9 0 2769 6
27 9 6 2706 21
10 9 2 2682 77
1 8 9 2311 89
7 9 4 2719 30
12 8 5 2798 64
8 8 2 2759 44
26 9 3 2713 64
15 9 1 2853 44
20 7 9 2418 83
8 9 6 2803 45
5 9 6 2848 43
14 6 8 2431 27
22 9 1 2897 16
14 7 3 2777 91
0 9 3 2868 12
14 8 1 2913 38
1 9 7 2447 69
2 9 9 2853 5
20 8 4 2749 68
24 9 8 2482 66
21 9 5 2862 42
3 9 0 2775 96
12 9 8 2862 43
23 9 5 2904 12
17 9 0 2871 32
29 9 5 2916 66
13 9 7 2697 57
20 9 5 2982 52
14 9 2 2951 69
