8 0 2 0 14
0 0 2 14 51
12 0 0 0 62
17 0 1 0 30
10 0 4 0 93
15 0 0 62 22
11 0 8 0 60
13 0 6 0 72
13 1 1 72 9
28 0 0 84 85
27 0 3 0 72
7 0 7 0 93
10 1 6 93 23
17 1 3 72 98
10 2 0 169 51
15 1 9 84 94
1 0 4 93 64
12 1 7 93 15
10 3 8 220 54
4 0 4 157 41
25 0 9 178 50
4 1 6 198 12
25 1 5 228 44
14 0 0 220 50
22 0 4 198 28
17 2 7 170 79
18 0 8 274 37
23 0 7 249 30
16 0 9 228 55
1 1 7 279 33
16 1 3 283 67
8 1 0 270 44
12 2 8 311 69
26 0 7 312 94
3 0 3 350 82
0 1 7 406 59
28 1 2 169 85
8 2 8 380 13
24 0 1 81 28
2 0 6 210 83
5 0 4 226 98
23 1 3 432 91
3 1 1 432 23
11 1 0 314 14
16 2 6 350 77
4 2 9 283 12
27 1 8 393 98
27 2 9 491 5
7 1 2 254 97
16 3 4 427 30
15 2 5 272 16
28 2 8 491 39
2 1 1 455 23
14 1 1 478 14
11 2 4 457 70
18 1 7 465 72
9 0 7 537 82
21 0 1 492 70
0 2 1 562 35
23 2 8 530 52
24 1 4 527 7
4 3 3 523 77
10 4 3 600 49
25 2 2 351 64
3 2 2 455 93
14 2 7 619 90
14 3 5 709 46
20 0 2 548 58
11 3 9 527 55
25 3 8 582 38
11 4 1 597 23
18 2 2 606 52
15 3 3 649 73
3 3 4 548 78
19 0 1 620 73
28 3 1 693 98
1 2 5 755 75
5 1 3 722 28
14 4 3 755 71
23 3 4 626 80
29 0 3 826 78
2 2 2 658 72
29 1 6 904 49
16 4 7 709 6
3 4 6 953 88
5 2 6 1041 42
2 3 3 904 7
28 4 7 791 24
3 5 7 1041 53
13 2 7 1094 15
2 4 9 911 72
12 3 9 983 23
20 1 0 606 26
9 1 9 1006 15
2 5 0 983 6
21 1 8 620 23
27 3 4 706 28
27 4 2 734 9
21 2 5 830 26
28 5 3 911 71
15 4 2 743 54
7 2 3 982 43
9 2 3 1025 72
22 1 6 1083 76
6 0 0 989 32
12 4 1 1006 82
21 3 4 856 14
19 1 3 1097 83
27 5 5 856 95
26 1 0 1021 17
24 2 7 1109 46
10 5 1 1088 96
22 2 7 1159 25
7 3 5 1025 73
29 2 2 953 46
1 3 2 999 33
28 6 5 1098 60
11 5 5 1158 83
19 2 7 1184 45
14 5 4 870 48
7 4 0 1098 24
19 3 2 1229 76
20 2 1 1184 48
25 4 4 918 93
20 3 8 1232 52
10 6 2 1305 56
29 3 1 1232 11
25 5 6 1159 33
23 4 0 1122 21
21 4 6 1192 90
0 3 5 1241 73
14 6 2 1361 80
10 7 9 1361 36
27 6 6 1282 64
2 6 4 1011 39
27 7 1 1346 43
20 4 7 1284 34
8 3 5 1314 67
2 7 5 1381 52
22 3 0 1184 17
9 3 4 1097 26
11 6 3 1241 38
17 3 0 1201 22
26 2 6 1346 87
5 3 9 1397 72
4 4 1 1389 70
6 1 8 1284 22
7 5 8 1306 68
23 5 5 1433 8
24 3 6 1433 92
13 3 5 1441 28
26 3 2 1441 21
22 4 1 1459 84
16 5 1 1543 32
25 6 7 1318 75
15 5 8 1374 54
1 4 8 1428 10
8 4 1 1575 63
12 5 6 1525 26
24 4 2 1525 77
22 5 2 1602 67
13 4 8 1469 92
17 4 6 1551 79
0 4 9 1469 65
12 6 4 1551 45
5 4 0 1469 15
26 4 8 1561 92
12 7 5 1596 33
24 5 3 1602 15
13 5 9 1561 12
22 6 8 1669 87
14 7 9 1573 61
11 7 2 1669 24
9 4 0 1484 8
6 2 9 1634 96
8 5 3 1638 49
26 5 9 1730 28
5 5 8 1756 15
3 6 9 1758 28
4 5 7 1459 24
1 5 0 1492 28
19 4 4 1596 43
13 6 0 1573 59
26 6 1 1758 61
8 6 7 1687 5
14 8 8 1771 24
4 6 0 1632 81
18 3 4 1639 31
28 7 4 1670 55
19 5 9 1786 29
16 6 8 1795 47
9 5 1 1819 68
9 6 6 1887 21
19 6 0 1815 35
17 5 2 1693 7
6 3 4 1730 15
20 5 6 1908 96
15 6 4 1745 46
8 7 4 1791 17
23 6 9 1815 37
9 7 8 1908 45
15 7 1 1887 97
13 7 3 1687 64
20 6 5 2004 70
0 5 0 1850 27
20 7 4 2074 98
1 6 3 1751 38
18 4 1 1984 82
9 8 2 1953 99
12 8 3 1789 12
21 5 2 2052 93
3 7 8 1953 65
6 4 6 2004 78
11 8 7 1693 37
23 7 2 2145 15
15 8 6 2082 61
7 6 9 1852 88
7 7 1 2066 42
8 8 6 2143 85
24 6 9 1940 69
18 5 9 2066 54
1 7 6 2228 53
27 8 0 1877 50
13 8 4 2172 87
25 7 0 1927 41
21 6 3 2145 21
10 8 5 2074 53
5 6 5 2127 94
5 7 2 2221 33
0 6 6 2281 13
18 6 5 2221 7
22 7 3 2166 43
28 8 9 2120 22
7 8 4 2259 35
0 7 3 2294 81
29 4 0 1968 90
21 7 0 2166 42
23 8 6 2294 12
25 8 1 2108 24
12 9 2 2254 37
9 9 5 2228 27
20 8 3 2375 80
1 8 9 2281 49
6 5 3 2455 31
27 9 7 1927 96
29 5 5 2255 20
6 6 5 2486 7
18 7 6 2306 82
24 7 8 2018 54
22 8 9 2330 88
29 6 9 2418 34
19 7 5 2493 92
1 9 1 2330 55
2 8 8 2072 90
17 6 8 2162 36
4 7 5 2585 73
24 8 0 2208 47
18 8 3 2486 73
3 8 5 2658 21
7 9 6 2388 72
17 7 9 2452 36
21 8 7 2208 18
26 7 4 2294 63
6 7 1 2493 94
16 7 5 2679 93
5 8 1 2587 51
26 8 3 2559 34
17 8 5 2772 9
16 8 2 2772 6
26 9 5 2781 77
20 9 9 2488 94
19 8 8 2585 39
14 9 6 2460 44
25 9 3 2593 5
4 8 2 2778 62
11 9 6 2504 48
6 8 2 2840 23
17 9 4 2781 92
29 7 7 2452 6
3 9 0 2679 61
10 9 7 2458 52
13 9 2 2863 73
0 8 8 2624 32
21 9 9 2582 36
5 9 7 2638 99
6 9 7 2863 86
18 9 0 2740 49
8 9 9 2618 66
16 9 0 2789 40
28 9 6 2552 35
29 8 4 2873 70
15 9 7 2949 75
2 9 7 3024 21
22 9 5 2858 84
23 9 1 2638 92
19 9 6 2624 28
0 9 4 2943 74
29 9 8 2943 74
24 9 5 2942 39
4 9 8 3017 6
