23 0 8 0 32
0 0 0 0 66
18 0 0 66 84
20 0 7 0 62
0 1 2 66 84
0 2 3 150 26
12 0 9 0 43
11 0 4 0 72
11 1 3 176 24
21 0 2 150 33
16 0 4 72 49
22 0 4 121 50
26 0 5 0 87
21 1 5 183 46
25 0 7 62 48
10 0 8 32 9
23 1 1 32 79
3 0 1 111 57
16 1 7 121 50
24 0 5 229 13
27 0 6 0 71
4 0 0 150 52
17 0 1 168 25
11 2 0 202 30
9 0 9 43 81
27 1 5 242 20
6 0 7 171 97
12 1 1 193 13
13 0 0 232 14
8 0 7 268 58
1 0 3 200 32
16 2 1 206 15
2 0 4 171 43
23 2 3 232 97
18 1 6 150 83
13 1 6 246 26
21 2 4 229 74
5 0 7 326 95
25 1 2 183 59
0 3 7 421 29
26 1 0 246 18
21 3 0 303 56
9 1 6 272 71
14 0 2 242 12
18 2 1 233 71
12 2 6 343 70
19 0 1 304 14
1 1 0 359 97
3 1 5 262 40
28 0 0 456 50
2 1 3 329 68
24 1 3 397 5
15 0 1 318 78
2 2 8 397 47
20 1 9 124 19
17 1 0 506 47
14 1 0 553 43
2 3 9 444 68
22 1 3 402 71
23 3 5 329 38
5 1 0 596 33
15 1 5 396 50
11 3 8 444 56
4 1 4 303 30
9 2 5 446 7
0 4 9 512 94
1 2 6 456 55
28 1 9 606 42
18 3 5 453 68
29 0 3 473 32
19 1 0 629 38
25 2 0 667 20
22 2 6 511 50
27 2 8 500 20
28 2 3 648 72
1 3 2 511 88
0 5 6 606 98
27 3 1 520 78
24 2 2 599 25
13 2 1 598 71
9 3 1 669 39
25 3 9 687 7
15 2 6 704 84
0 6 8 704 7
28 3 5 720 7
28 4 1 727 77
12 3 7 450 93
6 1 5 727 92
13 3 3 720 46
20 2 6 788 38
14 2 5 819 96
6 2 1 819 31
8 1 9 694 50
18 4 9 744 89
28 5 7 804 58
18 5 8 833 11
24 3 0 687 86
3 2 0 773 78
27 4 3 766 39
16 3 8 844 13
26 2 9 833 48
29 1 9 881 95
0 7 5 915 98
22 3 2 624 97
5 2 1 850 5
20 3 3 826 15
17 2 7 862 60
14 3 6 915 7
12 4 0 851 95
4 2 3 841 48
5 3 6 922 17
17 3 8 922 33
2 4 1 855 57
3 3 6 939 9
16 4 0 946 93
7 0 2 721 79
19 2 6 948 88
10 1 0 1039 86
29 2 2 976 13
21 4 6 1036 84
23 4 9 976 49
7 1 4 800 6
8 2 2 989 19
13 4 8 955 80
25 4 5 1013 31
7 2 7 922 20
10 2 9 1125 6
29 3 0 1125 73
14 4 3 922 45
1 4 8 1035 93
25 5 6 1120 97
17 4 4 955 53
14 5 7 967 20
21 5 9 1131 83
12 5 8 1128 12
24 4 1 912 95
13 5 5 1044 31
20 4 8 1140 64
16 5 6 1217 50
11 4 2 1008 43
18 6 3 967 60
11 5 1 1051 61
4 3 5 1075 48
27 5 0 1198 17
21 6 8 1214 19
13 6 4 1075 37
1 5 9 1214 88
2 5 6 1267 20
26 3 2 1051 43
26 4 1 1112 30
8 3 8 1233 93
2 6 5 1287 81
4 4 1 1142 26
1 6 1 1302 20
22 4 9 1302 8
25 6 1 1322 89
16 6 9 1310 32
6 3 8 1326 5
4 5 9 1342 17
0 8 1 1411 45
22 5 0 1310 17
19 3 5 1368 5
1 7 4 1322 50
8 4 6 1326 49
26 5 6 1375 97
29 4 6 1472 97
19 4 4 1373 77
27 6 7 1215 50
28 6 4 1450 78
16 7 5 1373 59
5 4 5 1432 70
7 3 8 1331 45
14 6 1 1456 13
3 4 2 1094 49
28 7 2 1528 89
24 5 9 1359 28
14 7 9 1469 29
15 3 0 1327 42
29 5 8 1569 24
12 6 4 1528 15
17 5 5 1502 37
8 5 3 1375 25
14 8 4 1543 60
3 5 9 1498 17
23 5 4 1603 76
13 7 9 1515 27
3 6 3 1515 32
5 5 3 1547 57
27 7 2 1617 44
15 4 8 1593 84
5 6 4 1679 34
23 6 6 1679 76
7 4 6 1755 34
25 7 4 1713 32
15 5 4 1745 30
22 6 7 1327 19
19 5 7 1450 92
23 7 0 1755 56
3 7 4 1775 30
12 7 2 1661 78
17 6 9 1542 73
9 4 2 1739 16
18 7 4 1805 50
4 6 6 1789 93
10 3 3 1604 71
5 7 2 1755 61
6 4 2 1816 79
10 4 6 1882 97
24 6 6 1979 78
15 6 9 1775 76
2 7 2 1895 60
27 8 9 1851 42
5 8 8 1816 62
1 8 7 1542 17
20 5 2 1955 64
8 6 5 1539 85
28 8 6 2057 70
17 7 2 2019 22
8 7 4 1855 50
9 5 8 1878 42
15 7 2 2041 57
20 6 4 2019 8
9 6 0 1920 71
9 7 4 2027 84
17 8 3 2041 87
6 5 4 2111 5
6 6 3 2128 67
23 8 2 2098 78
11 6 7 1559 82
16 8 3 2195 10
12 8 5 1739 97
15 8 7 2098 87
10 5 5 1979 85
0 9 4 2116 43
26 6 7 2185 47
20 7 1 2027 61
29 6 4 2159 49
25 8 3 2205 25
24 7 8 2057 24
21 7 7 2232 8
27 9 4 2208 38
3 8 8 2081 87
9 8 3 2230 56
4 7 8 2168 97
8 8 0 1991 93
7 5 3 2286 24
22 7 8 2265 92
23 9 7 2240 54
10 6 4 2246 16
1 9 5 2064 5
24 8 7 2294 10
11 7 6 2127 40
10 7 2 2262 42
4 8 7 2304 49
28 9 8 2357 36
17 9 6 2167 79
11 8 5 2167 59
19 6 8 2393 24
24 9 4 2304 39
5 9 9 1893 39
7 6 9 2310 26
7 7 5 2336 68
14 9 8 2417 33
13 8 7 2353 92
2 8 7 2445 94
6 7 0 2195 5
13 9 2 2445 67
6 8 9 2336 78
12 9 3 2310 14
15 9 3 2324 59
22 8 5 2404 54
29 7 5 2458 57
20 8 0 2200 19
3 9 7 2539 77
29 8 1 2515 68
10 8 7 2616 81
21 8 3 2383 32
11 9 9 2414 43
16 9 2 2512 35
26 7 8 2450 65
29 9 7 2697 94
19 7 2 2547 73
26 8 3 2515 69
7 8 1 2583 16
22 9 1 2599 52
20 9 5 2515 33
4 9 2 2620 89
6 9 6 2414 60
7 9 0 2599 46
2 9 0 2645 62
18 8 2 2709 33
19 8 9 2620 52
26 9 4 2584 27
21 9 1 2651 97
10 9 1 2748 81
25 9 8 2515 41
19 9 3 2672 71
8 9 1 2829 26
18 9 7 2791 97
9 9 7 2888 99
