4 0 10 0 87
3 0 5 0 77
10 0 7 0 65
5 0 0 0 20
14 0 9 0 37
4 1 4 87 28
11 0 1 0 34
9 0 11 0 37
0 0 4 115 21
10 1 3 65 96
3 1 0 77 96
11 1 2 34 47
6 0 8 0 69
12 0 3 161 50
4 2 8 115 50
10 2 0 173 47
13 0 9 37 84
10 3 4 220 75
5 1 2 81 71
6 1 4 295 96
12 1 7 211 57
6 2 12 391 17
0 1 3 211 55
1 0 11 37 54
7 0 4 391 58
2 0 9 121 83
14 1 10 87 81
13 1 7 268 45
7 1 13 449 90
14 2 11 168 61
11 2 3 266 58
6 3 0 408 69
10 4 12 408 69
1 1 4 449 83
4 3 2 165 59
0 2 6 266 71
9 1 5 77 80
7 2 11 539 76
0 3 14 337 98
6 4 7 477 45
11 3 5 324 51
14 3 14 435 57
1 2 1 532 77
9 2 4 532 75
7 3 3 615 81
14 4 8 492 57
3 2 9 204 28
9 3 8 607 55
3 3 6 337 7
0 4 10 435 12
12 2 13 539 61
2 1 5 375 77
10 5 14 492 58
11 4 4 607 62
9 4 7 662 50
13 2 5 452 15
6 5 11 615 31
3 4 4 669 95
14 5 0 549 52
1 3 7 712 64
2 2 2 452 87
14 6 7 776 74
6 6 6 646 78
1 4 8 776 34
4 4 0 601 46
7 4 7 850 23
13 3 14 550 41
4 5 11 647 45
2 3 7 873 38
12 3 5 600 20
5 2 4 764 78
6 7 10 724 20
8 0 5 620 27
11 5 6 724 44
12 4 11 692 85
1 5 14 810 79
11 6 9 768 8
12 5 12 777 90
1 6 12 889 43
11 7 7 911 17
12 6 2 867 58
7 5 9 873 28
14 7 6 850 62
9 5 0 712 94
11 8 10 928 97
8 1 1 647 46
7 6 1 901 18
13 4 10 1025 18
10 6 10 1043 33
0 5 2 925 34
6 8 3 744 27
6 9 13 771 87
10 7 1 1076 71
6 10 1 1147 74
14 8 12 932 30
10 8 9 1147 22
3 5 13 858 35
8 2 6 912 67
4 6 14 889 9
12 7 4 925 63
13 5 4 1043 82
8 3 8 979 27
11 9 8 1025 29
8 4 13 1006 19
0 6 9 1169 16
8 5 10 1076 80
2 4 4 1125 60
2 5 12 1185 98
6 11 5 1221 84
5 3 13 1025 66
5 4 3 1091 14
8 6 2 1156 17
2 6 0 1283 93
0 7 1 1221 21
1 7 0 1376 55
5 5 12 1283 8
4 7 9 1185 43
2 7 13 1376 17
2 8 6 1393 41
13 6 11 1125 29
6 12 14 1305 76
8 7 3 1173 48
12 8 10 1156 84
0 8 0 1431 53
1 8 3 1431 77
12 9 1 1242 39
7 7 2 1173 32
0 9 7 1484 26
9 6 9 1228 14
10 9 13 1393 32
0 10 8 1510 52
13 7 2 1205 70
3 6 7 1510 35
11 10 11 1154 15
7 8 12 1291 86
8 8 7 1545 62
4 8 6 1434 52
10 10 5 1425 57
3 7 8 1562 76
5 6 14 1381 42
2 9 10 1434 44
2 10 3 1508 69
8 9 11 1607 12
5 7 6 1486 28
7 9 8 1638 99
9 7 6 1514 41
9 8 14 1555 72
1 9 6 1555 19
13 8 1 1281 67
3 8 11 1638 9
11 11 13 1425 66
13 9 3 1577 30
9 9 3 1627 50
14 9 1 1348 52
4 9 7 1607 27
8 10 14 1627 28
5 8 1 1514 54
5 9 9 1568 33
9 10 10 1677 61
12 10 9 1601 87
2 11 11 1647 49
9 11 13 1738 79
1 10 9 1688 37
14 10 2 1400 38
5 10 11 1696 89
6 13 2 1438 94
0 11 5 1562 95
2 12 8 1737 24
4 10 1 1634 91
0 12 12 1657 31
4 11 13 1817 41
2 13 1 1761 87
7 10 14 1737 97
3 9 12 1688 95
13 10 13 1858 50
1 11 5 1725 79
3 10 2 1783 43
14 11 13 1908 68
3 11 1 1848 75
10 11 8 1761 79
5 11 8 1840 26
1 12 10 1804 92
3 12 10 1923 61
6 14 9 1725 81
9 12 2 1826 98
8 11 4 1655 98
5 12 7 1866 37
14 12 4 1976 54
10 12 2 1924 14
0 13 11 1785 42
3 13 14 1984 10
4 12 3 1858 16
13 11 6 1908 23
14 13 3 2030 54
4 13 5 1874 59
13 12 0 1931 20
1 13 13 1976 62
12 11 6 1931 21
8 12 0 1951 42
11 12 12 1783 40
7 11 0 1993 24
13 13 12 1951 21
9 13 12 1972 18
7 12 10 2017 45
11 13 0 2017 44
10 13 11 1938 31
8 13 9 1993 48
5 13 10 2062 33
12 12 14 1994 56
12 13 8 2050 32
11 14 14 2061 38
2 14 14 2099 25
5 14 5 2095 43
9 14 1 1990 63
7 13 6 2062 72
4 14 12 1990 39
12 14 0 2082 57
10 14 6 2134 60
1 14 2 2038 66
13 14 8 2082 38
14 14 5 2138 16
7 14 5 2154 25
3 14 3 2084 79
0 14 13 2038 39
8 14 12 2041 50
