8 0 11 0 21
12 0 2 0 17
9 0 11 21 42
1 0 1 0 67
11 0 12 0 80
1 1 3 67 74
4 0 9 0 98
8 1 5 21 42
4 1 8 98 57
9 1 1 67 93
1 2 7 141 41
12 1 7 182 62
8 2 9 98 91
9 2 3 160 95
5 0 11 63 66
12 2 5 244 75
9 3 13 255 45
1 3 2 182 57
13 0 11 129 93
11 1 1 160 21
14 0 13 300 76
1 4 14 239 52
2 0 6 0 97
13 1 6 222 57
10 0 4 0 97
1 5 0 291 14
10 1 12 97 81
7 0 6 279 41
8 3 2 239 28
14 1 3 376 27
7 1 5 320 39
14 2 4 403 26
11 2 10 181 10
3 0 10 191 23
8 4 0 305 52
3 1 12 214 49
3 2 3 403 32
12 3 9 319 35
9 4 9 354 28
13 2 1 279 71
11 3 5 359 73
1 6 9 382 64
0 0 5 432 19
12 4 1 354 91
4 2 3 435 73
7 2 11 359 82
4 3 6 508 9
10 2 1 445 58
13 3 12 350 70
2 1 8 155 95
11 4 8 432 70
0 1 6 517 64
12 5 14 445 50
13 4 9 446 93
0 2 11 581 73
3 3 4 435 66
4 4 0 517 73
14 3 9 539 36
5 1 7 244 53
14 4 11 654 8
12 6 3 508 7
13 5 5 539 20
13 6 3 559 15
4 5 7 590 7
7 3 9 575 64
1 7 8 502 84
6 0 4 501 77
13 7 13 574 77
1 8 6 586 78
5 2 5 559 86
0 3 9 654 13
3 4 2 501 43
10 3 7 597 84
10 4 5 681 58
12 7 10 515 64
14 5 10 662 36
5 3 6 664 40
6 1 2 578 55
14 6 0 698 95
2 2 0 793 64
11 5 6 704 49
3 5 0 857 60
1 9 5 739 47
8 5 6 753 88
14 7 8 793 48
7 4 14 639 47
0 4 2 667 84
1 10 13 786 28
14 8 2 841 82
13 8 10 698 58
1 11 4 814 84
4 6 1 597 98
9 5 14 686 77
6 2 9 667 42
2 3 9 857 38
5 4 0 917 14
8 6 12 841 76
11 6 2 923 31
13 9 0 931 12
5 5 3 931 19
12 8 13 814 75
12 9 12 917 94
4 7 4 898 13
10 5 0 943 9
2 4 10 895 59
2 5 12 1011 95
9 6 0 952 84
12 10 0 1036 55
8 7 13 917 86
8 8 10 1003 23
5 6 13 1003 96
2 6 2 1106 17
8 9 1 1026 35
3 6 8 917 41
0 5 14 763 88
0 6 3 950 85
13 10 2 1123 67
11 7 13 1099 34
10 6 11 952 87
0 7 10 1035 41
6 3 5 786 74
10 7 3 1039 5
10 8 2 1190 44
4 8 13 1133 41
11 8 4 1133 40
14 9 6 923 87
6 4 14 860 91
5 7 4 1173 95
10 9 13 1234 85
14 10 5 1010 6
5 8 2 1268 54
7 5 10 1076 28
14 11 1 1061 63
5 9 10 1322 84
2 7 11 1123 65
6 5 13 1319 33
12 11 6 1091 72
11 9 11 1188 22
13 11 8 1190 68
3 7 7 958 61
0 8 12 1106 53
10 10 6 1319 89
7 6 7 1104 78
4 9 5 1174 40
6 6 10 1406 16
13 12 14 1258 7
5 10 12 1406 97
10 11 10 1422 77
6 7 12 1503 54
1 12 10 1499 63
1 13 12 1562 26
3 8 13 1352 70
13 13 7 1265 29
4 10 11 1214 85
11 10 0 1210 15
4 11 10 1562 37
10 12 9 1499 96
2 8 13 1422 93
6 8 0 1557 18
8 10 7 1294 52
4 12 2 1599 68
2 9 3 1515 10
2 10 5 1525 73
3 9 9 1595 49
13 14 4 1294 52
0 9 13 1515 80
0 10 1 1595 66
9 7 10 1599 8
10 13 14 1595 39
9 8 7 1607 45
7 7 13 1595 49
8 11 4 1346 91
12 12 8 1258 47
5 11 8 1503 16
7 8 1 1661 79
6 9 3 1575 87
12 13 4 1437 11
14 12 7 1652 56
3 10 11 1644 17
9 9 4 1652 70
5 12 14 1634 52
14 13 12 1708 36
12 14 11 1661 90
0 11 7 1708 46
0 12 8 1754 59
6 10 7 1754 60
14 14 14 1744 15
3 11 6 1661 90
5 13 1 1740 76
7 9 4 1740 58
3 12 1 1816 85
6 11 8 1814 13
0 13 4 1813 25
2 11 1 1901 11
8 12 3 1662 47
7 10 2 1798 92
6 12 6 1827 33
2 12 4 1912 85
0 14 0 1838 62
11 11 14 1759 82
2 13 14 1997 46
9 10 5 1722 37
3 13 14 2043 99
7 11 3 1890 79
9 11 6 1860 86
5 14 9 1816 87
7 12 12 1969 6
9 12 12 1975 64
3 14 5 2142 85
4 13 14 2142 79
4 14 12 2221 17
8 13 14 2221 82
11 12 3 1969 57
1 14 11 1751 46
11 13 9 2026 71
8 14 8 2303 24
7 13 0 1975 69
9 13 8 2327 67
9 14 2 2394 38
6 13 1 1912 33
2 14 7 2043 67
11 14 7 2110 48
7 14 8 2394 76
6 14 11 1945 61
10 14 8 2470 77
