2 0 3 0 96
4 0 2 0 91
12 0 9 0 85
12 1 14 85 58
8 0 13 0 6
2 1 4 96 99
1 0 14 143 42
12 2 3 143 46
4 1 0 91 75
4 2 9 166 98
13 0 10 0 17
13 1 3 189 24
1 1 0 185 39
3 0 14 185 63
5 0 11 0 35
13 2 4 213 89
1 2 4 302 55
10 0 10 17 22
8 1 8 6 86
1 3 12 357 46
8 2 2 92 40
7 0 7 0 77
8 3 9 264 79
5 1 6 35 80
0 0 1 0 26
3 1 11 248 45
4 3 3 264 17
5 2 4 357 39
8 4 12 403 92
6 0 14 248 19
10 1 4 396 89
12 3 8 189 64
3 2 4 485 49
12 4 2 253 49
14 0 3 281 8
8 5 11 495 23
11 0 5 0 73
10 2 12 495 79
9 0 1 26 46
6 1 7 267 57
4 4 10 281 72
6 2 10 353 24
2 2 12 574 34
1 4 1 403 19
4 5 13 353 31
10 3 0 574 7
11 1 14 267 56
4 6 11 518 9
14 1 5 289 17
4 7 14 527 98
13 3 5 306 15
7 1 14 625 72
2 3 6 608 60
11 2 2 323 37
2 4 7 668 43
3 3 1 534 74
0 1 12 608 67
0 2 0 675 72
11 3 3 360 22
7 2 5 697 35
5 3 3 396 62
6 3 13 384 91
10 4 9 581 15
5 4 14 697 74
11 4 13 475 25
3 4 8 608 27
9 1 6 668 28
0 3 6 747 74
5 5 5 771 72
2 5 14 771 7
14 2 11 527 56
5 6 10 843 35
0 4 14 821 13
3 5 0 747 30
12 5 6 821 37
12 6 1 858 33
2 6 13 778 12
14 3 7 711 93
6 4 3 475 50
7 3 11 732 90
12 7 4 891 30
9 2 5 843 34
7 4 4 921 68
7 5 6 989 18
14 4 14 834 26
2 7 8 790 11
6 5 0 777 5
8 6 5 877 89
9 3 11 877 77
7 6 3 1007 9
5 7 9 878 25
13 4 11 954 60
11 5 6 1007 58
5 8 1 903 49
14 5 9 903 62
14 6 6 1065 7
8 7 10 966 95
0 5 8 834 43
0 6 4 989 30
7 7 0 1016 33
1 5 8 877 93
0 7 3 1019 19
6 6 11 1014 49
13 5 1 1014 42
5 9 8 970 52
3 6 9 965 72
11 6 1 1065 8
9 4 4 1019 47
13 6 8 1056 98
3 7 7 1037 9
13 7 2 1154 64
8 8 6 1072 91
1 6 9 1037 80
14 7 10 1072 88
4 8 7 1046 50
4 9 5 1096 37
10 5 1 1073 6
8 9 7 1163 72
10 6 11 1079 30
14 8 0 1160 97
6 7 12 1063 18
12 8 5 1133 26
8 10 0 1257 80
1 7 5 1159 26
8 11 1 1337 60
8 12 3 1397 56
11 7 7 1235 93
2 8 11 1109 70
0 8 10 1160 23
3 8 12 1081 99
12 9 0 1337 20
11 8 4 1328 88
8 13 4 1453 51
11 9 8 1416 17
13 8 13 1218 92
13 9 0 1357 63
13 10 7 1420 52
1 8 10 1185 7
0 9 11 1183 85
7 8 8 1433 60
14 9 1 1397 7
5 10 7 1472 63
9 5 0 1420 10
10 7 6 1163 38
9 6 14 1430 49
6 8 9 1117 58
6 9 5 1185 24
11 10 12 1433 9
13 11 12 1472 54
11 11 11 1442 69
7 9 10 1493 18
0 10 5 1268 98
10 8 5 1366 11
3 9 13 1310 60
10 9 8 1493 52
14 10 2 1404 43
9 7 8 1545 77
11 12 10 1511 71
9 8 10 1622 48
3 10 5 1377 69
3 11 6 1446 69
5 11 2 1535 90
9 9 7 1670 24
4 10 4 1504 8
9 10 12 1694 8
2 9 10 1670 43
8 14 14 1504 23
6 10 8 1622 52
9 11 2 1702 72
0 11 13 1370 43
1 9 6 1515 50
3 12 2 1774 84
13 12 6 1565 75
5 12 13 1625 21
12 10 13 1646 74
2 10 0 1713 91
6 11 1 1674 88
10 10 3 1545 20
4 11 8 1674 65
7 10 12 1702 10
0 12 2 1858 38
4 12 1 1762 90
1 10 11 1565 57
1 11 3 1622 73
10 11 7 1694 5
6 12 2 1896 68
14 11 8 1739 29
12 11 10 1720 77
9 12 13 1774 55
14 12 13 1829 35
3 13 3 1858 40
0 13 7 1896 8
13 13 14 1640 23
10 12 14 1699 9
4 13 12 1852 91
2 11 1 1852 68
7 11 13 1864 60
12 12 12 1943 99
3 14 10 1898 59
11 13 9 1582 85
4 14 6 1943 71
12 13 11 2042 56
7 12 1 1924 38
6 13 6 2014 20
7 13 2 1964 99
9 13 9 1829 29
7 14 9 2063 15
14 13 12 2042 87
5 13 12 2129 47
10 13 2 2063 20
2 12 9 2078 11
14 14 4 2129 57
9 14 3 1898 40
10 14 13 2083 28
6 14 4 2186 53
12 14 7 2098 21
2 13 5 2089 68
1 12 2 2083 9
0 14 9 2089 75
1 13 7 2119 61
5 14 0 2176 38
2 14 2 2157 72
1 14 13 2180 72
13 14 9 2164 38
11 14 0 2214 55
