9 0 2 0 84
4 0 12 0 69
12 0 7 0 49
6 0 10 0 83
4 1 9 69 59
8 0 4 0 82
2 0 0 0 32
6 1 13 83 46
9 1 5 84 7
1 0 6 0 40
7 0 7 49 73
0 0 10 83 51
5 0 13 129 78
1 1 9 128 88
0 1 14 134 43
12 1 0 49 49
13 0 3 0 25
14 0 3 25 92
6 2 9 216 7
9 2 9 223 66
3 0 5 91 23
3 1 6 114 9
4 2 3 128 28
14 1 7 122 93
3 2 0 123 75
2 1 3 156 49
14 2 0 215 99
14 3 1 314 40
2 2 10 205 5
10 0 3 205 44
5 1 12 207 53
10 1 6 249 58
3 3 12 260 37
14 4 10 354 37
10 2 13 307 14
3 4 11 297 43
1 2 10 391 77
0 2 7 215 80
13 1 4 82 85
8 1 1 354 34
9 3 10 468 6
2 3 5 210 64
4 3 14 177 62
2 4 7 295 58
14 5 12 391 69
12 2 4 167 71
3 5 2 340 79
9 4 4 474 28
10 3 8 321 65
11 0 14 239 43
13 2 0 314 66
1 3 5 468 59
6 3 12 460 65
13 3 2 419 45
5 2 11 340 17
8 2 3 388 92
9 5 13 502 27
12 3 5 527 78
1 4 11 527 20
0 3 4 502 18
14 6 5 605 66
5 3 5 671 29
7 1 10 474 71
0 4 6 520 38
11 1 10 545 72
12 4 9 605 44
0 5 3 558 24
10 4 1 388 72
4 4 13 529 36
2 5 8 386 80
13 4 10 617 95
0 6 2 582 67
14 7 6 671 57
14 8 14 728 22
11 2 5 700 78
11 3 11 778 12
9 6 6 728 79
6 4 11 790 69
14 9 9 750 44
8 3 2 649 8
6 5 6 859 62
10 5 5 778 14
9 7 7 807 70
8 4 0 657 38
9 8 0 877 85
8 5 8 695 45
6 6 0 962 16
6 7 2 978 58
5 4 4 700 82
6 8 8 1036 66
4 5 1 565 26
12 5 10 712 41
10 6 12 792 52
4 6 6 921 84
9 9 1 962 94
12 6 12 844 91
12 7 13 935 84
8 6 6 1005 21
11 4 12 935 17
6 9 5 1102 83
2 6 6 1026 94
10 7 4 844 21
8 7 5 1185 35
7 2 8 1102 64
1 5 3 582 52
4 7 11 1005 16
3 6 4 865 75
14 10 8 1166 73
14 11 13 1239 97
10 8 9 865 25
7 3 6 1166 10
12 8 8 1239 91
11 5 0 978 46
3 7 3 940 34
0 7 12 952 15
4 8 8 1330 54
7 4 9 1176 20
6 10 7 1185 90
5 5 2 1036 23
9 10 3 1056 60
8 8 12 1220 52
2 7 11 1120 11
2 8 1 1131 26
9 11 14 1116 80
0 8 11 1131 24
0 9 13 1336 72
5 6 9 1196 12
6 11 14 1275 42
3 8 7 1275 20
0 10 8 1408 45
4 9 5 1384 42
5 7 8 1453 64
10 9 0 1024 5
5 8 1 1517 86
12 9 6 1330 21
1 6 8 1517 70
11 6 9 1208 27
10 10 11 1155 51
7 5 11 1206 99
7 6 4 1305 24
2 9 13 1408 26
1 7 0 1587 40
7 7 14 1329 65
4 10 2 1426 54
1 8 4 1627 32
12 10 11 1351 47
7 8 5 1426 82
7 9 3 1508 72
4 11 0 1627 6
8 9 9 1272 35
9 12 12 1272 39
1 9 13 1659 76
12 11 14 1398 28
14 12 11 1398 18
12 12 3 1580 61
5 9 7 1603 59
1 10 12 1735 43
4 12 10 1633 40
13 5 12 1778 21
1 11 7 1778 31
5 10 6 1662 5
10 11 7 1809 61
0 11 5 1508 80
8 10 11 1416 15
13 6 8 1799 84
13 7 5 1883 24
3 9 13 1735 10
13 8 9 1907 53
3 10 14 1745 83
7 10 12 1799 43
8 11 14 1828 23
0 12 9 1960 64
10 12 14 1870 55
3 11 10 1828 68
12 13 2 1641 70
13 9 7 1960 67
10 13 10 1925 42
13 10 6 2027 91
1 12 2 1809 21
11 7 6 2118 51
7 11 1 1842 82
6 12 4 1659 81
0 13 1 2024 44
11 8 2 2169 63
5 11 3 1667 68
0 14 0 2068 88
6 13 3 1740 69
8 12 10 1967 6
9 13 8 1883 66
13 11 11 2118 11
2 10 14 1925 59
5 12 14 1984 59
4 13 7 2027 88
9 14 11 2129 29
3 12 9 2024 52
7 12 13 1924 27
13 12 13 2129 32
4 14 4 2115 79
11 9 1 2232 79
1 13 14 2043 5
2 11 9 2076 85
14 13 2 2232 69
2 12 4 2194 47
12 14 1 2311 93
2 13 12 2241 96
13 13 1 2404 30
11 10 8 2311 79
8 13 13 2161 83
2 14 2 2337 14
1 14 1 2434 47
11 11 7 2390 91
5 13 10 2043 13
13 14 14 2434 89
3 13 8 2390 66
11 12 4 2481 49
10 14 2 2351 36
14 14 4 2530 41
6 14 1 2481 85
3 14 1 2566 9
8 14 7 2481 30
7 13 2 2387 24
11 13 13 2530 26
11 14 3 2556 93
7 14 0 2411 33
5 14 0 2444 56
