4 0 12 0 97
0 0 9 0 65
13 0 10 0 98
8 0 3 0 12
7 0 3 12 54
2 0 14 0 73
4 1 5 97 7
11 0 10 98 92
5 0 1 0 72
2 1 3 73 82
9 0 0 0 87
4 2 9 104 96
4 3 4 200 15
14 0 1 72 70
1 0 0 87 64
8 1 8 12 69
8 2 6 81 26
3 0 1 142 12
12 0 0 151 49
3 1 6 154 51
5 1 5 104 88
6 0 9 200 15
13 1 12 98 34
10 0 2 0 54
14 1 10 190 17
7 1 7 66 24
3 2 7 205 33
2 2 1 155 23
5 2 2 192 93
3 3 4 238 15
10 1 0 200 22
4 4 14 215 73
7 2 4 253 14
11 1 14 288 36
0 1 10 207 28
0 2 4 267 74
10 2 6 222 61
3 4 14 324 72
13 2 13 132 52
6 1 7 238 82
2 3 12 178 62
1 1 1 178 53
6 2 6 320 21
12 1 13 200 83
0 3 12 341 33
13 3 4 341 26
2 4 6 341 88
8 3 9 215 23
4 5 13 288 43
3 5 10 396 98
4 6 0 331 32
2 5 5 429 21
6 3 14 396 53
6 4 3 449 72
9 1 5 450 12
10 3 4 367 46
2 6 8 450 65
11 2 4 413 22
12 2 3 521 73
4 7 8 515 22
11 3 9 435 9
4 8 11 537 42
14 2 6 429 90
14 3 12 519 67
7 3 8 537 38
0 4 2 374 51
14 4 4 586 14
9 2 7 462 80
13 4 1 367 28
6 5 13 521 49
8 4 14 449 28
5 3 13 570 13
10 4 3 594 73
14 5 8 600 23
14 6 3 667 21
5 4 4 600 44
5 5 14 644 66
12 3 6 594 82
0 5 14 710 75
7 4 5 575 36
10 5 5 667 16
0 6 5 785 73
0 7 8 858 32
4 9 1 579 94
1 2 11 579 83
5 6 6 710 63
2 7 11 662 70
10 6 12 683 6
1 3 2 662 33
10 7 9 689 94
7 5 2 695 52
9 3 4 644 50
9 4 10 694 48
13 5 3 688 39
11 4 3 727 47
12 4 1 676 82
8 5 1 758 82
4 10 2 747 23
11 5 1 840 77
8 6 5 858 33
10 8 14 785 93
10 9 13 878 67
2 8 7 732 53
13 6 8 890 80
3 6 9 783 94
9 5 12 742 90
5 7 7 785 14
7 6 14 878 55
9 6 1 917 72
1 4 4 695 6
8 7 4 891 45
0 8 6 890 13
3 7 5 891 12
7 7 12 933 37
13 7 5 970 29
11 6 12 970 79
7 8 11 970 48
1 5 9 877 52
6 6 2 770 99
5 8 9 929 67
14 7 7 799 18
4 11 7 817 86
7 9 0 1018 93
14 8 13 945 43
5 9 10 996 17
1 6 14 933 72
8 8 13 988 64
11 7 13 1052 36
7 10 13 1111 60
8 9 7 1052 15
10 10 8 970 54
0 9 3 903 81
13 8 9 999 70
5 10 11 1018 85
2 9 10 1013 81
11 8 6 1088 30
12 5 14 1005 92
12 6 11 1103 73
3 8 11 1176 42
4 12 6 1118 78
9 7 13 1171 24
9 8 6 1196 14
6 7 4 936 26
14 9 11 1218 84
10 11 7 1067 75
9 9 8 1210 71
9 10 11 1302 44
12 7 4 1176 31
1 7 8 1281 7
10 12 11 1346 32
5 11 0 1111 35
6 8 12 1049 56
0 10 1 989 35
7 11 10 1171 70
2 10 2 1094 93
5 12 3 1146 68
12 8 10 1241 35
8 10 11 1378 9
14 10 5 1302 26
9 11 9 1346 46
14 11 9 1392 36
11 9 8 1288 98
3 9 2 1218 24
0 11 7 1142 59
13 9 0 1146 43
7 12 1 1241 23
3 10 13 1242 15
9 12 2 1392 15
13 10 6 1210 48
11 10 11 1387 79
8 11 12 1387 73
12 9 9 1428 54
1 8 13 1288 90
12 10 5 1482 7
0 12 13 1378 38
12 11 8 1489 37
3 11 8 1526 28
3 12 3 1554 6
10 13 10 1378 40
11 11 7 1466 7
8 12 10 1460 59
11 12 5 1489 55
3 13 12 1560 99
0 13 11 1466 55
6 9 8 1554 45
8 13 2 1519 37
11 13 2 1556 6
13 11 7 1473 58
12 12 7 1531 72
4 13 10 1519 24
7 13 6 1264 23
14 12 2 1562 93
13 12 2 1655 45
5 13 12 1659 5
1 9 12 1664 21
4 14 3 1560 31
1 10 6 1685 23
2 11 13 1416 77
9 13 14 1407 61
6 10 1 1599 68
0 14 0 1521 27
11 14 0 1562 30
9 14 3 1591 92
14 13 14 1655 84
7 14 9 1482 83
1 11 3 1708 10
2 12 0 1592 61
8 14 0 1653 62
3 14 0 1715 41
2 13 9 1653 28
1 12 10 1718 39
6 11 10 1757 51
12 13 2 1700 52
13 13 14 1739 94
1 13 5 1757 49
10 14 1 1667 97
6 12 0 1808 8
6 13 5 1816 27
2 14 4 1681 78
1 14 7 1806 72
12 14 12 1752 76
13 14 11 1833 96
5 14 8 1664 49
14 14 0 1816 42
6 14 11 1929 96
