3 0 2 0 16
5 0 1 0 25
0 0 0 0 55
5 1 0 55 5
7 0 1 25 5
4 0 1 30 7
4 1 0 60 41
9 0 0 101 77
0 1 1 55 74
2 0 2 16 88
6 0 1 129 24
4 2 4 101 92
2 1 1 153 31
4 3 3 193 94
5 2 4 193 89
1 0 0 178 63
9 1 2 178 74
1 1 1 241 43
3 1 1 284 71
7 1 2 252 7
8 0 0 241 34
6 1 2 259 21
1 2 2 284 51
8 1 2 335 52
4 4 2 387 46
9 2 3 287 82
1 3 3 369 18
8 2 3 387 37
6 2 4 282 47
6 3 0 329 40
5 3 3 424 94
4 5 6 433 79
0 2 2 433 45
2 2 0 369 47
0 3 3 518 23
5 4 2 518 14
6 4 3 541 94
2 3 4 416 10
3 2 0 416 55
7 2 4 426 74
4 6 5 512 34
9 3 4 500 10
8 3 4 510 6
7 3 0 500 28
1 4 4 516 42
3 3 4 558 55
8 4 1 516 94
7 4 3 635 72
0 4 4 613 76
5 5 6 532 94
8 5 6 626 6
9 4 1 610 29
6 5 6 635 71
6 6 7 706 89
2 4 3 707 62
7 5 5 707 61
1 5 7 795 11
8 6 7 806 56
1 6 6 806 29
7 6 7 862 9
5 6 5 768 20
6 7 9 795 75
3 4 3 769 9
3 5 7 871 49
0 5 5 788 19
4 7 9 870 38
3 6 6 920 83
9 5 5 807 15
2 5 5 822 60
8 7 9 908 41
5 7 9 949 23
0 6 6 1003 18
9 6 7 920 51
1 7 5 882 52
8 8 5 949 5
3 7 5 1003 54
9 7 8 971 65
4 8 8 1036 8
0 7 7 1021 61
3 8 9 1057 7
1 8 9 1064 29
6 8 5 1057 97
2 6 6 1021 58
8 9 8 1044 16
6 9 8 1154 15
2 7 7 1082 29
3 9 8 1169 57
7 7 8 1226 53
4 9 7 1111 18
0 8 8 1279 44
0 9 9 1323 11
9 8 9 1334 37
7 8 9 1371 32
5 8 8 1323 44
9 9 6 1371 21
1 9 8 1367 88
7 9 6 1403 97
2 8 8 1455 52
2 9 9 1507 92
5 9 7 1367 39
