2 0 0 0 25
9 0 2 0 20
9 1 9 20 7
2 1 7 25 19
5 0 4 0 17
9 2 5 27 44
7 0 4 17 8
4 0 0 25 27
0 0 0 52 32
8 0 2 20 41
3 0 0 84 24
1 0 0 108 8
4 1 6 52 29
3 1 1 108 18
1 1 3 116 12
6 0 4 25 15
4 2 1 126 39
4 3 3 165 21
8 1 6 81 10
0 1 1 165 14
8 2 8 91 32
3 2 3 186 41
5 1 0 116 15
7 1 6 91 29
7 2 9 120 25
6 1 3 227 31
3 3 8 227 29
1 2 4 128 49
9 3 8 256 22
9 4 6 278 33
0 2 2 179 15
5 2 6 311 51
8 3 7 123 5
5 3 8 362 17
4 4 5 186 15
7 3 3 258 15
4 5 2 201 15
6 2 0 258 25
0 3 3 273 37
9 5 3 311 25
6 3 9 283 12
2 2 3 336 27
3 4 5 256 14
0 4 4 310 18
4 6 9 295 25
3 5 2 270 17
6 4 2 295 13
2 3 2 363 45
1 3 8 379 24
6 5 1 308 51
5 4 2 408 46
0 5 5 328 43
2 4 6 408 21
3 6 4 328 23
1 4 9 403 52
7 4 8 403 17
5 5 3 454 16
4 7 7 320 26
9 6 7 346 29
3 7 7 375 15
2 5 4 429 15
2 6 1 444 13
7 5 2 454 22
4 8 8 420 44
6 6 8 464 19
7 6 7 476 32
0 6 6 429 19
8 4 4 444 21
2 7 5 457 16
4 9 4 465 20
6 7 7 508 21
5 6 9 470 33
8 5 9 503 59
6 8 6 529 12
1 5 6 541 19
0 7 7 529 27
5 7 7 556 25
8 6 3 562 26
3 8 6 560 18
1 6 7 581 23
7 7 5 508 20
7 8 0 528 11
6 9 5 541 26
1 7 5 604 19
9 7 4 485 12
1 8 2 623 17
3 9 9 578 23
7 9 1 539 28
9 8 1 567 14
8 7 1 588 10
1 9 1 640 32
5 8 5 623 30
2 8 8 483 43
9 9 0 581 0
0 8 8 556 28
0 9 9 601 31
8 8 5 653 16
5 9 1 672 25
2 9 9 632 19
8 9 0 669 29
