8 0 0 0 73
3 0 2 0 30
4 0 1 0 53
7 0 1 53 32
2 0 2 30 67
5 0 1 85 20
6 0 1 105 21
1 0 0 73 11
0 0 0 84 96
2 1 1 126 63
8 1 2 97 46
5 1 0 180 44
8 2 3 143 89
9 0 0 224 52
7 1 2 143 63
6 1 2 206 93
3 1 1 189 35
7 2 4 206 36
7 3 0 276 26
5 2 4 242 81
5 3 3 323 88
9 1 2 299 20
4 1 0 302 83
9 2 3 411 70
9 3 4 481 98
0 1 1 224 69
3 2 0 385 27
6 2 4 579 22
4 2 4 601 73
7 4 3 481 17
6 3 0 601 56
9 4 1 579 23
7 5 5 498 85
1 1 1 602 48
5 4 2 411 66
7 6 7 583 15
4 3 3 674 26
5 5 6 477 70
2 2 0 657 93
0 2 2 477 25
0 3 3 700 5
6 4 3 705 34
3 3 4 674 82
1 2 2 650 67
2 3 4 756 85
0 4 4 841 55
2 4 3 841 25
8 3 4 896 24
5 6 5 583 91
8 4 1 920 99
0 5 5 896 15
1 3 3 866 38
1 4 4 920 18
8 5 6 1019 92
3 4 3 904 44
1 5 7 938 24
9 5 5 911 15
3 5 7 962 92
3 6 6 1111 25
9 6 7 1054 81
1 6 6 1136 62
2 5 5 926 72
6 5 6 1198 40
6 6 7 1238 53
8 6 7 1291 7
3 7 5 1136 49
9 7 8 1135 71
0 6 6 1238 88
9 8 9 1206 24
4 4 2 717 77
4 5 6 1326 33
4 6 5 1359 92
4 7 9 1451 99
2 6 6 1359 51
7 7 8 1206 55
1 7 5 1451 92
1 8 9 1550 96
4 8 8 1550 38
8 7 9 1646 51
2 7 7 1410 81
7 8 9 1697 16
7 9 6 1713 82
4 9 7 1588 38
1 9 8 1646 81
0 7 7 1626 11
5 7 9 1713 37
6 7 9 1750 46
8 8 5 1697 19
9 9 6 1795 81
0 8 8 1727 17
8 9 8 1744 14
5 8 8 1758 55
0 9 9 1796 82
2 8 8 1813 58
5 9 7 1813 96
2 9 9 1878 15
6 8 5 1796 29
3 8 9 1893 28
6 9 8 1871 63
3 9 8 1934 77
