1 0 0 0 49
2 0 0 49 26
7 0 2 0 54
4 0 1 0 68
7 1 0 75 41
4 1 0 116 26
2 1 3 75 33
2 2 1 108 82
5 0 0 142 24
6 0 2 54 16
9 0 2 70 45
9 1 0 166 59
3 0 0 225 41
5 1 6 166 80
8 0 2 115 53
2 3 2 190 98
9 2 8 225 81
7 2 3 116 38
8 1 1 190 50
6 1 3 154 13
1 1 3 167 67
0 0 0 266 99
6 2 0 365 9
4 2 5 142 50
3 1 1 266 62
0 1 1 365 74
3 2 4 328 73
0 2 2 439 49
9 3 3 306 99
8 2 4 401 40
3 3 3 405 94
5 2 2 488 91
8 3 0 441 90
6 3 1 439 58
1 2 4 441 82
7 3 4 523 53
2 4 5 288 83
7 4 1 576 11
8 4 7 531 7
9 4 6 405 71
5 3 3 579 55
8 5 5 538 80
7 5 5 618 74
4 3 3 634 46
5 4 1 634 48
4 4 4 680 25
4 5 7 705 88
6 4 4 705 23
3 4 6 499 51
4 6 2 793 6
3 5 5 692 46
0 3 3 680 67
9 5 1 682 19
6 5 7 793 85
1 3 2 799 92
1 4 1 891 62
3 6 2 891 55
7 6 9 692 88
6 6 5 878 36
7 7 6 780 46
1 5 5 953 84
0 4 4 747 17
5 5 8 682 99
8 6 3 747 57
0 5 5 1037 7
9 6 4 764 75
1 6 8 1037 45
9 7 7 878 77
3 7 9 946 31
7 8 7 955 41
2 5 4 839 16
3 8 7 996 64
0 6 6 1044 9
2 6 6 1053 64
4 7 8 1082 13
5 6 4 855 72
1 7 6 1117 30
2 7 7 1117 65
0 7 7 1182 39
6 7 6 1147 89
8 7 9 977 60
0 8 8 1221 35
4 8 9 1095 98
6 8 8 1256 71
5 7 9 1193 91
8 8 6 1236 91
8 9 8 1327 47
7 9 8 1374 65
0 9 9 1284 49
2 8 9 1333 36
9 8 9 1369 94
9 9 5 1463 95
4 9 6 1327 84
6 9 9 1463 41
2 9 8 1439 77
5 8 7 1284 84
3 9 8 1516 46
5 9 5 1558 12
1 8 7 1368 42
1 9 9 1504 71
