9 0 0 0 51
2 0 0 51 52
3 0 0 103 31
0 0 0 134 8
7 0 0 142 44
4 0 0 186 97
3 1 1 134 85
3 2 4 219 55
7 1 9 186 5
2 1 6 103 22
1 0 0 283 63
3 3 8 274 80
7 2 4 274 85
9 1 2 51 5
8 0 0 346 24
0 1 1 219 10
5 0 1 229 97
8 1 1 370 63
3 4 5 354 58
6 0 0 370 34
5 1 5 412 68
8 2 9 433 48
8 3 7 481 77
2 2 1 433 33
0 2 2 229 35
5 2 0 480 44
5 3 9 524 67
1 1 8 354 39
6 1 3 404 76
5 4 2 591 44
1 2 3 480 80
2 3 3 560 68
6 2 8 480 48
6 3 7 558 61
9 2 4 359 40
3 5 7 619 11
0 3 3 628 44
5 5 8 635 85
0 4 4 672 15
1 3 5 560 22
9 3 9 591 60
4 1 5 582 98
9 4 1 651 46
0 5 5 687 92
8 4 8 720 73
4 2 9 680 87
7 3 1 697 51
6 4 9 767 11
9 5 5 779 58
6 5 2 778 36
3 6 6 630 69
9 6 8 837 54
5 6 3 720 78
0 6 6 779 70
2 4 8 891 27
1 4 2 814 88
1 5 1 902 39
9 7 3 891 72
8 5 6 849 74
3 7 9 778 56
6 6 4 814 33
8 6 4 923 63
8 7 5 986 17
4 3 8 918 47
5 7 6 923 90
7 4 5 1003 58
0 7 7 849 89
7 5 7 1061 79
8 8 2 1003 93
1 6 9 941 85
8 9 3 1096 84
2 5 2 1096 68
0 8 8 965 50
5 8 7 1140 33
6 7 6 1013 98
1 7 6 1111 27
9 8 6 1138 29
2 6 5 1164 25
2 7 4 1189 34
4 4 7 1173 77
7 6 2 1164 95
7 7 6 1259 48
6 8 1 1111 7
2 8 7 1250 24
1 8 7 1274 74
4 5 4 1250 90
5 9 4 1340 81
7 8 3 1307 86
0 9 9 1026 12
4 6 3 1393 98
4 7 2 1491 80
2 9 9 1274 84
6 9 5 1189 44
4 8 1 1571 39
7 9 8 1393 73
1 9 4 1421 69
3 8 3 1491 73
3 9 2 1571 25
9 9 7 1348 94
4 9 6 1610 40
