3 0 0 0 18
9 0 0 18 5
6 0 8 0 23
0 0 9 0 11
5 0 9 11 66
3 1 1 18 58
0 1 8 23 93
6 1 9 77 76
1 0 8 116 52
1 1 9 168 76
7 0 9 244 56
0 2 0 116 48
1 2 0 244 84
7 1 8 300 83
3 2 3 76 62
4 0 0 328 78
8 0 9 300 79
5 1 8 383 51
6 2 6 153 45
5 2 3 434 12
0 3 7 164 76
1 3 7 328 73
7 2 7 401 80
1 4 5 401 56
2 0 9 379 28
2 1 8 434 44
1 5 4 457 10
7 3 6 481 16
3 3 2 138 46
5 3 7 481 64
9 1 1 76 19
6 3 7 545 75
3 4 6 497 25
8 1 8 478 69
2 2 7 620 26
8 2 2 547 82
3 5 4 522 6
3 6 5 528 60
1 6 6 522 26
0 4 6 548 13
3 7 7 646 28
5 4 5 588 67
6 4 5 655 24
4 1 1 406 47
6 5 3 679 18
0 5 5 679 71
8 3 4 629 16
1 7 2 629 43
9 2 2 672 20
5 5 4 655 15
4 2 7 674 29
0 6 3 750 59
2 3 6 646 66
5 6 6 712 66
8 4 5 750 62
6 6 4 697 83
1 8 3 809 39
2 4 4 780 68
2 5 5 848 74
7 4 4 848 31
2 6 3 922 27
6 7 2 780 15
3 8 8 674 80
0 7 2 809 90
0 8 4 899 10
7 5 5 922 93
8 5 3 949 41
7 6 3 1015 30
4 3 5 1015 16
4 4 4 1031 29
3 9 9 754 30
8 6 6 990 91
7 7 2 1045 29
4 5 6 1081 57
9 3 3 1045 12
9 4 4 1060 94
6 8 1 795 88
9 5 5 1154 60
0 9 1 909 65
4 6 3 1138 78
4 7 2 1216 87
4 8 8 1303 39
2 7 2 1303 14
8 7 7 1081 35
5 7 2 1317 26
7 8 1 1074 66
1 9 1 1140 49
9 6 6 1214 99
6 9 0 883 17
4 9 9 1342 73
9 7 7 1313 31
8 8 0 1116 34
8 9 1 1189 75
9 8 8 1344 96
5 8 1 1343 20
5 9 0 1363 98
2 8 1 1363 6
2 9 0 1461 21
7 9 0 1482 28
9 9 9 1440 63
