7 0 0 0 19
9 0 0 19 44
3 0 0 63 50
3 1 1 113 31
4 0 0 113 99
3 2 4 144 6
8 0 0 212 83
4 1 5 212 7
9 1 2 63 57
8 1 1 295 21
6 0 0 295 38
3 3 8 150 13
6 1 3 333 68
4 2 9 219 55
6 2 8 401 86
7 1 9 274 11
2 0 0 333 65
5 0 1 316 42
9 2 4 150 69
1 0 0 398 16
3 4 5 219 98
1 1 8 487 95
2 1 6 398 71
0 0 0 414 36
2 2 1 469 9
7 2 4 285 37
7 3 1 478 41
1 2 3 582 67
0 1 1 519 96
1 3 5 649 63
8 2 9 316 23
5 1 5 712 11
6 3 7 487 77
9 3 9 339 50
8 3 7 564 87
1 4 2 712 87
4 3 8 582 78
1 5 1 799 24
0 2 2 799 86
5 2 0 723 5
7 4 5 723 72
4 4 7 660 68
7 5 7 795 7
6 4 9 564 32
2 3 3 649 67
4 5 4 728 81
5 3 9 728 39
8 4 8 660 58
5 4 2 885 10
6 5 2 895 89
6 6 4 984 37
1 6 9 823 62
5 5 8 895 30
3 5 7 802 97
3 6 6 899 93
9 4 1 823 65
8 5 6 992 89
6 7 6 1081 53
0 3 3 885 7
0 4 4 1021 20
7 6 2 984 52
4 6 3 892 90
5 6 3 982 39
2 4 8 925 70
0 5 5 1041 9
0 6 6 1134 39
3 7 9 992 30
9 5 5 1050 69
2 5 2 1036 48
9 6 8 1119 60
4 7 2 1084 75
8 6 4 1081 74
5 7 6 1173 50
2 6 5 1119 49
1 7 6 1223 49
7 7 6 1272 31
9 7 3 1179 58
5 8 7 1223 20
5 9 4 1243 51
2 7 4 1294 66
6 8 1 1134 43
0 7 7 1243 79
4 8 1 1177 66
0 8 8 1322 82
1 8 7 1322 92
8 7 5 1168 29
4 9 6 1303 40
7 8 3 1303 68
9 8 6 1343 89
9 9 7 1432 13
0 9 9 1404 24
3 8 3 1371 34
8 8 2 1197 74
1 9 4 1414 16
7 9 8 1404 10
6 9 5 1197 89
2 8 7 1445 5
3 9 2 1405 83
2 9 9 1450 96
8 9 3 1405 23
