0 0 0 0 72
5 0 0 72 53
8 0 2 0 97
6 0 2 97 29
7 0 2 126 90
8 1 1 97 99
6 1 3 126 96
3 0 0 125 8
5 1 6 125 30
2 0 0 133 86
3 1 1 196 82
4 0 1 278 50
5 2 2 216 7
9 0 2 223 44
9 1 0 267 60
8 2 4 196 93
5 3 3 223 12
3 2 4 289 27
5 4 1 328 68
4 1 0 328 94
3 3 3 316 99
7 1 0 422 19
0 1 1 396 64
2 1 3 415 32
7 2 3 447 87
2 2 1 460 35
0 2 2 460 55
4 2 5 422 43
3 4 6 415 74
1 0 0 441 61
3 5 5 489 9
6 2 0 502 99
7 3 4 534 51
0 3 3 534 31
4 3 3 565 62
9 2 8 327 29
1 1 3 627 27
2 3 2 515 37
3 6 2 552 33
0 4 4 585 53
5 5 8 396 87
6 3 1 601 14
7 4 1 615 84
9 3 3 654 5
0 5 5 638 95
5 6 4 638 28
8 3 0 601 38
1 2 4 666 88
3 7 9 585 20
6 4 4 754 34
9 4 6 659 74
0 6 6 733 11
7 5 5 733 45
2 4 5 778 18
4 4 4 788 55
1 3 2 754 78
2 5 4 843 48
9 5 1 733 85
7 6 9 778 84
9 6 4 891 34
8 4 7 639 13
2 6 6 891 91
1 4 1 832 49
3 8 7 652 59
0 7 7 744 52
8 5 5 796 96
4 5 7 843 48
5 7 9 862 70
8 6 3 892 40
7 7 6 982 58
5 8 7 932 45
4 6 2 891 5
9 7 7 977 95
6 5 7 1072 14
1 5 5 892 83
9 8 9 1072 51
1 6 8 975 91
8 7 9 1123 64
2 7 7 1086 52
6 6 5 1086 7
5 9 5 1093 7
0 8 8 1066 6
2 8 9 1187 60
1 7 6 1066 74
1 8 7 1140 29
7 8 7 1169 81
3 9 8 1072 98
6 7 6 1140 76
6 8 8 1216 57
4 7 8 1273 36
2 9 8 1309 30
1 9 9 1247 87
4 8 9 1334 47
8 8 6 1216 32
0 9 9 1381 84
8 9 8 1339 45
7 9 8 1384 96
6 9 9 1465 76
4 9 6 1381 36
9 9 5 1123 47
