3 0 0 0 49
0 0 0 49 72
2 0 0 121 47
8 0 2 0 28
7 0 4 0 93
7 1 6 93 27
6 0 4 93 76
7 2 9 120 57
3 1 1 49 31
0 1 1 121 54
4 0 0 168 55
3 2 3 80 17
5 0 4 169 46
2 1 7 168 11
3 3 8 97 50
1 0 0 223 16
7 3 3 177 87
3 4 5 147 63
9 0 2 28 22
4 1 6 223 6
4 2 1 229 28
7 4 8 264 86
8 1 6 229 11
5 1 0 239 23
2 2 3 264 14
9 1 9 177 76
5 2 6 262 70
7 5 2 350 54
4 3 3 278 96
0 2 2 404 33
0 3 3 437 86
3 5 2 437 35
0 4 4 523 75
5 3 8 350 19
9 2 5 253 89
2 3 2 472 56
7 6 7 404 24
1 1 3 523 88
2 4 6 528 16
4 4 5 374 86
4 5 2 528 99
0 5 5 598 16
5 4 2 627 54
5 5 3 681 22
1 2 4 611 48
6 1 3 703 60
9 3 8 369 13
0 6 6 614 96
8 2 8 382 78
7 7 5 614 49
6 2 0 763 76
7 8 0 839 20
3 6 4 659 65
6 3 9 839 98
8 3 7 460 85
3 7 7 724 23
1 3 8 659 52
2 5 4 724 83
0 7 7 747 7
4 6 9 937 14
9 4 6 710 88
2 6 1 807 10
1 4 9 951 60
9 5 3 798 10
8 4 4 807 63
5 6 9 1011 85
7 9 1 859 47
4 7 7 951 70
4 8 8 1021 64
1 5 6 1011 29
9 6 7 1021 75
1 6 7 1096 18
5 7 7 1114 87
6 4 2 937 76
1 7 5 1114 89
5 8 5 1203 79
0 8 8 1085 99
1 8 2 1203 80
6 5 1 1013 50
8 5 9 1096 81
6 6 8 1184 86
8 6 3 1177 10
8 7 1 1187 9
2 7 5 1282 61
3 8 6 1040 50
8 8 5 1343 46
6 7 7 1270 14
5 9 1 1282 93
6 8 6 1284 27
6 9 5 1389 57
9 7 4 1096 98
9 8 1 1375 78
1 9 1 1453 76
4 9 4 1194 24
2 8 8 1343 24
2 9 9 1367 58
9 9 0 1453 17
3 9 9 1425 29
8 9 0 1470 32
0 9 9 1454 76
