9 0 0 0 43
6 0 8 0 52
4 0 0 43 34
9 1 1 43 63
9 2 2 106 83
4 1 1 106 74
3 0 0 77 77
8 0 9 0 79
1 0 8 52 34
0 0 9 79 66
7 0 9 145 81
4 2 7 180 48
6 1 9 226 43
0 1 8 145 13
7 1 8 226 23
5 0 9 269 8
2 0 9 277 12
5 1 8 277 85
3 1 1 180 73
9 3 3 189 29
5 2 3 362 58
2 1 8 362 26
8 1 8 388 55
9 4 4 218 52
4 3 5 228 44
3 2 3 420 82
3 3 2 502 75
1 1 9 289 99
7 2 7 249 23
2 2 7 388 64
9 5 5 272 98
6 2 6 269 5
4 4 4 272 92
0 2 0 158 93
4 5 6 364 40
5 3 7 452 97
6 3 7 549 78
0 3 7 627 91
8 2 2 577 88
2 3 6 452 92
2 4 4 544 67
7 3 6 544 75
3 4 6 619 84
5 4 5 549 92
0 4 6 718 14
1 2 0 388 62
6 4 5 641 12
2 5 5 653 28
1 3 7 718 65
6 5 3 653 62
6 6 4 715 21
9 6 6 732 54
0 5 5 732 70
2 6 3 715 66
2 7 2 781 83
5 5 4 736 89
6 7 2 864 80
3 5 4 825 19
9 7 7 786 39
1 4 5 802 62
7 4 4 844 78
5 6 6 825 75
8 3 4 922 21
8 4 5 943 83
9 8 8 825 33
7 5 5 1026 56
0 6 3 802 99
2 8 1 864 38
3 6 5 1082 18
8 5 3 1026 93
1 5 4 943 64
7 6 3 1119 51
7 7 2 1170 39
1 6 6 1007 21
6 8 1 944 60
5 7 2 1209 77
1 7 2 1286 12
3 7 7 1100 89
3 8 8 1189 8
4 6 3 1170 60
4 7 2 1298 62
1 8 3 1298 9
3 9 9 1197 73
8 6 6 1119 47
4 8 8 1360 22
8 7 7 1189 10
0 7 2 1360 53
9 9 9 1270 23
7 8 1 1209 53
0 8 4 1413 86
1 9 1 1307 75
6 9 0 1004 31
8 8 0 1199 63
8 9 1 1382 14
0 9 1 1499 16
2 9 0 1262 58
4 9 9 1382 67
5 8 1 1515 95
7 9 0 1320 96
5 9 0 1610 5
