13 0 4 0 81
13 1 0 81 37
15 0 0 118 5
4 0 2 0 63
9 0 4 81 77
19 0 1 0 13
19 1 4 158 14
2 0 4 172 90
15 1 2 123 55
13 2 1 118 2
12 0 1 120 67
16 0 3 0 26
5 0 0 123 98
7 0 4 262 3
15 2 3 178 62
17 0 0 221 50
19 2 0 271 90
4 1 4 265 5
14 0 3 240 62
5 1 1 221 73
9 1 3 302 87
1 0 2 178 74
18 0 0 361 47
11 0 4 270 70
3 0 4 340 1
1 1 4 341 79
12 1 4 420 62
12 2 3 482 12
11 1 1 340 25
11 2 2 365 75
8 0 1 365 34
13 3 3 494 39
9 2 1 399 92
16 1 1 491 50
19 3 2 440 77
9 3 2 517 83
5 2 4 482 15
2 1 3 533 33
16 2 2 600 58
16 3 0 658 22
4 2 1 541 95
3 1 3 566 22
12 3 2 658 55
10 0 0 680 31
8 1 2 713 55
13 4 2 768 17
18 1 2 785 23
10 1 2 808 66
17 1 2 874 28
8 2 3 768 97
14 1 0 711 31
12 4 0 742 62
8 3 0 865 93
19 4 3 865 80
18 2 1 808 23
3 2 2 902 1
7 1 1 831 59
14 2 4 742 63
15 3 1 890 82
14 3 2 903 31
11 3 0 958 89
14 4 1 972 5
1 2 1 977 39
0 0 2 934 19
19 5 9 945 30
6 0 3 945 51
17 2 1 1016 64
6 1 4 996 47
2 2 1 1080 38
9 4 0 1047 45
9 5 7 1092 75
6 2 2 1043 30
3 3 0 1092 77
10 2 1 1118 58
0 1 1 1176 30
7 2 0 1169 53
2 3 2 1118 73
13 5 7 1167 74
11 4 3 1047 41
7 3 3 1222 20
10 3 4 1176 17
5 3 3 1242 21
7 4 2 1242 19
3 4 1 1206 33
18 3 4 1193 82
9 6 9 1167 60
8 4 4 1275 90
15 4 4 1365 80
17 3 4 1445 34
1 3 0 1222 7
2 4 0 1229 61
7 5 6 1261 20
13 6 6 1281 71
6 3 1 1239 16
4 3 0 1290 7
15 5 6 1445 6
0 2 3 1263 80
7 6 9 1281 16
5 4 2 1263 32
1 4 3 1343 66
3 5 6 1451 98
18 4 3 1409 98
4 4 3 1507 50
18 5 7 1507 66
14 5 9 1297 7
5 5 7 1573 24
4 5 8 1557 46
10 4 3 1557 94
17 4 3 1651 63
7 7 7 1597 90
2 5 8 1603 61
16 4 4 1479 68
2 6 7 1687 76
18 6 6 1573 78
3 6 5 1549 4
8 5 7 1763 81
12 5 5 1553 58
7 8 5 1687 96
1 5 9 1409 6
4 6 9 1603 28
4 7 6 1651 70
1 6 5 1783 93
3 7 9 1631 27
1 7 8 1876 76
15 6 8 1952 7
0 3 0 1343 84
5 6 9 1658 9
6 4 0 1427 51
11 5 7 1844 100
6 5 5 1876 41
10 5 5 1917 63
4 8 5 1980 60
0 4 4 1547 14
8 6 5 2040 63
15 7 7 1959 29
3 8 8 1959 8
6 6 6 1917 79
8 7 8 2103 41
8 8 6 2144 1
19 6 7 1988 31
17 5 7 2019 9
14 6 7 2028 77
11 6 5 2103 73
16 5 7 2105 12
16 6 6 2145 9
6 7 7 2117 79
12 6 8 2144 66
6 8 9 2196 3
8 9 9 2199 51
0 5 8 2210 51
1 8 6 2154 21
2 7 5 2176 86
4 9 7 2196 34
17 6 9 2250 48
19 7 5 2262 36
12 7 7 2230 73
11 7 6 2176 28
3 9 7 2303 68
19 8 6 2298 51
0 6 5 2298 73
18 7 8 2261 100
16 7 9 2298 34
15 8 5 2371 80
15 9 9 2451 89
9 7 6 2349 75
0 7 6 2424 91
10 6 7 2371 80
17 7 6 2515 63
14 7 8 2361 34
0 8 7 2515 81
12 8 6 2578 55
19 9 8 2395 69
5 7 8 2464 24
17 8 8 2578 61
9 8 5 2451 93
14 8 6 2633 34
13 7 8 2639 61
2 8 9 2540 28
14 9 5 2667 3
5 8 5 2670 7
13 8 5 2700 42
17 9 5 2742 2
2 9 6 2667 35
7 9 8 2700 18
6 9 8 2718 72
10 7 9 2568 61
5 9 6 2702 34
11 8 8 2790 94
9 9 8 2884 33
10 8 6 2736 78
18 8 9 2629 79
10 9 8 2917 52
13 9 9 2742 5
0 9 9 2747 71
12 9 9 2818 1
11 9 9 2884 88
18 9 5 2744 32
1 9 7 2596 76
16 8 5 2776 90
16 9 8 2969 87
