17 0 2 0 85
6 0 0 0 87
8 0 3 0 16
13 0 0 87 82
4 0 4 0 73
17 1 1 85 31
8 1 0 169 84
5 0 1 116 63
14 0 4 73 55
5 1 0 253 49
4 1 3 73 87
19 0 1 179 34
19 1 2 213 12
9 0 3 160 8
16 0 0 302 91
17 2 0 393 94
6 1 1 213 71
2 0 4 128 79
15 0 1 284 75
2 1 3 207 80
3 0 2 225 76
8 2 1 359 58
14 1 0 487 57
13 1 3 287 84
18 0 1 417 27
12 0 1 444 5
3 1 3 371 15
3 2 1 449 26
18 1 0 544 77
8 3 4 417 7
18 2 4 621 13
0 0 3 386 19
0 1 2 405 27
3 3 0 621 17
6 2 4 634 43
1 0 2 432 69
8 4 2 501 9
14 2 3 544 63
9 1 0 638 10
6 3 3 677 80
3 4 4 677 30
6 4 2 757 39
12 1 3 757 92
3 5 8 707 44
16 1 4 707 25
16 2 2 796 10
11 0 2 806 66
19 2 3 849 31
13 2 1 475 24
10 0 4 732 62
2 2 0 648 86
10 1 1 794 60
12 2 4 849 6
17 3 4 855 94
2 3 2 872 55
15 1 2 927 47
13 3 2 974 47
18 3 2 1021 30
10 2 3 880 64
6 5 7 796 70
9 2 1 854 3
16 3 1 857 21
2 4 1 927 54
10 3 2 1051 12
17 4 3 949 11
15 2 3 974 68
4 2 1 981 74
14 3 2 1063 24
7 0 4 949 70
4 3 0 1055 39
14 4 1 1087 40
4 4 2 1094 98
14 5 7 1127 30
4 5 9 1192 100
7 1 2 1192 22
5 2 2 1214 16
6 6 8 866 18
4 6 5 1292 43
1 1 0 1094 30
11 1 1 1127 71
6 7 6 884 41
16 4 3 1042 94
0 2 1 1198 39
3 6 7 1157 91
13 4 4 1021 93
17 5 5 1335 21
1 2 4 1124 1
12 3 0 1124 69
14 6 6 1157 37
15 3 0 1193 7
4 7 8 1335 17
13 5 7 1248 85
9 3 4 1125 41
5 3 3 1230 55
0 3 4 1237 13
7 2 0 1214 73
7 3 3 1287 62
0 4 0 1287 25
19 3 0 1312 24
5 4 4 1285 9
11 2 3 1349 23
10 4 0 1336 39
0 5 8 1352 37
18 4 3 1372 2
5 5 9 1294 73
7 4 1 1349 64
16 5 8 1389 6
9 4 2 1230 3
1 3 3 1374 4
0 6 9 1389 40
16 6 7 1395 59
7 5 5 1413 25
10 5 5 1438 2
13 6 5 1440 34
9 5 7 1454 40
2 5 8 1395 81
17 6 9 1429 7
7 6 8 1476 19
7 7 6 1495 69
8 5 5 1474 8
13 7 6 1564 73
8 6 6 1637 10
14 7 5 1482 99
17 7 6 1647 61
9 6 8 1495 56
2 6 6 1708 72
1 4 1 1413 64
13 8 8 1637 28
2 7 7 1780 86
5 6 5 1581 61
12 4 2 1233 80
5 7 8 1665 34
9 7 5 1642 53
18 5 5 1695 88
1 5 7 1866 71
4 8 7 1937 7
8 7 7 1944 17
19 4 4 1336 24
15 4 4 1360 78
17 8 8 1708 50
7 8 9 1564 41
1 6 5 1937 2
6 8 9 1605 79
18 6 7 1961 4
17 9 7 1965 93
19 5 7 2058 16
18 7 9 1965 39
11 3 4 1438 75
18 8 6 2004 53
12 5 7 2074 13
4 9 6 2057 77
11 4 0 1513 78
10 6 7 2087 64
0 7 5 1939 54
15 5 7 2151 80
6 9 5 1993 44
15 6 6 2231 2
5 8 6 2233 82
11 5 7 2231 74
0 8 7 2305 74
15 7 9 2233 23
10 7 6 2315 87
19 6 5 2074 6
11 6 6 2402 35
12 6 5 2087 17
19 7 9 2256 88
0 9 6 2437 93
16 7 5 2104 84
3 7 6 2530 83
2 8 5 2188 59
16 8 9 2344 75
1 7 9 2419 84
10 8 9 2503 21
14 8 8 1758 88
15 8 8 2256 49
11 7 9 2524 24
9 8 9 2548 96
14 9 9 2644 41
16 9 6 2613 70
18 9 8 2305 54
12 7 9 2685 89
13 9 9 2774 91
1 8 6 2683 31
9 9 6 2714 13
11 8 8 2548 23
11 9 5 2571 50
3 8 5 2621 52
5 9 7 2379 46
8 8 8 2571 42
19 8 8 2613 81
1 9 8 2714 8
15 9 5 2673 50
3 9 9 2865 68
7 9 7 2425 28
2 9 9 2933 75
8 9 9 3008 65
19 9 6 2727 11
10 9 8 2722 60
12 8 6 2774 80
12 9 8 2854 47
