4 0 2 0 15
4 1 0 15 61
9 0 2 15 75
17 0 5 0 72
17 1 0 76 13
4 2 3 76 47
8 0 1 0 69
2 0 1 69 52
9 1 3 123 78
18 0 1 121 39
9 2 6 201 41
9 3 4 242 60
7 0 4 302 31
9 4 5 302 59
13 0 2 90 44
0 0 5 361 8
3 0 2 134 50
8 1 2 184 27
8 2 0 211 76
5 0 4 333 48
1 0 3 201 34
14 0 2 211 72
8 3 5 369 19
5 1 5 388 50
10 0 4 381 89
14 1 0 287 53
1 1 4 470 29
16 0 5 438 82
11 0 6 242 1
7 1 3 333 58
13 1 3 391 77
17 2 3 468 46
4 3 4 499 38
13 2 5 520 26
19 0 1 160 7
7 2 0 391 94
9 5 0 485 42
3 1 4 537 20
10 1 6 470 20
2 1 2 283 30
19 1 4 557 14
11 1 2 313 10
15 0 2 323 60
15 1 6 490 28
18 1 5 546 19
11 2 4 571 84
3 2 3 557 24
19 2 3 581 79
8 4 6 518 86
4 4 6 604 49
12 0 5 565 50
13 3 1 546 42
5 2 2 438 66
5 3 0 527 92
7 3 5 615 69
13 4 4 655 9
3 3 0 619 53
6 0 3 660 29
11 3 5 684 72
12 1 2 615 13
8 5 3 689 16
5 4 6 653 2
5 5 3 705 58
7 4 2 684 44
4 5 5 756 21
18 2 0 672 19
9 6 1 588 60
15 2 5 777 33
18 3 4 691 73
7 5 1 728 93
1 2 2 728 69
4 6 1 821 6
14 2 1 827 43
19 3 2 797 27
8 6 4 764 31
5 6 1 870 23
1 3 0 797 5
7 6 6 821 92
2 2 0 802 25
16 1 2 824 12
15 3 1 893 36
13 5 6 913 73
11 4 0 827 14
5 7 9 893 84
7 7 9 977 80
6 1 0 841 25
6 2 6 986 44
10 2 1 929 27
16 2 3 836 11
13 6 0 986 60
7 8 8 1057 63
0 1 3 847 73
13 7 9 1057 61
15 4 0 1046 6
9 7 12 648 18
2 3 6 1030 17
6 3 5 1030 87
2 4 3 1047 46
19 4 6 1047 43
16 3 4 847 61
18 4 6 1090 63
16 4 1 956 21
15 5 3 1093 96
12 2 3 1189 49
17 3 6 1153 97
19 5 0 1090 96
0 2 0 1186 69
12 3 6 1250 75
8 7 12 795 33
2 5 4 1093 86
13 8 10 1118 85
17 4 1 1250 87
6 4 2 1117 42
14 3 5 1117 65
2 6 5 1182 3
10 3 5 1185 78
12 4 1 1337 42
1 4 5 1263 63
19 6 5 1326 24
3 4 1 1379 97
15 6 4 1189 48
18 5 3 1238 30
18 6 2 1268 69
11 5 1 1476 9
4 7 11 827 8
11 6 3 1485 51
2 7 14 1185 70
17 5 4 1337 87
14 4 6 1325 59
8 8 9 1118 69
3 5 5 1476 79
10 4 3 1536 2
6 5 1 1485 44
0 3 2 1337 38
14 5 4 1424 87
17 6 2 1424 11
7 9 12 1120 47
5 8 8 1120 66
17 7 7 1435 45
9 8 8 1186 31
11 7 7 1536 22
5 9 10 1203 12
13 9 12 1203 14
17 8 14 1480 85
1 5 1 1529 82
11 8 14 1565 65
19 7 11 1350 30
5 10 7 1558 36
13 10 11 1380 92
0 4 6 1384 6
14 6 3 1538 13
15 7 9 1237 40
6 6 4 1529 86
10 5 2 1538 21
12 5 0 1379 81
11 9 10 1630 100
2 8 11 1472 34
18 7 9 1337 36
10 6 0 1559 55
12 6 4 1615 89
11 10 13 1730 65
0 5 4 1704 62
4 8 8 1217 71
18 8 7 1594 13
7 10 13 1795 3
16 5 0 1614 21
12 7 9 1704 100
7 11 7 1798 79
0 6 1 1766 78
15 8 11 1506 79
9 9 10 1730 15
14 7 8 1551 71
16 6 6 1635 34
3 6 6 1669 92
19 8 7 1877 27
19 9 12 1904 2
5 11 14 1630 4
3 7 14 1761 3
15 9 10 1745 60
5 12 12 1906 88
6 7 8 1622 28
11 11 11 1795 43
0 7 9 1844 79
6 8 10 1805 86
5 13 13 1994 64
2 9 9 1923 23
1 6 6 1761 94
18 9 10 1891 96
17 9 11 1838 66
4 9 14 1764 83
0 8 8 1923 59
6 9 9 1946 74
15 10 8 1982 39
14 8 12 1994 25
10 7 13 2058 79
12 8 14 1847 54
0 9 13 2137 77
12 9 13 2214 37
13 11 7 1904 100
16 7 12 2019 86
16 8 14 2105 53
2 10 10 1987 68
15 11 13 2251 34
17 10 8 2021 43
10 8 11 2137 77
7 12 11 2214 39
4 10 13 2285 24
3 8 12 2105 52
2 11 13 2309 76
18 10 12 2157 27
1 7 14 2158 17
13 12 14 2175 49
6 10 14 2224 77
3 9 10 2157 75
14 9 9 2020 71
8 9 13 2385 19
10 9 10 2232 99
3 10 9 2232 74
16 9 8 2158 7
17 11 9 2306 39
19 10 8 2165 69
2 12 8 2385 53
12 10 10 2331 7
6 11 13 2404 59
4 11 12 2309 18
11 12 8 2438 10
16 10 9 2345 4
10 10 9 2349 70
0 10 11 2253 22
1 8 11 2275 94
12 11 11 2369 38
18 11 13 2463 59
3 11 8 2448 59
2 13 12 2438 71
4 12 9 2419 33
17 12 13 2522 34
13 13 8 2507 46
15 12 7 2285 54
3 12 7 2507 75
1 9 9 2452 29
0 11 10 2338 80
12 12 8 2553 25
12 13 12 2578 78
7 13 14 2301 80
0 12 12 2656 58
16 11 7 2582 95
3 13 13 2582 84
15 13 12 2714 20
14 10 10 2418 89
6 12 12 2734 94
6 13 7 2828 58
1 10 10 2507 5
2 14 7 2886 9
8 10 10 2512 43
9 10 7 2895 54
11 13 12 2828 14
9 11 14 2949 60
10 11 12 2842 30
0 13 14 3009 49
16 12 10 2677 62
1 11 13 2666 75
14 11 11 2507 2
9 12 9 3009 20
1 12 7 2949 15
10 12 7 2964 97
5 14 11 2509 12
14 12 7 3061 76
10 13 8 3061 41
8 11 14 3058 9
7 14 10 2739 75
3 14 11 2666 99
9 13 11 3029 61
8 12 11 3090 37
17 13 10 2814 30
19 11 14 3067 75
13 14 13 2741 12
14 13 14 3142 21
16 13 13 2753 54
4 13 7 3137 70
9 14 13 3090 69
1 13 8 3102 61
16 14 11 3127 82
19 12 13 3159 34
10 14 14 3163 98
11 14 9 3029 19
18 12 14 3261 76
0 14 7 3207 48
18 13 11 3337 62
1 14 12 3163 61
18 14 8 3399 14
17 14 12 3224 55
14 14 13 3193 12
19 13 10 3193 79
4 14 10 3272 100
12 14 7 3255 79
6 14 11 3399 16
8 13 7 3334 35
19 14 9 3272 96
15 14 14 3337 52
8 14 8 3413 24
