16 0 4 0 24
1 0 2 0 89
15 0 5 0 59
15 1 4 59 47
13 0 0 0 29
2 0 1 0 26
8 0 6 0 1
13 1 6 29 34
10 0 0 29 17
1 1 1 89 94
9 0 6 63 85
17 0 2 89 29
11 0 6 148 9
19 0 3 0 63
18 0 0 46 7
8 1 1 183 10
10 1 2 118 21
5 0 4 106 10
7 0 4 116 47
12 0 3 63 86
4 0 3 149 57
18 1 6 157 60
11 1 0 157 87
9 1 2 148 47
7 1 5 163 70
12 1 1 193 37
14 0 6 217 44
3 0 3 206 37
1 2 0 244 86
14 1 4 261 91
3 1 2 243 36
13 2 1 230 53
6 0 6 261 100
15 2 1 283 56
16 1 1 339 30
11 2 4 352 34
8 2 0 330 72
15 3 6 361 39
15 4 2 400 7
10 2 3 243 87
5 1 2 407 81
19 1 0 402 89
17 1 4 386 99
5 2 1 488 13
4 1 0 491 55
10 3 6 400 41
11 3 1 501 62
1 3 3 330 13
12 2 2 488 49
15 5 0 546 43
17 2 3 485 17
11 4 3 563 56
0 0 1 563 16
19 2 2 537 2
0 1 6 579 58
6 1 2 539 52
12 3 0 589 2
17 3 0 591 96
3 2 5 279 63
4 2 1 579 21
14 2 1 600 91
3 3 0 687 24
5 3 3 619 78
5 4 0 711 78
17 4 1 691 50
1 4 6 637 54
13 3 3 697 7
4 3 5 600 84
10 4 5 684 41
10 5 4 725 31
19 3 1 741 46
2 1 6 691 96
0 2 2 637 22
6 2 3 704 54
17 5 5 741 67
5 5 5 808 10
3 4 6 787 71
12 4 6 858 30
18 2 3 758 31
14 3 2 691 58
1 5 4 756 41
19 4 6 888 86
11 5 5 818 66
10 6 1 787 96
5 6 6 974 48
18 3 5 884 76
4 4 2 749 23
10 7 8 883 17
7 2 6 1022 7
12 5 5 960 63
1 6 5 1023 55
19 5 5 1078 74
8 3 3 789 59
16 2 3 848 97
15 6 3 945 39
4 5 6 1029 79
15 7 13 984 75
17 6 6 1108 91
18 4 1 960 23
12 6 4 1023 4
10 8 11 900 95
5 7 9 1022 37
8 4 4 1027 92
2 2 3 984 32
11 6 2 884 95
16 3 6 1199 17
9 2 4 1119 45
18 5 2 983 83
6 3 1 983 37
18 6 4 1164 30
19 6 4 1194 1
13 4 5 1152 19
0 3 4 1195 24
16 4 0 1216 7
10 9 13 1059 29
7 3 2 1066 72
7 4 0 1223 62
10 10 14 1088 3
0 4 5 1219 53
8 5 5 1272 53
5 8 11 1059 21
1 7 7 1078 98
13 5 4 1219 26
13 6 2 1245 63
16 5 2 1308 55
16 6 5 1363 8
11 7 9 1059 56
14 4 0 1285 77
14 5 3 1362 51
14 6 5 1413 14
18 7 8 1194 73
1 8 13 1176 38
11 8 14 1115 42
13 7 12 1308 22
9 3 1 1164 99
10 11 10 1091 71
12 7 14 1157 47
15 8 10 1162 43
8 6 2 1363 89
9 4 0 1362 39
4 6 4 1245 90
2 3 4 1335 75
13 8 10 1330 98
4 7 11 1335 8
4 8 14 1343 59
19 7 7 1195 34
3 5 1 1263 97
9 5 5 1427 32
0 5 3 1413 9
9 6 3 1459 87
3 6 4 1410 74
0 6 0 1422 57
17 7 10 1428 91
11 9 8 1267 86
6 4 5 1459 26
12 8 8 1353 84
4 9 10 1519 99
2 4 5 1485 9
15 9 12 1330 32
14 7 13 1427 1
14 8 9 1428 17
18 8 14 1402 76
5 9 7 1229 88
18 9 11 1478 17
4 10 9 1618 41
12 9 10 1618 5
13 9 13 1428 77
0 7 10 1623 63
18 10 10 1686 53
8 7 14 1478 52
1 9 14 1530 80
17 8 13 1519 14
16 7 7 1371 70
11 10 7 1441 68
5 10 12 1362 75
4 11 12 1659 68
3 7 14 1610 19
2 5 0 1494 57
0 8 8 1686 92
16 8 10 1739 87
13 10 14 1629 11
16 9 8 1826 29
2 6 2 1551 39
2 7 12 1727 54
19 8 9 1659 30
7 5 3 1546 30
9 7 10 1826 56
6 5 4 1485 74
7 6 1 1576 95
19 9 12 1781 19
17 9 12 1800 14
18 11 13 1739 9
14 9 7 1509 55
6 6 0 1559 87
10 12 7 1564 64
9 8 8 1882 98
3 8 12 1814 45
16 10 12 1859 20
4 12 8 1980 14
2 8 14 1781 28
2 9 10 1882 8
15 10 9 1689 6
2 10 11 1890 30
7 7 10 1890 18
2 11 13 1920 57
8 8 7 1628 48
19 10 13 1977 48
14 10 12 1879 40
8 9 8 1994 8
0 9 12 1919 43
10 13 9 1695 97
1 10 9 1792 1
2 12 9 1977 75
16 11 13 2025 29
14 11 8 2002 95
11 11 12 1962 82
4 13 13 2054 4
8 10 13 2058 69
9 9 11 1980 13
9 10 7 1993 96
18 12 12 2044 72
6 7 8 2097 13
3 9 8 2110 24
6 8 12 2116 88
0 10 7 2089 41
1 11 11 1993 100
13 11 7 2130 87
13 12 9 2217 5
16 12 11 2093 51
17 10 7 2217 19
3 10 11 2144 71
11 12 10 2044 82
11 13 13 2127 52
3 11 13 2215 53
6 9 10 2204 94
11 14 11 2215 97
16 13 9 2222 14
7 8 9 2236 65
5 11 14 1809 11
6 10 14 2298 73
16 14 14 2371 32
8 11 10 2298 49
7 9 7 2301 69
6 11 7 2371 55
13 13 11 2312 44
17 11 8 2236 36
1 12 12 2204 90
9 11 12 2294 71
12 10 13 2268 13
9 12 14 2403 95
3 12 10 2347 61
5 12 13 2281 55
13 14 8 2356 42
12 11 9 2301 39
2 13 7 2426 9
12 12 12 2365 18
0 11 13 2336 26
14 12 14 2498 31
6 12 11 2426 68
7 10 13 2370 89
3 13 9 2408 6
12 13 7 2435 76
19 11 11 2494 75
18 13 7 2511 89
1 13 10 2408 63
8 12 9 2414 26
6 13 9 2494 50
0 12 14 2529 20
1 14 8 2471 14
9 13 9 2544 11
14 13 11 2569 54
10 14 12 2383 31
3 14 7 2600 32
19 12 8 2569 72
0 13 9 2555 44
7 11 8 2641 89
4 14 7 2632 55
17 12 11 2623 11
7 12 14 2730 64
19 13 14 2794 47
12 14 11 2634 63
5 13 10 2471 93
6 14 13 2544 88
7 13 12 2794 81
9 14 13 2632 78
8 13 12 2875 76
15 11 11 2697 93
7 14 11 2875 25
18 14 9 2600 24
0 14 11 2900 93
5 14 8 2730 51
14 14 10 2623 37
17 13 14 2841 83
15 12 7 2790 69
15 13 8 2859 47
17 14 9 2924 6
19 14 10 2841 58
8 14 11 2993 97
15 14 14 2924 93
2 14 8 2906 41
