7 0 0 0 55
19 0 6 0 67
15 0 6 67 68
16 0 2 0 80
1 0 3 0 34
14 0 6 135 49
9 0 6 184 36
7 1 2 80 90
0 0 3 34 8
19 1 2 170 46
6 0 0 55 90
15 1 5 135 18
14 1 4 184 53
7 2 6 220 11
7 3 3 231 60
7 4 4 291 75
4 0 0 145 48
0 1 4 366 73
8 0 6 231 71
16 1 6 302 14
7 5 1 366 23
13 0 5 153 45
10 0 1 389 53
2 0 0 193 8
18 0 6 316 47
1 1 2 216 33
13 1 3 291 30
12 0 1 442 62
18 1 4 439 63
16 2 0 316 67
11 0 2 249 1
13 2 0 383 57
4 1 1 504 44
16 3 5 383 15
7 6 5 398 74
0 2 2 439 49
19 2 3 321 25
17 0 4 502 33
2 1 6 363 20
3 0 2 488 41
5 0 0 440 56
6 1 4 535 75
1 2 5 472 7
9 1 4 610 46
11 1 5 479 97
12 1 0 504 86
11 2 0 590 77
14 2 1 548 51
1 3 1 599 69
1 4 4 668 54
16 4 1 668 14
13 3 6 440 68
10 1 0 667 34
19 3 1 682 2
10 2 5 701 56
11 3 4 722 82
1 5 6 722 18
14 3 2 599 4
16 5 3 682 97
16 6 4 804 23
17 1 2 603 20
6 2 6 740 9
4 2 5 757 49
3 1 0 701 72
17 2 3 779 74
11 4 6 804 14
15 2 0 773 87
0 3 5 806 24
17 3 6 853 20
19 4 5 830 22
4 3 6 873 92
3 2 1 773 91
2 2 3 853 52
8 1 5 852 64
15 3 3 905 6
5 1 6 965 42
11 5 1 864 18
15 4 4 911 13
6 3 1 882 46
3 3 4 924 52
4 4 3 965 29
8 2 2 916 40
17 4 5 916 3
5 2 2 1007 42
15 5 2 1049 9
9 2 1 928 50
14 4 0 860 17
6 4 2 1058 91
8 3 0 956 32
0 4 6 1007 81
7 7 11 472 54
15 6 1 1058 40
15 7 8 1098 83
3 4 5 976 30
1 6 0 988 38
10 3 6 1088 97
8 4 3 994 92
9 3 5 1006 87
4 5 2 1149 29
12 2 2 1178 57
14 5 5 1093 21
5 3 3 1086 93
10 4 3 1185 95
4 6 4 1178 88
19 5 4 1266 8
18 2 3 1280 1
0 5 1 1098 68
18 3 0 1281 28
17 5 0 1309 90
10 5 4 1280 32
19 6 0 1399 22
17 6 1 1399 37
12 3 6 1235 80
9 4 3 1281 33
11 6 3 1314 74
4 7 14 1266 14
2 3 4 1312 83
8 5 1 1436 59
2 4 5 1395 18
15 8 7 1181 95
15 9 12 1276 27
0 6 0 1421 23
9 5 2 1314 94
18 4 2 1408 99
14 6 3 1388 31
17 7 13 1436 56
7 8 7 1276 97
10 6 2 1507 28
6 5 3 1419 93
12 4 5 1413 37
7 9 12 1373 32
13 4 1 1495 61
16 7 8 1181 45
15 10 10 1303 94
5 4 1 1556 80
14 7 10 1419 45
8 6 4 1495 69
12 5 3 1512 94
1 7 8 1226 28
8 7 13 1564 68
15 11 14 1397 68
13 5 2 1556 34
4 8 10 1464 99
4 9 8 1563 22
13 6 4 1590 2
6 6 5 1512 93
1 8 12 1405 12
2 5 2 1590 82
2 6 1 1672 68
8 8 14 1632 34
12 6 4 1606 77
12 7 7 1683 72
0 7 12 1444 69
17 8 12 1513 38
5 5 4 1683 54
12 8 9 1755 26
2 7 7 1755 50
1 9 14 1666 50
3 5 3 1606 1
11 7 14 1716 52
7 10 13 1632 67
3 6 6 1607 92
3 7 13 1699 52
19 7 13 1751 64
1 10 10 1716 66
16 8 10 1782 1
3 8 8 1751 41
8 9 12 1666 71
17 9 8 1792 7
17 10 14 1799 84
4 10 13 1815 79
12 9 11 1781 41
14 8 13 1894 45
6 7 14 1883 77
13 7 7 1805 57
11 8 11 1822 14
5 6 5 1737 94
18 5 1 1740 41
14 9 9 1939 63
8 10 8 1799 28
18 6 5 1831 45
2 8 14 1960 54
2 9 11 2014 6
19 8 7 1862 82
17 11 9 2002 100
5 7 12 1831 80
0 8 8 1827 74
7 11 10 1783 15
6 8 9 2102 63
6 9 11 2165 50
19 9 12 1944 99
16 9 11 2215 5
11 9 12 2043 93
9 6 0 1444 3
12 10 10 1822 7
15 12 11 2220 22
4 11 9 2165 93
13 8 13 1939 96
14 10 11 2242 21
5 8 14 2014 69
14 11 8 2263 4
8 11 9 2258 94
14 12 7 2267 23
6 10 12 2215 82
10 7 14 2083 48
12 11 8 2267 56
2 10 10 2020 73
17 12 11 2263 41
18 7 14 2131 60
5 9 11 2304 39
18 8 13 2191 2
10 8 7 2290 54
18 9 7 2344 25
0 9 10 2093 45
16 10 14 2220 87
0 10 11 2343 4
12 12 13 2323 98
11 10 9 2352 35
18 10 8 2369 59
11 11 8 2428 34
19 10 11 2347 79
11 12 13 2462 84
13 9 9 2387 10
7 12 14 2307 48
8 12 7 2369 82
0 11 14 2355 59
9 7 14 2414 60
8 13 10 2451 1
10 9 12 2344 98
3 9 9 2397 45
1 11 7 2451 81
19 11 10 2452 87
3 10 14 2474 43
2 11 13 2546 48
10 10 8 2462 84
17 13 10 2539 6
19 12 8 2546 71
6 11 13 2594 74
9 8 11 2474 45
19 13 9 2617 24
5 10 8 2617 85
6 12 8 2702 67
16 11 7 2532 34
9 9 13 2668 84
5 11 10 2702 95
1 12 9 2641 81
2 12 9 2722 20
3 11 12 2517 97
2 13 8 2769 93
13 10 12 2614 85
8 14 11 2519 58
13 11 14 2699 42
0 12 9 2742 25
10 11 9 2767 77
16 12 12 2699 12
0 13 7 2767 70
2 14 12 2862 99
10 12 10 2844 46
3 12 10 2890 64
7 13 8 2862 100
19 14 14 2741 19
9 10 9 2844 1
6 13 7 2837 72
5 12 13 2797 12
12 13 14 2760 67
0 14 13 2837 68
9 11 8 2962 38
7 14 9 2962 55
15 13 13 2905 28
3 13 11 2954 71
18 11 9 3017 39
15 14 9 3056 66
10 13 13 2933 65
9 12 10 3000 22
18 12 10 3056 76
12 14 12 2961 47
4 12 12 3008 69
14 13 14 2827 90
3 14 7 3025 76
11 13 10 3132 6
18 13 11 3132 89
16 13 9 3122 98
13 12 10 3138 93
4 13 11 3221 63
1 13 13 2998 91
14 14 12 3077 1
16 14 13 3220 35
5 13 9 3220 28
13 13 8 3231 89
11 14 7 3138 81
9 13 12 3078 39
1 14 11 3284 66
10 14 11 3350 94
17 14 7 3219 97
5 14 7 3316 64
6 14 10 3231 76
4 14 7 3380 68
9 14 7 3448 50
18 14 12 3221 5
13 14 11 3444 43
