5 0 4 0 93
8 0 4 93 9
18 0 0 0 48
0 0 2 0 19
17 0 1 0 63
11 0 4 102 89
10 0 4 191 66
4 0 3 0 1
18 1 4 257 45
10 1 3 257 9
12 0 1 63 73
3 0 0 48 42
0 1 0 90 30
3 1 2 90 71
7 0 3 266 79
11 1 1 191 52
13 0 2 161 21
8 1 1 243 64
9 0 2 182 14
9 1 0 196 56
17 1 3 345 49
6 0 4 302 82
10 2 2 266 66
8 2 2 332 31
17 2 2 394 4
9 2 1 307 95
10 3 1 402 46
13 1 0 252 68
1 0 2 398 63
17 3 4 398 2
5 1 1 448 53
10 4 0 448 12
13 2 1 501 88
3 2 3 394 27
10 5 5 460 10
9 3 4 402 34
7 1 1 589 31
16 0 4 436 2
8 3 0 460 13
4 1 1 620 100
5 2 2 501 4
2 0 2 505 19
11 2 2 524 37
0 2 1 720 68
19 0 2 561 36
5 3 3 505 48
3 3 4 438 95
19 1 0 597 53
15 0 2 597 19
6 1 1 788 95
11 3 3 561 74
5 4 0 650 57
7 2 4 620 63
7 3 0 707 28
8 4 3 635 33
3 4 1 883 19
16 1 0 735 21
0 3 4 788 55
0 4 3 843 24
10 6 7 470 58
12 1 3 867 68
18 2 3 935 100
6 2 2 883 12
1 1 1 902 11
2 1 4 843 17
8 5 9 668 82
15 1 3 1035 17
6 3 0 895 60
19 2 4 860 56
14 0 1 913 24
16 2 3 1052 83
6 4 3 1135 80
19 3 3 1215 57
9 4 3 1272 13
5 5 8 707 99
0 5 8 867 34
5 6 7 806 67
0 6 7 901 72
9 5 6 1285 16
16 3 1 1135 19
1 2 4 916 65
13 3 4 981 75
15 2 1 1154 82
4 2 4 1056 68
18 3 2 1035 66
12 2 2 1101 5
15 3 4 1236 75
16 4 2 1154 65
3 5 5 902 48
7 4 2 1219 64
2 2 1 1236 79
14 1 4 1311 25
1 3 3 1285 16
8 6 6 1301 79
10 7 6 1380 6
5 7 5 950 86
2 3 3 1315 49
17 4 0 955 50
8 7 5 1380 30
9 6 5 1410 44
7 5 8 1283 63
19 4 1 1315 77
7 6 5 1454 29
13 4 3 1364 64
1 4 0 1301 67
11 4 0 1368 7
8 8 7 1410 84
2 4 0 1375 12
18 4 1 1392 30
17 5 9 1005 99
3 6 8 1346 100
5 8 6 1386 80
1 5 9 1368 95
6 5 8 1446 88
15 4 0 1387 34
18 5 6 1466 58
14 2 2 1336 69
6 6 7 1534 5
5 9 9 1466 60
18 6 7 1539 73
1 6 8 1534 23
12 3 4 1336 49
13 5 6 1524 6
9 7 7 1612 45
4 3 0 1421 94
14 3 0 1515 27
11 5 8 1557 43
11 6 5 1600 96
1 7 7 1657 82
12 4 0 1542 67
13 6 8 1600 72
2 5 7 1739 41
19 5 9 1526 7
4 4 2 1515 89
15 5 5 1696 67
11 7 7 1780 89
11 8 6 1869 21
15 6 9 1763 89
10 8 8 1672 62
16 5 6 1890 65
6 7 6 1955 81
9 8 8 1734 62
15 7 6 2036 91
14 4 3 1542 51
12 5 9 1852 23
4 5 5 1763 86
4 6 7 1869 35
8 9 8 1796 20
12 6 7 1904 7
0 7 5 1849 32
7 7 7 1911 75
18 7 9 1875 94
4 7 9 1969 29
11 9 9 1998 66
17 6 5 1881 27
9 9 9 2064 86
19 6 6 2127 59
19 7 8 2186 8
12 7 5 1911 44
2 6 9 2150 67
17 7 6 2186 68
14 5 9 2217 60
17 8 8 2254 46
6 8 9 2277 52
18 8 5 1969 36
15 8 7 2127 13
0 8 9 2329 62
1 8 6 2254 52
14 6 8 2300 26
18 9 8 2326 5
15 9 8 2331 35
4 8 8 2366 56
19 8 5 2194 15
14 7 6 2326 45
3 7 6 2371 31
14 8 5 2371 77
16 6 8 2422 8
16 7 9 2430 68
7 8 9 2498 18
12 8 8 2430 30
17 9 7 2300 89
2 7 8 2460 40
19 9 7 2389 23
13 7 7 2412 66
13 8 9 2516 66
10 9 9 2582 17
2 8 6 2500 25
4 9 6 2525 55
12 9 6 2580 29
16 8 7 2498 60
0 9 6 2609 45
16 9 5 2558 7
7 9 6 2654 33
1 9 5 2565 53
13 9 5 2618 56
3 8 7 2558 25
6 9 5 2674 69
3 9 9 2599 38
2 9 5 2743 42
14 9 7 2583 93
