0 0 2 0 16
0 1 0 16 59
8 0 1 0 88
6 0 3 0 41
17 0 2 16 85
7 0 0 75 23
6 1 1 88 57
2 0 3 41 35
3 0 4 0 29
18 0 0 98 2
4 0 0 100 17
15 0 4 29 24
10 0 3 76 75
3 1 3 151 21
12 0 3 172 90
8 1 0 117 59
11 0 0 176 75
8 2 3 262 39
7 1 3 301 67
6 2 4 145 37
9 0 2 101 29
13 0 3 368 57
17 1 3 425 3
9 1 1 145 17
7 2 1 368 39
11 1 2 251 96
14 0 1 407 16
14 1 3 428 46
4 1 3 474 16
12 1 4 262 64
14 2 4 474 34
0 2 4 508 10
3 2 0 251 52
1 0 1 423 5
13 1 1 428 84
13 2 2 512 87
18 1 3 490 55
9 2 0 303 6
14 3 2 599 23
4 2 4 518 41
15 1 1 512 73
0 3 3 545 95
17 2 4 559 21
0 4 1 640 64
19 0 4 580 69
16 0 1 704 56
4 3 1 760 78
17 3 0 580 49
14 4 0 629 77
10 1 2 622 10
15 2 2 632 92
11 2 1 838 21
2 1 4 649 75
5 0 3 640 97
6 3 0 706 64
11 3 3 859 90
18 2 1 859 31
5 1 1 890 32
18 3 2 890 29
0 5 8 704 92
10 2 4 724 1
15 3 0 770 43
12 2 0 813 72
1 1 4 725 64
3 3 2 919 93
16 1 2 1012 51
7 3 4 789 98
13 3 4 887 2
18 4 4 919 98
2 2 0 885 54
4 4 2 1063 100
15 4 3 949 42
10 3 0 939 35
19 1 3 991 64
13 4 0 974 68
3 4 1 1012 20
2 3 1 1032 30
13 5 8 1042 4
17 4 1 1062 79
9 3 3 1055 74
0 6 9 796 56
5 2 4 1017 84
18 5 5 1017 92
5 3 2 1163 71
12 3 2 1234 33
6 4 2 1267 92
13 6 5 1109 77
19 2 0 1055 61
6 5 6 1359 19
5 4 0 1234 38
16 2 0 1272 3
9 4 4 1129 51
4 5 5 1186 55
12 4 1 1267 59
14 5 7 706 68
16 3 4 1275 87
4 6 8 1241 27
1 2 3 1129 30
4 7 6 1378 2
7 4 2 1359 63
19 3 1 1326 13
15 5 5 1241 81
8 3 2 1422 63
5 5 9 1272 64
5 6 7 1336 16
18 6 6 1380 43
9 5 9 1336 14
9 6 6 1423 2
12 5 7 1352 51
19 4 2 1485 31
19 5 5 1516 6
19 6 8 1522 84
3 5 5 1522 5
14 6 8 1606 14
8 4 4 1485 91
12 6 6 1425 74
17 5 8 1620 38
12 7 5 1527 85
18 7 8 1658 99
14 7 9 1620 54
8 5 8 1757 36
9 7 5 1612 56
10 4 1 1339 99
3 6 7 1527 11
13 7 6 1499 37
5 7 5 1668 5
16 4 3 1362 25
5 8 6 1673 41
3 7 8 1793 53
2 4 2 1516 83
6 6 9 1674 47
1 3 2 1599 14
19 7 9 1721 94
12 8 9 1815 76
1 4 0 1613 96
2 5 9 1891 20
17 6 5 1673 37
4 8 7 1538 87
16 5 5 1710 62
17 7 9 1911 72
2 6 8 1911 29
8 6 5 1793 44
7 5 8 1940 83
19 8 7 1815 32
0 7 7 1847 3
15 6 7 1850 99
14 8 5 1837 37
7 6 5 2023 45
17 8 7 1983 18
8 7 6 1837 45
16 6 7 2001 11
9 8 7 2012 49
18 8 7 2061 67
1 5 9 1983 11
1 6 8 2023 73
15 7 8 2096 88
16 7 8 2184 88
19 9 6 1882 54
7 7 6 2068 89
11 4 4 1576 55
11 5 6 2157 23
1 7 7 2128 35
6 7 7 2163 94
8 8 9 1994 43
2 7 7 2257 38
11 6 7 2295 40
6 8 8 2272 79
4 9 9 2037 55
2 8 6 2295 90
3 8 9 2092 56
15 8 9 2184 80
17 9 6 2385 18
13 8 7 2335 37
10 5 7 2372 56
3 9 6 2403 98
0 8 5 2068 73
11 7 9 2335 76
2 9 5 2385 39
10 6 5 2428 95
7 8 9 2411 81
12 9 8 2351 38
11 8 8 2411 55
11 9 5 2523 45
1 8 6 2501 93
10 7 9 2523 78
1 9 5 2594 12
14 9 6 2594 99
16 8 6 2693 68
10 8 6 2761 53
10 9 8 2814 82
16 9 9 2761 29
8 9 7 2428 12
18 9 9 2790 41
0 9 6 2814 17
7 9 7 2492 44
15 9 6 2831 5
13 9 9 2831 94
5 9 8 2896 41
9 9 8 2937 14
6 9 5 2606 21
