1 0 5 0 4
7 0 6 0 98
10 0 3 0 42
14 0 4 0 34
14 1 0 34 60
8 0 4 34 55
6 0 0 94 83
7 1 4 98 24
5 0 3 42 69
10 1 1 42 16
10 2 4 122 19
10 3 6 141 70
17 0 5 4 14
12 0 4 141 51
1 1 3 111 96
18 0 6 211 70
19 0 5 18 100
16 0 1 58 20
13 0 6 281 92
0 0 3 207 92
12 1 5 192 39
16 1 4 192 40
1 2 6 373 52
9 0 2 0 18
19 1 2 118 46
3 0 3 299 49
12 2 0 231 50
5 1 6 425 24
9 1 5 231 42
6 1 4 232 15
16 2 3 348 37
0 1 1 299 49
1 3 1 425 87
15 0 6 449 31
13 1 0 373 67
17 1 0 440 5
12 3 2 281 9
9 2 0 445 37
0 2 2 348 93
18 1 0 482 28
15 1 1 512 44
2 0 1 556 34
16 3 2 441 68
0 3 6 480 48
0 4 0 528 1
2 1 6 590 34
13 2 5 440 85
16 4 6 624 42
9 3 4 482 1
15 2 0 556 84
9 4 3 483 67
14 2 1 590 52
7 2 2 509 75
5 2 5 525 21
0 5 4 529 52
8 1 0 640 44
9 5 6 666 20
11 0 6 686 12
8 2 3 684 47
3 1 5 546 12
1 4 2 584 94
5 3 4 581 3
15 3 3 731 16
17 2 3 747 40
14 3 5 642 70
8 3 5 731 75
3 2 6 698 52
10 4 2 678 7
16 5 0 684 11
10 5 0 695 74
13 3 1 642 88
1 5 4 678 83
13 4 3 787 18
15 4 4 761 10
17 3 1 787 70
2 2 4 771 37
18 2 3 805 79
4 0 2 685 35
14 4 2 720 51
1 6 0 769 9
10 6 5 806 7
17 4 4 857 63
0 6 5 813 57
1 7 11 778 85
6 2 2 771 62
2 3 2 833 82
1 8 10 863 47
15 5 2 915 4
4 1 1 857 1
17 5 2 920 59
4 2 3 884 15
0 7 8 870 16
17 6 6 979 42
5 4 1 858 28
7 3 0 778 57
13 5 4 920 13
19 2 4 933 69
16 6 5 870 6
12 4 3 899 23
8 4 2 979 81
9 6 1 886 91
6 3 6 1021 27
16 7 10 910 44
4 3 6 1048 49
13 6 2 1060 70
12 5 6 1097 28
18 3 4 1002 25
8 5 6 1125 30
11 1 4 1027 45
11 2 2 1130 7
14 5 6 1155 2
1 9 8 910 63
4 4 5 1097 78
10 7 12 813 50
19 3 3 1002 41
13 7 7 1130 69
3 3 2 1137 76
3 4 0 1213 64
6 4 5 1175 5
16 8 11 954 43
12 6 1 1125 49
19 4 1 1174 3
2 4 0 1277 25
12 7 13 1174 5
8 6 1 1177 42
15 6 5 1180 48
3 5 1 1277 51
4 5 4 1175 80
19 5 6 1177 18
14 6 3 1157 43
17 7 9 1021 74
10 8 9 1095 74
12 8 12 1179 17
14 7 10 1200 75
18 4 5 1228 98
2 5 5 1326 43
3 6 4 1328 84
6 5 1 1328 65
9 7 8 977 21
2 6 3 1369 11
17 8 13 1179 32
8 7 10 1275 100
10 9 8 1169 46
11 3 0 1302 15
6 6 3 1393 100
18 5 2 1326 24
18 6 1 1393 54
1 10 9 1169 31
13 8 14 1199 10
7 4 1 1447 93
13 9 13 1211 52
3 7 10 1412 42
8 8 8 1375 81
12 9 14 1209 40
18 7 12 1447 65
3 8 12 1512 5
13 10 8 1456 42
16 9 12 1517 17
7 5 3 1540 74
1 11 13 1263 26
5 5 2 1350 8
9 8 14 1249 57
5 6 0 1358 42
3 9 7 1517 45
0 8 12 1534 6
2 7 9 1380 71
5 7 10 1454 33
10 10 14 1306 88
15 7 13 1289 67
18 8 13 1512 93
8 9 7 1562 29
19 6 0 1400 41
9 9 12 1540 100
6 7 14 1493 65
19 7 8 1498 94
7 6 5 1614 10
16 10 14 1558 3
18 9 10 1605 74
9 10 10 1679 100
7 7 7 1624 44
4 6 0 1441 99
5 8 11 1487 40
11 4 1 1540 22
19 8 11 1592 97
2 8 14 1561 55
7 8 13 1668 59
19 9 12 1689 30
4 7 9 1540 88
8 10 13 1727 31
4 8 7 1668 24
11 5 3 1614 31
1 12 12 1719 46
6 8 10 1779 82
13 11 11 1689 82
14 8 11 1771 45
17 9 7 1692 50
18 10 7 1742 22
5 9 9 1628 50
11 6 5 1645 70
17 10 10 1861 21
19 10 14 1719 96
2 9 7 1764 34
6 9 7 1861 89
7 9 11 1816 51
19 11 7 1950 7
19 12 9 1957 86
2 10 11 1867 77
11 7 13 1758 88
18 11 9 2043 73
19 13 13 2043 83
4 9 11 1944 20
0 9 13 2126 6
18 12 11 2116 75
14 9 8 1816 53
14 10 12 1869 96
15 8 14 1815 11
5 10 8 1869 8
19 14 10 2126 90
10 11 13 2132 71
10 12 10 2216 42
9 11 11 2191 59
10 13 7 2258 34
4 10 10 2258 100
10 14 11 2292 60
16 11 7 2292 77
12 10 10 2358 30
16 12 13 2369 100
18 13 8 2191 69
17 11 14 1882 29
6 10 13 2469 81
15 9 12 1965 21
5 11 13 2550 5
7 10 12 1986 82
9 12 13 2555 77
4 11 8 2358 28
0 10 11 2352 19
16 13 9 2469 82
6 11 9 2551 92
3 10 8 2386 20
5 12 12 2555 13
2 11 12 2568 20
11 8 9 2643 46
6 12 8 2643 38
11 9 8 2689 44
12 11 11 2388 62
12 12 8 2733 65
3 11 11 2450 93
8 11 9 2689 47
0 11 9 2736 96
14 11 13 2632 1
5 13 7 2568 42
4 12 14 2386 71
11 10 14 2733 45
17 12 12 2588 83
14 12 14 2778 44
15 10 8 2798 78
8 12 11 2736 34
11 11 12 2778 87
13 12 10 2388 19
4 13 13 2633 1
15 11 7 2876 42
7 11 14 2822 65
8 13 12 2865 77
7 12 10 2887 8
15 12 11 2918 44
13 13 12 2942 21
17 13 11 2962 64
11 12 11 3026 5
0 12 7 2918 27
18 14 14 2887 9
9 13 9 2832 21
12 13 7 2945 84
4 14 12 2963 7
0 13 14 2945 76
1 13 7 3029 49
12 14 9 3029 12
6 13 11 3031 47
14 13 7 3078 66
13 14 9 3041 5
2 12 8 2876 89
7 13 8 2965 12
15 13 9 3046 37
3 12 14 3021 48
3 13 13 3069 75
11 13 7 3144 99
6 14 12 3078 96
15 14 10 3083 35
5 14 14 3069 73
16 14 8 2977 5
3 14 9 3144 100
2 13 10 3118 23
11 14 10 3243 70
9 14 7 3243 98
17 14 8 3026 45
2 14 13 3144 32
0 14 10 3313 60
14 14 9 3244 19
1 14 14 3142 48
8 14 14 3190 92
7 14 9 3263 24
