9 0 1 0 75
15 0 4 0 50
11 0 3 0 68
6 0 3 68 90
1 0 3 158 6
7 0 3 164 59
3 0 2 0 98
17 0 1 75 22
18 0 4 50 64
1 1 1 164 48
15 1 0 50 54
5 0 3 223 94
18 1 0 114 97
11 1 4 114 50
10 0 4 164 56
0 0 2 98 16
12 0 2 114 3
16 0 0 211 70
9 1 0 281 11
0 1 1 212 58
0 2 0 292 22
13 0 3 317 89
7 1 1 270 99
2 0 4 220 100
16 1 2 281 58
0 3 4 320 24
11 2 1 369 88
10 1 0 314 73
9 2 4 344 55
2 1 2 339 90
13 1 0 406 73
15 2 3 406 85
6 1 2 429 69
7 2 4 399 41
12 1 3 491 42
17 1 3 533 45
8 0 4 440 36
11 3 2 498 88
18 2 2 586 31
13 2 4 479 12
2 2 0 479 63
19 0 3 578 9
6 2 1 498 25
0 4 3 587 53
14 0 3 640 76
9 3 2 617 93
4 0 4 491 39
2 3 1 542 14
13 3 1 556 9
4 1 0 542 54
17 2 4 578 60
13 4 2 710 49
19 1 4 638 87
7 3 0 596 68
15 3 1 565 47
2 4 3 716 31
7 4 2 759 14
17 3 0 664 66
6 3 4 725 15
1 2 4 740 14
8 1 2 773 17
6 4 0 740 65
17 4 2 790 5
10 2 3 747 59
3 1 3 806 84
15 4 2 795 45
17 5 7 795 61
6 5 7 856 52
1 3 0 805 66
9 4 3 890 51
0 5 8 640 9
16 2 3 941 33
8 2 1 790 51
11 4 0 871 33
4 2 2 840 28
8 3 0 904 16
15 5 6 840 99
5 1 0 920 8
10 3 2 868 38
7 5 7 908 4
12 2 0 928 45
18 3 1 841 4
12 3 1 973 57
6 6 6 939 56
10 4 1 1030 51
13 5 5 759 11
1 4 2 906 24
1 5 7 930 2
16 3 1 1081 85
9 5 6 995 61
14 1 2 930 97
11 5 5 904 47
12 4 4 1030 28
1 6 9 932 85
5 2 2 1027 89
19 2 2 1116 34
8 4 3 974 54
17 6 6 1056 73
16 4 4 1166 25
5 3 1 1166 13
2 5 5 951 27
7 6 9 1017 55
9 6 9 1072 40
2 6 9 1112 15
13 6 8 770 15
3 2 4 1191 52
0 6 9 1127 57
19 3 0 1150 62
7 7 6 1129 48
4 3 3 1028 8
10 5 6 1177 99
2 7 8 1127 1
19 4 1 1212 56
0 7 7 1184 63
10 6 8 1276 29
15 6 9 1184 39
14 2 4 1243 100
15 7 5 1223 32
14 3 1 1343 92
10 7 9 1305 53
5 4 4 1343 37
3 3 0 1243 12
18 4 3 1036 43
10 8 5 1358 7
14 4 0 1435 25
6 7 9 1358 91
16 5 8 1305 5
3 4 1 1435 96
13 7 7 1247 41
18 5 9 1449 47
19 5 5 1365 66
13 8 9 1496 37
9 7 7 1288 19
1 7 6 1276 73
3 5 9 1533 60
0 8 5 1431 92
3 6 6 1593 74
15 8 8 1310 87
14 5 5 1523 8
17 7 9 1593 60
14 6 9 1653 92
12 5 5 1531 14
5 5 8 1397 36
18 6 7 1496 93
19 6 8 1433 95
3 7 8 1667 93
18 7 6 1667 100
10 9 7 1589 72
9 8 8 1760 24
5 6 6 1767 63
2 8 6 1830 51
6 8 8 1784 83
16 6 7 1661 65
16 7 9 1745 20
11 6 8 1867 52
14 7 7 1745 51
17 8 5 1653 14
19 7 7 1796 56
14 8 6 1881 58
8 5 8 1919 45
0 9 6 1939 43
8 6 5 1964 50
19 8 9 1852 42
15 9 7 1852 56
7 8 8 1964 13
5 7 9 1894 24
16 8 6 1982 52
11 7 6 2034 26
19 9 6 2060 86
1 8 8 1977 19
8 7 7 2014 98
4 4 1 1531 30
12 6 8 1996 22
3 8 5 2014 45
18 8 5 2059 10
8 8 6 2146 68
4 5 8 2018 57
11 8 9 2060 74
3 9 7 2112 49
9 9 5 2069 55
7 9 5 2124 15
14 9 8 2075 65
6 9 5 2139 86
12 7 9 2134 31
4 6 6 2214 75
4 7 5 2289 9
11 9 7 2161 68
12 8 6 2289 44
16 9 5 2298 44
4 8 7 2298 41
5 8 5 2342 71
5 9 7 2413 97
4 9 9 2339 19
13 9 6 2333 10
18 9 8 2140 51
1 9 5 2413 99
17 9 8 2191 44
2 9 7 2510 33
12 9 7 2543 38
8 9 9 2358 82
