2 0 6 0 43
26 0 9 0 86
26 1 3 86 9
46 0 1 0 5
10 0 7 0 66
2 1 3 95 93
45 0 5 0 67
41 0 5 67 48
37 0 0 0 46
19 0 1 5 11
7 0 6 43 37
3 0 0 46 45
0 0 1 16 55
0 1 3 188 46
21 0 9 86 11
28 0 1 71 87
42 0 7 66 24
10 1 8 66 80
26 2 1 158 80
28 1 0 158 68
16 0 0 226 78
12 0 2 0 69
47 0 1 238 66
17 0 2 69 50
47 1 2 304 55
25 0 3 234 28
47 2 4 359 15
5 0 9 97 51
10 2 0 304 18
42 1 0 322 8
23 0 9 148 31
18 0 6 80 29
23 1 2 359 41
5 1 7 148 75
37 1 1 304 46
46 1 6 109 89
3 1 6 198 85
32 0 6 283 92
16 1 7 304 14
13 0 4 374 84
5 2 0 330 4
43 0 1 350 23
3 2 2 400 59
30 0 5 115 47
49 0 9 179 100
49 1 0 334 55
15 0 2 459 32
10 3 3 322 97
42 2 8 330 96
31 0 2 491 59
26 3 0 389 89
35 0 9 279 6
21 1 7 318 65
22 0 9 285 60
31 1 7 550 26
3 3 7 576 76
9 0 2 550 98
31 2 4 576 76
35 1 3 419 21
20 0 4 652 11
12 1 8 426 65
23 2 1 400 13
23 3 6 413 28
33 0 9 345 96
14 0 5 162 6
37 2 4 663 20
42 3 3 440 59
14 1 6 441 58
41 1 4 683 32
1 0 2 648 96
18 1 7 652 20
15 1 5 491 58
46 2 0 478 37
47 3 7 672 35
36 0 6 499 89
40 0 3 499 75
48 0 3 574 79
26 4 5 549 93
38 0 7 707 82
48 1 5 653 2
27 0 0 515 22
1 1 6 744 94
5 3 3 653 13
8 0 4 715 60
15 2 6 838 97
36 1 5 655 23
19 1 0 537 18
21 2 1 413 14
43 1 9 441 3
24 0 4 775 1
40 1 7 789 13
20 1 8 663 99
38 1 8 789 43
4 0 2 744 45
12 2 5 678 20
37 3 7 802 91
16 2 4 776 98
25 1 5 698 68
22 1 7 893 9
21 3 2 789 85
24 1 6 935 91
14 2 7 902 90
34 0 4 874 65
18 2 8 832 55
33 1 4 939 3
45 1 8 887 53
6 0 9 444 58
42 4 2 874 41
3 4 1 652 93
44 0 6 1026 99
21 4 3 874 5
35 2 8 940 46
26 5 4 942 12
33 2 3 942 92
12 3 4 954 15
45 2 0 940 77
13 1 5 766 20
44 1 2 1125 14
6 1 4 969 33
20 2 9 762 2
38 2 6 1125 76
5 4 5 786 12
46 3 3 1034 88
24 2 8 1026 49
27 1 5 798 12
13 2 9 786 58
7 1 3 1122 67
23 4 5 810 97
7 2 0 1189 88
16 3 3 1189 26
39 0 7 992 51
8 1 2 1139 88
40 2 6 1201 63
20 3 7 1043 10
30 1 9 844 90
19 2 9 934 42
15 3 1 935 49
39 1 9 1043 27
34 1 0 1277 17
11 0 0 1294 16
18 3 4 1002 14
10 4 9 1070 47
15 4 3 1215 61
28 2 2 1227 64
32 1 2 1291 10
2 2 8 1075 30
40 3 1 1264 78
17 1 1 1342 95
9 1 5 907 56
9 2 1 1437 68
3 5 9 1117 62
27 2 8 1105 95
34 2 9 1294 26
43 2 2 1301 85
33 3 7 1053 67
19 3 4 1016 81
16 4 8 1215 25
40 4 4 1342 1
46 4 7 1122 20
9 3 6 1505 63
38 3 1 1505 36
15 5 0 1310 69
0 2 5 963 71
27 3 4 1343 24
8 2 0 1379 23
47 4 3 1276 76
45 3 4 1367 69
5 5 1 1541 4
17 2 4 1437 82
43 3 6 1568 93
39 2 5 1070 12
25 2 9 1320 30
41 2 2 1386 82
49 2 5 1082 14
9 4 7 1568 61
30 2 0 1402 88
40 5 8 1343 60
25 3 7 1629 68
14 3 1 1545 54
8 3 5 1402 69
35 3 0 1490 82
34 3 7 1697 46
13 3 0 1572 55
49 3 2 1468 86
25 4 1 1697 10
23 5 3 1352 8
7 3 9 1350 92
33 4 6 1661 60
42 5 4 1519 23
45 4 2 1554 55
35 4 2 1609 74
28 3 3 1360 33
32 2 9 1442 45
42 6 1 1707 37
46 5 9 1487 4
23 6 7 1743 42
27 4 3 1393 30
5 6 2 1683 38
18 4 2 1721 66
21 5 8 1403 5
11 1 7 1785 6
48 2 6 1721 17
48 3 1 1744 65
19 4 7 1791 2
13 4 8 1627 98
43 4 5 1661 18
41 3 0 1627 1
25 5 6 1738 20
15 6 8 1725 2
14 4 9 1599 73
40 6 2 1787 24
2 3 2 1811 41
27 5 1 1809 81
47 5 9 1672 91
45 5 3 1609 78
29 0 2 1852 14
11 2 4 1791 53
37 4 2 1866 76
20 4 3 1687 91
19 5 2 1942 39
41 4 1 1890 2
29 1 6 1866 98
33 5 8 1727 35
21 6 5 1679 11
20 5 5 1778 83
39 3 6 1964 52
24 3 3 1778 75
47 6 6 2016 35
28 4 7 1793 59
21 7 4 1844 47
14 5 0 1672 92
21 8 6 2051 67
30 3 1 1892 52
40 7 5 1861 10
35 5 5 1871 56
47 7 5 2051 37
13 5 2 1981 75
38 4 0 1764 27
16 5 9 1763 45
0 3 8 1762 29
48 4 7 1852 27
39 4 4 2016 85
9 5 3 1853 78
22 2 8 1791 16
21 9 0 2118 41
10 5 5 2088 38
48 5 8 1879 53
44 2 9 1808 16
35 6 7 1927 94
18 5 5 2126 52
45 6 6 2118 95
7 4 8 1932 19
24 4 1 1944 19
32 3 0 2159 11
37 5 9 1942 83
0 4 0 2170 47
19 6 3 1981 83
9 6 8 1951 45
9 7 0 2217 62
40 8 9 2025 56
10 6 1 2126 26
41 5 7 2021 35
35 7 6 2213 83
38 5 9 2081 93
6 2 6 2296 77
4 1 3 2064 36
2 4 0 2279 23
29 2 0 2302 86
14 6 4 2101 39
26 6 8 1996 13
4 2 8 2100 11
38 6 5 2178 71
31 3 0 2388 26
29 3 1 2388 85
39 5 8 2111 66
13 6 7 2056 46
5 7 6 2373 30
44 3 3 2100 81
42 7 9 2174 4
40 9 0 2414 3
4 3 6 2403 96
39 6 0 2417 100
12 4 1 2473 61
8 4 8 2177 60
15 7 4 2140 3
24 5 7 2102 100
27 6 2 2056 21
19 7 6 2499 11
30 4 8 2237 43
26 7 7 2202 10
45 7 1 2534 76
1 2 8 2280 98
43 5 7 2212 47
1 3 0 2517 55
8 5 1 2610 32
11 3 6 2510 86
6 3 2 2373 11
6 4 3 2384 37
49 4 4 2143 69
23 7 4 2212 95
47 8 8 2378 54
38 7 4 2307 81
31 4 3 2421 71
20 6 6 2596 61
44 4 8 2432 89
3 6 4 2388 33
22 3 2 2384 4
18 6 0 2572 75
43 6 0 2647 96
17 3 9 2178 25
37 6 3 2492 14
28 5 5 2249 95
29 4 8 2521 85
24 6 0 2743 58
41 6 3 2506 16
6 5 8 2606 64
24 7 2 2801 14
18 7 9 2647 63
10 7 2 2815 8
22 4 5 2388 34
48 6 4 2421 52
39 7 3 2522 44
1 4 3 2572 10
16 6 6 2657 12
47 9 0 2801 33
17 4 0 2834 68
7 5 4 2473 27
26 8 6 2669 18
30 5 4 2500 62
2 5 1 2642 60
43 7 8 2743 6
0 5 2 2823 12
5 8 4 2562 42
35 8 4 2604 63
32 4 1 2702 53
36 2 8 2749 78
0 6 7 2835 57
44 5 1 2755 53
24 8 5 2815 34
32 5 3 2755 35
30 6 7 2892 33
18 8 1 2808 93
36 3 2 2835 33
10 8 6 2823 90
43 8 4 2749 60
42 8 5 2849 69
44 6 7 2925 86
11 4 5 2918 81
19 8 5 2999 38
6 6 5 3037 94
4 4 7 3011 96
48 7 9 2710 35
11 5 8 2999 49
43 9 3 2809 3
39 8 2 2868 82
4 5 1 3107 8
22 5 6 2913 2
33 6 5 3131 70
15 8 9 2745 32
29 5 5 3201 12
49 5 3 2812 87
17 5 8 3048 83
29 6 4 3213 99
16 7 2 2950 98
20 7 0 2902 21
12 5 3 2899 71
26 9 2 3048 4
14 7 3 2970 23
8 6 7 3107 4
3 7 8 3131 46
5 9 8 3177 28
18 9 3 2993 64
32 6 8 3205 76
13 7 3 3057 81
17 6 5 3213 36
30 7 3 3138 51
36 4 9 2868 4
39 9 1 3115 36
36 5 7 3111 97
44 7 4 3312 39
46 6 4 3351 77
22 6 4 3428 30
17 7 7 3249 78
11 6 3 3189 90
11 7 2 3279 57
33 7 0 3201 52
31 5 8 3281 59
23 8 8 3340 46
13 8 1 3151 71
45 8 7 3327 2
7 6 7 3329 46
27 7 7 3375 28
37 7 6 2915 61
0 7 4 3458 79
8 7 6 3111 56
20 8 2 3336 69
25 6 8 3386 47
16 8 1 3222 99
4 6 0 3253 75
2 6 7 3403 14
13 9 6 3222 46
28 6 6 3268 1
49 6 8 3433 46
48 8 0 3328 23
2 7 4 3537 15
31 6 1 3340 73
34 4 5 3249 81
28 7 9 3269 14
1 5 1 3413 95
16 9 5 3330 69
32 7 4 3552 83
34 5 1 3508 42
25 7 4 3635 51
29 7 7 3417 8
29 8 3 3425 21
41 7 9 3283 67
23 9 0 3386 93
7 7 1 3550 58
3 8 5 3399 33
31 7 9 3413 70
34 6 2 3550 64
15 9 7 3425 46
34 7 6 3614 46
17 8 3 3446 35
7 8 2 3614 60
9 8 4 3686 31
28 8 8 3479 82
22 7 1 3608 32
11 8 1 3640 34
46 7 8 3561 27
11 9 9 3674 56
20 9 1 3674 8
10 9 4 3717 90
14 8 2 3674 100
25 8 0 3686 44
49 7 1 3682 3
19 9 8 3588 52
49 8 6 3685 89
1 6 5 3508 95
34 8 3 3660 96
38 8 2 3774 45
1 7 7 3603 37
49 9 7 3774 100
30 8 6 3774 97
36 6 3 3756 60
45 9 9 3730 71
48 9 2 3819 59
37 8 5 3603 84
29 9 9 3801 7
25 9 2 3878 32
17 9 6 3871 27
14 9 8 3774 18
2 8 5 3687 42
44 8 5 3729 3
32 8 7 3874 55
2 9 9 3808 56
7 9 5 3732 55
44 9 0 3732 87
30 9 2 3910 22
0 8 6 3898 91
27 8 9 3864 100
0 9 9 3989 30
4 7 5 3787 6
12 6 6 3989 71
4 8 4 3807 13
6 7 7 3929 89
1 8 9 4019 82
4 9 9 4101 2
33 8 2 3932 39
27 9 6 4060 27
33 9 1 3971 94
8 8 9 4103 25
37 9 8 3792 76
31 8 5 3793 57
36 7 1 4065 29
41 8 8 3868 74
32 9 5 3929 79
8 9 3 4128 14
46 8 5 4008 31
12 7 9 4128 58
12 8 0 4186 24
1 9 4 4101 2
3 9 3 4142 35
36 8 0 4210 79
22 8 0 4289 51
35 9 1 4094 21
6 8 1 4115 96
6 9 0 4340 93
36 9 4 4289 93
46 9 2 4039 47
9 9 9 4186 70
12 9 7 4210 71
34 9 8 3942 59
28 9 4 4382 43
38 9 3 4177 62
42 9 6 4087 27
31 9 6 4114 10
22 9 3 4340 51
24 9 9 4256 82
41 9 6 4124 39
