19 0 8 0 38
25 0 4 0 90
5 0 2 0 36
2 0 7 0 17
0 0 7 17 74
21 0 7 91 70
21 1 9 161 81
9 0 4 90 90
7 0 4 180 85
18 0 4 265 77
39 0 1 0 79
15 0 5 0 21
37 0 7 161 60
33 0 4 342 75
12 0 2 36 61
48 0 7 221 76
47 0 8 38 11
30 0 1 79 11
5 1 8 49 41
12 1 0 97 40
39 1 7 297 99
15 1 8 90 78
16 0 4 417 3
34 0 8 168 59
25 1 6 90 56
10 0 5 21 61
34 1 1 227 9
11 0 9 242 35
30 1 8 227 38
30 2 2 265 14
27 0 3 0 12
22 0 9 277 38
49 0 3 12 38
45 0 9 315 35
30 3 9 350 12
42 0 4 420 98
23 0 7 396 30
41 0 2 279 80
4 0 9 362 18
16 1 9 420 44
12 2 4 518 99
46 0 8 265 22
45 1 3 350 61
34 2 3 411 59
44 0 1 236 67
25 2 7 426 97
17 0 8 287 60
23 1 6 426 9
29 0 1 303 51
18 1 8 347 41
18 2 2 388 74
20 0 9 464 36
7 1 9 500 21
38 0 2 462 27
29 1 9 521 21
23 2 5 435 13
16 2 3 470 90
14 0 3 560 26
24 0 4 617 6
2 1 0 137 65
25 3 9 542 37
2 2 6 435 93
43 0 8 388 60
23 3 2 489 79
11 1 7 523 41
48 1 6 528 61
3 0 4 623 87
35 0 6 589 90
36 0 5 448 10
32 0 3 586 33
2 3 8 528 62
2 4 9 590 91
36 1 6 679 85
2 5 5 681 2
20 1 4 710 22
39 2 0 396 27
39 3 9 681 56
16 3 1 560 64
17 1 6 764 59
18 3 6 823 99
29 2 3 619 32
47 1 4 732 93
33 1 1 624 20
9 1 6 922 100
26 0 0 423 66
36 2 4 825 97
33 2 9 737 93
12 3 1 644 51
31 0 6 1022 76
29 3 6 1098 20
16 4 5 683 52
36 3 1 922 3
23 4 8 590 81
32 1 1 925 49
8 0 6 1118 43
16 5 8 735 35
21 2 1 974 60
2 6 1 1034 51
0 1 1 1085 27
3 1 3 710 3
35 1 2 679 35
9 2 1 1112 15
28 0 8 770 99
39 4 5 737 29
3 2 9 830 81
22 1 0 489 94
39 5 6 1161 17
21 3 5 1034 85
25 4 0 583 38
8 1 5 1161 31
32 2 0 974 94
28 1 9 911 79
4 1 6 1178 33
25 5 1 1127 47
29 4 0 1118 80
21 4 3 1119 63
2 7 2 1085 4
47 2 5 1192 97
30 4 3 1182 39
47 3 1 1289 28
6 0 9 990 52
7 2 3 1221 27
49 1 4 922 11
46 1 5 1289 25
17 2 3 1248 67
7 3 7 1248 53
18 4 0 1198 100
27 1 9 1042 37
47 4 2 1317 14
42 1 6 1211 17
29 5 7 1301 58
42 2 8 1228 44
1 0 5 1314 10
12 4 7 1359 46
47 5 0 1331 75
5 2 6 1228 60
41 1 5 1324 23
7 4 0 1406 86
45 2 5 1347 93
4 2 7 1405 35
11 2 6 1288 16
12 5 6 1405 39
24 1 8 1272 58
31 1 9 1098 86
8 2 9 1192 99
37 1 0 1492 27
13 0 4 933 15
34 3 5 1440 62
46 2 7 1440 29
20 2 8 1330 39
1 1 0 1519 11
8 3 2 1331 12
23 5 0 1530 25
35 2 5 1502 89
27 2 4 1079 79
46 3 3 1469 70
9 3 0 1555 40
26 1 8 1369 15
0 2 5 1591 66
38 1 5 1657 16
30 5 5 1673 34
18 5 1 1317 45
14 1 2 1343 42
47 6 7 1469 41
40 0 6 1444 57
13 1 8 1384 38
6 1 4 1158 99
5 3 9 1291 43
21 5 6 1501 97
4 3 0 1595 78
6 2 6 1598 62
1 2 2 1530 38
40 1 7 1510 100
10 1 4 1257 88
3 3 0 1673 17
11 3 3 1539 58
38 2 6 1673 15
33 3 2 1568 58
10 2 6 1688 10
28 2 3 1597 99
24 2 6 1698 51
3 4 6 1749 44
36 4 0 1690 79
21 6 2 1626 61
1 3 3 1696 60
39 6 8 1422 67
22 2 2 1687 46
0 3 3 1756 89
26 2 1 1384 39
9 4 7 1610 96
21 7 8 1687 44
44 1 0 1769 42
13 2 2 1733 84
39 7 4 1489 34
31 2 3 1845 40
42 3 5 1707 1
34 4 9 1502 79
0 4 6 1845 58
45 3 8 1731 83
44 2 8 1814 93
3 5 2 1817 82
13 3 5 1817 98
37 2 5 1915 69
15 2 6 1903 97
32 3 2 1899 17
38 3 4 1688 40
19 1 9 1581 57
13 4 6 2000 17
37 3 8 1984 58
41 2 4 1728 54
17 3 2 1916 85
38 4 8 2042 16
31 3 4 1885 30
18 6 9 1638 14
48 2 8 2058 64
28 3 2 2001 87
44 3 2 2088 47
20 3 0 1811 76
17 4 0 2001 43
48 3 3 2122 90
13 5 1 2017 91
8 4 0 2044 6
28 4 0 2088 80
32 4 6 2017 17
15 3 0 2168 77
37 4 6 2042 67
1 4 1 2108 50
48 4 0 2245 20
39 8 3 2212 86
5 4 0 2265 66
24 3 7 1749 48
27 3 8 2122 95
15 4 9 2245 82
7 5 1 2158 36
35 3 0 2331 59
30 6 0 2390 37
20 4 1 2194 78
23 6 9 2327 93
49 2 0 2427 30
11 4 0 2457 86
43 1 7 1797 74
41 3 6 2109 39
19 2 7 1871 42
35 4 9 2420 28
14 2 8 2217 55
40 2 4 1915 73
45 4 7 1913 87
42 4 3 2298 10
4 4 2 2135 68
47 7 3 2308 40
37 5 2 2203 36
6 3 0 2543 50
40 3 9 2448 17
15 5 4 2327 26
38 5 1 2272 92
1 5 7 2158 35
31 4 2 2239 97
35 5 7 2448 51
27 4 0 2593 50
40 4 8 2465 3
37 6 9 2465 31
33 4 3 2348 51
12 6 3 2399 43
36 5 9 2496 86
7 6 6 2194 35
31 5 0 2643 59
4 5 3 2442 68
49 3 5 2457 37
9 5 9 2582 25
31 6 8 2702 100
40 5 3 2510 64
47 8 9 2607 62
10 3 3 2574 48
3 6 7 2499 16
44 4 5 2494 34
45 5 4 2353 66
41 4 9 2669 77
5 5 5 2528 34
43 2 3 2622 60
41 5 3 2746 65
20 5 2 2336 27
26 3 5 2562 89
25 6 2 2363 56
49 4 7 2515 57
37 7 3 2811 69
44 5 7 2572 11
49 5 9 2746 64
20 6 5 2651 55
42 5 7 2583 56
21 8 0 2702 5
22 3 5 2706 20
32 5 8 2802 70
24 4 2 2419 68
15 6 3 2880 22
45 6 0 2707 96
29 6 2 2487 91
18 7 3 2902 26
44 6 6 2583 100
34 5 7 2639 53
14 3 4 2419 24
15 7 1 2902 90
1 6 6 2683 94
43 3 6 2777 30
45 7 2 2803 55
29 7 5 2726 84
48 5 2 2858 43
38 6 9 2810 60
4 6 8 2872 3
17 5 7 2692 93
46 4 6 2807 93
45 8 1 2992 41
44 7 9 2870 15
38 7 7 2870 43
11 5 2 2901 69
11 6 5 2970 58
37 8 1 3033 16
43 4 0 2807 81
48 6 9 2901 50
49 6 1 3049 68
0 5 0 2888 11
6 4 1 3117 24
19 3 5 3028 64
3 7 5 3092 13
26 4 7 2913 3
36 6 3 2928 10
19 4 1 3141 80
6 5 8 3141 73
16 6 7 2916 18
26 5 9 2951 54
29 8 8 3214 62
38 8 3 2938 2
27 5 1 3221 74
4 7 5 3105 2
46 5 1 3295 19
27 6 6 3295 1
17 6 5 3107 44
36 7 7 2938 80
9 6 5 3151 43
0 6 8 3276 77
44 8 4 2885 99
16 7 2 2970 45
25 7 3 2940 8
14 4 0 2899 43
47 9 6 3296 66
8 5 7 3018 79
22 4 8 3353 87
39 9 2 3015 61
9 7 8 3440 23
10 4 0 2942 100
12 7 9 3005 37
20 7 3 2948 10
8 6 3 3097 81
40 6 2 3076 99
0 7 9 3353 17
10 5 2 3175 62
5 6 3 3178 24
19 5 6 3362 81
8 7 1 3314 18
17 7 4 3151 22
43 5 5 3194 25
7 7 5 3219 99
37 9 4 3173 22
27 7 5 3318 55
33 5 0 3042 94
26 6 3 3202 24
46 6 0 3314 49
43 6 4 3219 89
26 7 2 3237 14
13 6 7 3097 91
49 7 8 3463 42
0 8 2 3370 70
14 5 1 3332 83
13 7 9 3370 23
30 7 6 3443 94
6 6 7 3214 19
6 7 3 3233 23
15 8 7 3233 57
7 8 8 3505 30
28 5 4 3308 13
24 5 3 3256 34
25 8 5 3373 37
31 7 7 3290 9
5 7 7 3299 11
34 6 6 3537 48
27 8 7 3373 98
17 8 1 3415 68
36 8 2 3440 37
49 8 2 3505 19
26 8 6 3585 99
19 6 4 3443 70
44 9 3 3290 2
33 6 6 3684 24
31 8 5 3410 55
22 5 1 3483 41
28 6 5 3465 99
33 7 7 3708 70
27 9 2 3524 49
1 7 9 3393 52
24 6 5 3564 78
43 7 9 3445 19
5 8 1 3524 5
32 6 5 3642 17
14 6 9 3464 27
38 9 0 3363 7
14 7 7 3778 38
42 6 2 3573 95
2 8 3 3292 19
24 7 9 3642 59
41 6 7 3816 59
15 9 2 3668 31
30 8 4 3537 10
35 6 4 3547 69
33 8 8 3778 51
31 9 1 3529 86
2 9 4 3616 10
19 7 3 3513 13
13 8 3 3526 48
23 7 4 3626 85
40 7 0 3370 71
23 8 3 3711 78
32 7 7 3875 42
8 8 8 3829 73
10 6 1 3615 83
9 8 2 3699 31
14 8 6 3816 37
22 6 4 3711 41
12 8 8 3902 88
24 8 1 3701 98
23 9 1 3799 76
32 8 4 3917 26
19 8 2 3730 41
35 7 3 3789 36
36 9 8 3990 39
21 9 4 3943 35
33 9 5 3829 82
45 9 6 3853 61
12 9 5 3990 9
7 9 2 3771 43
22 7 3 3825 40
34 7 4 3978 98
11 7 1 3875 93
5 9 4 4076 55
10 7 8 4029 20
48 7 1 3968 13
43 8 2 3814 59
22 8 7 3917 99
46 7 9 3701 62
41 7 0 3875 7
34 8 2 4076 76
26 9 4 4131 73
3 8 8 4049 100
32 9 9 3943 24
28 7 6 3914 13
8 9 4 4204 55
29 9 4 4259 91
49 9 6 3927 79
42 7 9 3967 80
20 8 6 4006 5
34 9 0 4152 71
1 8 4 4350 2
35 8 1 3981 32
9 9 3 3865 7
28 8 1 4013 54
41 8 1 4067 63
46 8 2 4152 19
22 9 6 4016 48
25 9 8 4149 7
28 9 7 4067 61
19 9 0 4223 65
4 8 4 4352 53
46 9 4 4405 73
43 9 1 4130 21
10 8 7 4128 42
6 8 2 4171 15
30 9 7 4170 2
4 9 1 4405 25
3 9 1 4430 85
18 8 7 4172 98
20 9 7 4270 71
11 8 4 4478 47
24 9 0 4288 36
35 9 8 4156 27
6 9 5 4186 2
40 8 5 4188 27
48 8 5 4215 4
41 9 8 4183 32
1 9 8 4352 20
10 9 9 4170 19
13 9 0 4324 98
18 9 5 4270 77
42 8 0 4422 99
17 9 9 4189 38
14 9 5 4347 58
0 9 4 4525 97
16 8 0 4521 4
16 9 6 4525 14
40 9 1 4515 90
11 9 8 4525 77
42 9 1 4605 64
48 9 4 4622 47
