46 0 9 0 5
35 0 9 5 24
8 0 3 0 82
22 0 5 0 42
15 0 4 0 43
49 0 4 43 6
17 0 0 0 5
41 0 7 0 95
1 0 9 29 82
12 0 6 0 28
41 1 0 95 60
37 0 3 82 88
20 0 5 42 83
7 0 9 111 37
22 1 2 42 43
27 0 9 148 51
43 0 1 0 24
10 0 8 0 94
2 0 7 95 14
9 0 6 28 66
38 0 9 199 23
16 0 1 24 49
37 1 7 170 47
18 0 3 170 42
23 0 0 155 40
49 1 1 73 94
2 1 5 125 49
12 1 0 195 86
22 2 6 94 37
37 2 0 281 35
32 0 7 217 45
36 0 5 174 33
34 0 7 262 49
31 0 9 222 13
10 1 9 235 11
18 1 1 212 93
34 1 5 311 31
26 0 5 342 22
2 2 3 212 48
21 0 7 311 71
36 1 4 207 39
3 0 2 85 94
1 1 1 305 35
1 2 8 340 37
48 0 8 377 87
32 1 5 364 50
11 0 5 414 22
34 2 8 464 79
24 0 9 246 87
15 1 1 340 95
40 0 1 435 63
7 1 4 246 89
27 1 2 199 27
48 1 5 464 58
47 0 6 131 91
7 2 3 335 26
44 0 0 316 66
7 3 6 361 59
14 0 7 382 49
21 1 0 382 23
14 1 5 522 8
17 1 1 498 69
8 1 2 226 31
48 2 7 522 44
49 2 0 405 45
25 0 6 420 60
45 0 3 361 97
9 1 1 567 58
14 2 2 530 36
7 4 0 450 89
36 2 3 458 50
9 2 5 625 14
43 1 6 480 30
14 3 8 566 31
11 1 1 625 87
3 1 3 508 86
29 0 4 335 77
20 1 3 594 75
41 2 3 669 62
9 3 3 731 42
38 1 6 510 95
28 0 6 605 88
42 0 3 773 24
37 3 4 412 69
12 2 3 797 54
38 2 0 605 42
8 2 1 712 98
40 1 7 566 16
46 1 4 481 22
36 3 1 810 96
40 2 6 693 40
41 3 2 731 7
35 1 5 639 40
46 2 2 738 3
15 2 0 647 18
12 3 2 851 68
47 1 8 597 74
39 0 9 333 96
16 1 6 733 69
44 1 8 671 12
16 2 3 851 73
29 1 2 919 13
23 1 8 683 34
16 3 9 924 52
34 3 6 802 83
17 2 3 924 38
48 3 1 906 6
47 2 1 912 88
25 1 5 679 3
20 2 1 1000 44
26 1 1 1044 55
19 0 5 682 88
45 1 1 1099 29
33 0 4 503 57
31 1 4 560 25
25 2 2 932 60
6 0 2 992 78
43 2 0 665 9
31 2 6 885 62
19 1 9 976 44
3 2 8 717 41
25 3 7 992 40
27 2 6 947 81
16 4 0 976 10
6 1 0 1070 18
35 2 4 679 81
26 2 2 1099 32
16 5 7 1032 41
31 3 0 1088 4
4 0 7 1073 55
6 2 4 1088 43
14 4 6 1028 47
28 1 1 1128 46
10 2 6 1075 3
9 4 0 1092 62
24 1 2 1131 39
35 3 3 962 10
28 2 5 1174 16
19 2 0 1154 63
25 4 0 1217 54
42 1 7 1128 60
44 2 1 1174 9
17 3 7 1188 35
29 2 8 932 96
28 3 2 1190 62
23 2 2 1252 7
19 3 7 1223 92
11 2 9 1020 61
49 3 2 1259 54
0 0 7 1315 9
30 0 7 1324 91
4 1 1 1183 87
20 3 2 1313 79
45 2 0 1271 59
28 4 9 1252 95
46 3 8 1028 63
44 3 5 1190 50
7 5 5 1240 90
15 3 9 1347 99
29 3 3 1028 61
13 0 6 1078 18
17 4 5 1330 23
46 4 5 1353 1
33 1 1 1270 1
42 2 6 1188 35
46 5 7 1415 23
49 4 9 1446 67
35 4 6 1223 59
44 4 2 1392 14
39 1 8 1091 21
28 5 7 1438 63
41 4 9 1513 2
31 4 1 1271 31
17 5 2 1406 40
31 5 8 1302 76
45 3 4 1330 64
35 5 8 1378 83
0 1 2 1446 57
41 5 8 1515 81
23 3 9 1515 17
33 2 0 1330 74
15 4 7 1501 98
13 1 1 1302 2
7 6 1 1330 91
11 3 2 1503 2
29 4 0 1404 21
31 6 5 1378 3
43 3 3 1089 89
11 4 3 1505 15
47 3 5 1381 2
30 1 5 1415 14
0 2 9 1532 62
34 4 1 1421 40
39 2 4 1394 17
30 2 3 1520 37
3 3 5 1429 27
27 3 8 1596 87
43 4 8 1683 72
4 2 8 1755 51
47 4 7 1599 61
36 4 7 1660 62
23 4 5 1532 60
6 3 3 1557 86
47 5 4 1660 39
0 3 5 1594 34
13 2 2 1505 23
19 4 1 1461 4
27 4 0 1683 79
48 4 6 1282 22
10 3 1 1465 86
0 4 6 1628 83
29 5 7 1722 39
29 6 5 1761 12
18 2 4 1699 90
18 3 6 1789 88
5 0 2 1528 88
40 3 2 1616 22
45 4 9 1594 17
46 6 0 1762 1
2 3 9 1611 34
1 3 5 1773 26
46 7 3 1763 61
26 3 0 1763 83
16 6 8 1806 42
24 2 3 1824 23
42 3 2 1638 77
5 1 1 1616 98
49 5 7 1761 90
6 4 9 1645 78
1 4 6 1877 21
6 5 6 1898 43
10 4 2 1715 4
37 4 1 1714 79
34 5 4 1789 65
36 5 2 1722 72
32 2 1 1793 14
41 6 5 1799 83
1 5 3 1898 78
24 3 8 1848 48
34 6 3 1976 34
39 3 7 1851 12
38 3 1 1807 84
20 4 7 1863 63
15 5 3 2010 26
28 6 4 1854 78
33 3 8 1896 1
10 5 5 1882 19
26 4 8 1897 38
21 2 5 1901 93
5 2 3 2036 67
34 7 2 2010 32
8 3 5 1994 25
40 4 9 1723 48
31 7 7 1926 8
13 3 8 1935 49
11 5 6 1941 37
30 3 0 1846 17
18 4 2 2042 70
39 4 1 1891 25
6 6 7 1941 62
44 5 9 1771 76
22 3 9 1847 98
46 8 1 1916 92
21 3 3 2103 44
31 8 3 2147 26
16 7 5 2019 96
19 5 4 1932 91
5 3 8 2103 41
33 4 6 1978 96
5 4 6 2144 23
0 5 0 1863 33
39 5 2 2112 9
43 5 4 2023 77
34 8 9 2042 97
46 9 6 2167 19
28 7 0 1932 9
6 7 8 2144 42
49 6 5 2115 19
38 4 8 2186 57
4 3 5 2134 29
1 6 7 2003 64
2 4 4 2100 52
38 5 4 2243 42
39 6 6 2186 7
42 4 1 2008 85
1 7 4 2285 33
48 5 3 2173 57
20 5 6 2193 32
2 5 1 2152 16
12 4 4 2318 63
14 5 3 2230 90
2 6 2 2168 78
43 6 2 2246 7
19 6 6 2225 92
4 4 9 2163 93
12 5 1 2381 33
21 4 6 2317 36
30 4 9 2256 49
20 6 0 2225 10
6 8 1 2414 44
6 9 5 2458 9
24 4 6 2353 83
10 6 7 2067 93
27 5 7 2160 1
9 5 8 2243 66
19 7 8 2317 53
32 3 0 2235 69
3 4 7 2161 29
38 6 2 2285 2
9 6 4 2381 46
30 5 4 2427 27
13 4 7 2190 82
32 4 9 2305 43
14 6 0 2320 7
32 5 4 2454 1
27 6 3 2320 14
11 6 7 2272 81
48 6 9 2348 78
5 5 9 2426 70
36 6 8 2370 42
45 5 2 2287 77
35 6 2 2364 66
38 7 5 2467 79
11 7 0 2353 17
32 6 6 2455 73
34 9 0 2370 25
23 5 4 2455 98
3 5 6 2528 53
3 6 9 2581 5
8 4 0 2395 16
40 5 5 2546 87
47 6 0 2411 35
44 6 4 2553 90
8 5 7 2411 23
18 5 8 2412 11
5 6 7 2496 26
0 6 1 2458 80
12 6 8 2423 22
42 5 8 2445 57
15 6 8 2502 99
26 5 4 2643 22
36 7 6 2581 86
47 7 2 2446 23
42 6 9 2586 29
38 8 3 2546 29
18 6 9 2615 54
22 4 0 2446 55
17 6 8 2601 17
36 8 9 2669 66
37 5 9 2735 61
43 7 5 2633 23
41 7 4 2665 64
9 7 7 2522 88
21 5 4 2729 27
42 7 5 2656 59
21 6 2 2756 96
43 8 9 2796 73
14 7 9 2869 6
20 7 4 2756 2
26 6 6 2667 29
4 5 3 2575 51
35 7 1 2538 28
24 5 7 2610 50
18 7 7 2669 76
18 8 5 2745 40
40 6 0 2633 15
48 7 4 2758 19
13 5 9 2875 8
49 7 8 2618 72
4 6 0 2648 54
15 7 5 2785 90
33 5 2 2852 92
19 8 3 2626 52
32 7 8 2690 35
40 7 8 2725 24
20 8 9 2883 6
45 6 5 2875 60
37 6 2 2944 25
37 7 8 2969 56
45 7 7 2935 16
33 6 7 2951 85
22 5 3 2678 35
20 9 8 3025 56
10 7 4 2777 43
7 7 8 3081 28
24 6 5 2935 9
32 8 3 2725 1
22 6 4 2820 45
45 8 6 2951 61
13 6 4 2883 73
27 7 5 2944 73
23 6 7 3036 34
35 8 7 3070 33
30 6 1 2566 68
9 8 2 2969 89
49 8 6 3012 70
12 7 5 3017 35
8 6 9 2889 92
13 7 5 3052 31
26 7 7 3103 23
18 9 0 2785 94
37 8 5 3083 68
0 7 4 2956 46
27 8 4 3017 25
29 7 6 3082 49
39 7 5 3151 26
3 7 0 2879 36
0 8 3 3002 21
30 7 2 3058 60
48 8 2 3118 74
10 8 0 2915 78
7 8 7 3126 37
8 7 4 3042 89
36 9 0 2993 80
40 8 3 3023 37
33 7 5 3177 42
42 8 4 3131 53
44 7 3 3060 43
3 8 4 3184 98
21 7 1 2852 23
8 8 6 3131 32
38 9 7 3163 90
5 7 4 3282 28
4 7 6 3163 85
2 7 0 3073 24
49 9 3 3103 58
12 8 9 3052 84
14 8 1 2875 44
22 7 1 2919 8
25 5 1 2927 68
22 8 8 3109 5
1 8 2 3192 40
30 8 6 3248 42
22 9 7 3253 100
39 8 0 3177 81
17 7 4 3310 33
41 8 1 2995 68
31 9 2 3232 95
3 9 1 3282 37
48 9 0 3258 6
15 8 2 3327 24
11 8 8 3114 31
44 8 7 3353 48
47 8 9 3136 84
2 8 8 3145 58
4 8 2 3351 20
23 7 6 3290 23
41 9 6 3313 66
40 9 4 3343 55
19 9 2 3371 38
27 9 1 3319 14
47 9 3 3220 27
21 8 9 3220 35
29 8 9 3255 73
1 9 0 3264 21
5 8 5 3310 17
33 8 3 3247 12
24 7 1 3333 49
39 9 3 3259 51
43 9 7 3401 35
9 9 9 3328 97
25 6 4 3398 49
14 9 4 3447 51
25 7 8 3447 50
25 8 9 3497 22
12 9 7 3436 15
2 9 6 3379 43
11 9 4 3498 73
24 8 0 3382 37
17 8 6 3422 99
25 9 3 3519 34
35 9 0 3419 31
23 8 1 3382 37
28 8 3 3553 68
16 8 4 3571 85
5 9 0 3450 87
26 8 9 3519 59
17 9 9 3578 82
13 8 3 3621 20
26 9 3 3641 90
33 9 9 3660 38
37 9 6 3521 96
24 9 4 3656 42
0 9 8 3497 89
44 9 6 3617 63
8 9 8 3586 12
23 9 3 3731 58
7 9 2 3409 51
21 9 8 3598 21
45 9 8 3619 40
32 9 2 3460 61
42 9 0 3537 14
15 9 6 3680 91
13 9 0 3641 1
29 9 1 3419 86
30 9 8 3659 15
4 9 4 3698 29
16 9 2 3656 76
28 9 8 3674 37
10 9 3 3789 11
