4 0 4 0 46
8 0 4 46 13
25 0 4 59 38
6 0 1 0 1
36 0 4 97 5
39 0 3 0 74
4 1 0 46 39
49 0 1 1 78
33 0 0 85 47
47 0 4 102 48
36 1 2 102 51
18 0 4 150 90
47 1 0 150 87
22 0 0 237 2
14 0 4 240 63
40 0 2 153 6
48 0 1 79 80
33 1 1 159 89
7 0 2 159 18
3 0 1 248 46
45 0 3 74 30
40 1 4 303 67
26 0 1 294 68
17 0 0 239 37
26 1 4 370 54
37 0 0 276 58
7 1 4 424 63
32 0 3 104 85
44 0 2 177 3
45 1 4 487 23
22 1 1 362 48
41 0 4 510 34
33 2 2 248 68
6 1 2 316 99
49 1 0 334 96
1 0 1 410 11
33 3 4 544 88
20 0 0 430 4
37 1 4 632 83
8 1 2 415 25
16 0 3 189 20
7 2 3 487 15
43 0 3 502 55
23 0 1 421 71
33 4 3 632 17
15 0 0 434 79
18 1 3 649 74
34 0 1 492 30
1 1 0 513 7
22 2 4 715 23
14 1 1 522 28
10 0 1 550 53
27 0 2 440 62
10 1 3 723 27
3 1 0 520 26
30 0 4 738 85
28 0 2 502 86
38 0 3 750 85
3 2 4 823 83
28 1 0 588 53
21 0 3 835 32
40 2 0 641 97
5 0 4 906 13
4 2 2 588 92
19 0 3 867 83
32 1 0 738 24
32 2 4 919 23
37 2 2 715 9
29 0 3 950 90
22 3 3 1040 25
1 2 3 1065 68
20 1 4 942 16
29 1 4 1040 94
42 0 1 603 30
20 2 2 958 64
6 2 4 1134 36
24 0 1 633 77
5 1 1 919 44
42 1 2 1022 66
1 3 4 1170 43
29 2 0 1134 21
10 2 4 1213 55
41 1 1 963 5
24 1 4 1268 85
16 1 1 968 93
19 1 0 1155 85
37 3 3 1133 68
46 0 2 1088 18
44 1 0 1240 16
8 2 0 1256 82
32 3 1 1061 41
36 2 3 1201 67
45 2 1 1102 92
15 1 1 1194 65
14 2 3 1268 87
11 0 1 1259 71
34 1 0 1338 1
27 1 1 1330 96
19 2 2 1240 20
23 1 4 1353 92
49 2 4 1445 80
44 2 1 1426 48
26 2 0 1339 62
13 0 2 1260 12
2 0 4 1525 90
8 3 3 1355 23
24 2 3 1378 72
43 1 0 1401 46
27 2 4 1615 56
28 2 3 1450 3
31 0 0 1447 58
7 3 0 1505 59
16 2 4 1671 61
11 1 2 1330 54
46 1 0 1564 72
35 0 0 1636 11
44 3 4 1732 8
17 1 2 1384 17
7 4 1 1564 33
36 3 1 1597 20
27 3 0 1671 68
35 1 4 1740 58
29 3 2 1401 78
29 4 1 1617 85
0 0 4 1798 69
35 2 3 1798 66
41 2 2 1479 13
0 1 0 1867 37
5 2 3 1864 43
2 1 3 1907 29
5 3 2 1907 67
31 1 3 1936 4
49 3 3 1940 5
10 3 0 1904 16
49 4 2 1974 99
17 2 1 1702 92
39 1 2 2073 29
14 3 0 1920 89
14 4 2 2102 52
18 2 0 2009 46
22 4 2 2154 58
44 4 3 1945 51
30 1 2 2212 97
35 3 2 2309 67
9 0 3 1996 1
37 4 1 1794 21
33 5 6 649 48
9 1 1 1997 7
22 5 9 2212 55
11 2 3 1997 21
8 4 1 2004 26
32 4 2 2376 59
3 3 2 2435 36
40 3 3 2018 66
32 5 8 2435 20
49 5 9 2267 58
2 2 1 2030 1
39 2 0 2102 11
24 3 2 2471 19
13 1 1 2031 3
21 1 0 2113 86
11 3 0 2199 20
21 2 1 2199 5
34 2 3 2084 61
0 2 3 2145 64
43 2 2 2490 1
5 4 0 2219 75
13 2 4 2034 35
8 5 7 2030 22
22 6 7 2267 14
48 1 4 2069 5
11 4 4 2219 23
10 4 2 2491 64
30 2 0 2309 8
24 4 0 2490 71
4 3 3 2209 53
34 3 4 2242 20
34 4 2 2555 73
3 4 3 2471 20
37 5 6 1815 28
19 3 4 2262 88
12 0 2 2628 76
3 5 9 2491 4
40 4 1 2204 21
49 6 5 2325 38
25 1 0 2561 3
37 6 9 2495 77
26 3 2 2704 93
24 5 5 2561 34
29 5 5 2595 94
46 2 4 2350 92
19 4 1 2350 94
30 3 3 2491 27
29 6 6 2689 90
18 3 2 2797 36
38 1 2 2833 58
21 3 4 2442 66
33 6 8 2455 84
23 2 3 2518 99
16 3 0 2564 76
31 2 4 2508 49
19 5 6 2779 14
38 2 0 2891 65
18 4 1 2833 2
16 4 2 2891 23
12 1 4 2704 72
6 3 3 2617 86
5 5 6 2793 5
46 3 1 2835 6
43 3 1 2841 77
49 7 7 2363 29
30 4 1 2918 86
4 4 1 3004 62
37 7 5 2689 19
37 8 7 2708 32
17 3 4 2776 30
44 5 7 2740 72
15 2 4 2806 35
36 4 0 2956 11
48 2 0 2967 50
35 4 1 3066 18
17 4 3 2806 59
43 4 4 2918 19
34 5 8 2628 78
36 5 7 2967 37
42 2 0 3017 33
41 3 0 3050 100
43 5 7 3004 85
0 3 1 3084 1
44 6 6 2812 19
45 3 0 3150 18
28 3 1 3085 89
31 3 2 2914 1
46 4 3 2865 67
25 2 2 2915 61
43 6 9 3089 32
18 5 6 2835 9
19 6 5 2793 16
33 7 9 3121 100
3 6 8 2706 23
34 6 7 3089 41
35 5 8 3084 42
35 6 7 3130 88
20 3 1 3174 60
39 3 1 3234 23
3 7 7 3218 65
44 7 8 3126 58
14 5 8 3184 2
20 4 3 3234 79
8 6 9 3221 35
2 3 2 2976 1
12 2 3 3313 91
17 5 5 2865 47
9 2 0 3168 21
27 4 3 3404 24
48 3 3 3428 65
29 7 8 3186 28
15 3 3 3493 78
24 6 7 3283 9
4 5 9 3256 68
42 3 3 3571 70
18 6 5 2912 83
16 5 5 2995 10
42 4 4 3641 16
6 4 0 3189 65
28 4 4 3657 37
34 7 9 3324 52
25 3 3 3641 98
0 4 2 3085 65
31 4 1 3257 79
36 6 6 3004 42
42 5 6 3657 80
35 7 9 3376 49
0 5 9 3425 34
41 4 3 3739 12
42 6 5 3737 58
46 5 8 3214 100
18 7 8 3314 90
20 5 5 3795 37
14 6 9 3459 21
33 8 5 3832 92
27 5 5 3924 41
47 2 1 3336 96
5 6 9 3480 94
28 5 7 3694 100
31 5 8 3404 10
4 6 7 3794 65
40 5 8 3414 90
22 7 8 3504 21
44 8 9 3574 59
12 3 0 3404 75
22 8 6 3737 85
6 5 8 3525 32
14 7 7 3859 92
21 4 2 3150 77
25 4 1 3739 76
3 8 5 3965 56
17 6 8 3557 7
36 7 8 3564 25
45 4 2 3227 19
11 5 9 3633 40
1 4 2 3246 52
9 3 2 3298 73
26 4 3 3751 22
21 5 7 3951 15
20 6 6 3832 49
9 4 4 3694 39
2 4 0 3479 14
26 5 6 3881 57
24 7 9 3673 14
45 5 9 3687 32
19 7 7 3966 62
31 6 6 3938 44
6 6 5 4021 17
14 8 6 3982 44
8 7 8 3589 16
7 5 7 4028 95
31 7 9 3982 87
41 5 8 3751 63
25 5 5 4038 14
30 5 9 4069 26
41 6 7 4123 59
25 6 9 4095 56
15 4 2 3571 17
40 6 9 4151 46
31 8 5 4069 16
22 9 5 4085 27
13 3 0 3493 64
24 8 6 4026 62
4 7 8 3859 74
15 5 8 3933 90
7 6 5 4123 63
17 7 7 4182 45
39 4 4 3733 34
9 5 6 4088 32
7 7 6 4186 85
9 6 7 4227 77
12 4 1 3815 7
39 5 7 4304 84
10 5 5 4186 78
7 8 8 4271 34
48 4 2 3588 85
23 3 2 3673 56
37 9 8 4305 66
9 7 5 4304 29
47 3 2 3729 58
26 6 7 4388 79
30 6 7 4467 5
25 7 8 4371 26
38 3 1 3822 80
42 7 8 4397 8
32 6 6 4271 52
10 6 9 4264 32
16 6 8 4405 34
48 5 7 4472 88
38 4 4 3902 50
2 5 8 4439 38
27 6 6 4323 19
16 7 7 4560 20
10 7 8 4477 60
0 6 5 4333 67
1 5 6 4342 29
1 6 9 4371 71
0 7 8 4537 43
35 8 5 4400 62
8 8 6 4371 24
20 7 7 4580 67
38 5 7 4647 79
7 9 9 4442 3
10 8 7 4726 20
15 6 5 4462 54
23 4 0 3729 81
4 8 6 4395 87
41 7 5 4516 75
35 9 6 4482 71
42 8 7 4746 86
6 7 7 4832 71
29 8 9 4445 92
34 8 5 4591 43
20 8 9 4647 95
47 4 3 3787 83
11 6 5 4634 99
23 5 7 4903 79
27 7 7 4982 2
20 9 8 4742 5
10 9 6 4746 20
11 7 7 4984 61
26 7 9 4742 19
46 6 6 4766 32
6 8 6 4903 15
39 6 8 4747 57
2 6 5 4733 13
23 6 6 4982 66
23 7 9 5048 42
23 8 8 5090 47
29 9 7 5045 56
28 6 5 4746 59
42 9 9 5090 66
11 8 6 5048 94
32 7 5 4805 58
47 5 8 5137 77
8 9 5 4863 41
18 8 7 5101 88
38 6 5 4904 43
47 6 5 5214 26
13 4 3 3870 30
1 7 7 5189 81
9 8 8 5214 89
48 6 5 5240 47
44 9 5 5287 94
28 7 9 5156 23
21 6 5 5381 68
39 7 5 5449 77
1 8 8 5303 12
43 7 6 5142 59
38 7 8 5315 29
15 7 9 5179 91
48 7 6 5287 33
26 8 5 5526 77
49 8 8 5344 69
2 7 9 5270 21
27 8 8 5413 73
0 8 7 5270 72
12 5 6 5320 53
14 9 5 5603 37
41 8 6 5373 91
21 7 9 5449 40
21 8 8 5489 1
12 6 8 5490 32
17 8 6 5464 13
49 9 6 5477 44
39 8 6 5526 83
13 5 5 5640 94
5 7 5 5734 95
32 8 9 5489 75
39 9 9 5609 82
30 7 8 5522 96
47 7 7 5342 77
28 8 6 5609 19
41 9 9 5691 89
30 8 5 5829 68
4 9 5 5897 46
31 9 7 5419 13
16 8 9 5780 87
27 9 9 5867 50
40 7 6 5628 12
46 7 9 5917 14
1 9 5 5943 36
12 7 7 5522 71
36 8 9 5931 57
38 8 9 5988 9
13 6 8 5734 67
32 9 7 5593 77
24 9 8 5801 58
30 9 6 5897 57
45 6 6 5954 57
0 9 6 6011 79
40 8 5 5979 17
34 9 6 6090 74
12 8 5 5996 63
17 9 9 5997 60
36 9 5 6059 1
46 8 5 6060 51
21 9 6 6164 4
48 8 8 5859 50
6 9 9 6057 61
26 9 8 5909 45
2 8 7 5670 41
45 7 5 6111 50
11 9 8 5954 71
5 8 7 5829 28
13 7 7 5857 31
47 8 9 6118 72
19 8 9 6190 53
19 9 8 6243 9
43 8 5 6161 37
45 8 7 6161 64
9 9 9 6243 21
45 9 8 6252 27
38 9 6 6168 18
25 8 7 6225 43
40 9 7 6268 96
47 9 6 6190 86
46 9 7 6364 55
18 9 9 6264 39
25 9 6 6276 44
13 8 6 6320 79
48 9 9 6303 75
15 8 7 6419 57
43 9 8 6279 69
3 9 6 6399 42
15 9 6 6476 23
28 9 8 6348 35
13 9 9 6399 14
5 9 8 6383 85
16 9 6 6499 77
2 9 6 6576 97
12 9 9 6413 53
33 9 7 6476 47
23 9 5 6198 43
