39 0 3 0 31
29 0 0 0 2
20 0 1 0 38
17 0 3 31 9
3 0 3 40 70
6 0 1 38 23
22 0 1 61 38
19 0 1 99 40
1 0 2 0 14
33 0 3 110 96
11 0 2 14 21
34 0 0 2 68
4 0 2 35 90
5 0 4 0 90
8 0 2 125 36
18 0 3 206 6
39 1 0 70 88
19 1 2 161 93
47 0 3 212 44
21 0 1 139 96
48 0 0 158 86
45 0 0 244 65
20 1 2 254 19
1 1 3 256 45
36 0 0 309 32
16 0 0 341 21
28 0 2 273 56
8 1 0 362 76
37 0 3 301 7
42 0 0 438 54
22 1 3 308 31
2 0 4 90 25
33 1 1 235 17
8 2 3 438 97
1 2 0 492 18
12 0 4 115 19
36 1 2 341 99
24 0 3 535 73
33 2 0 510 20
44 0 1 252 32
6 1 4 134 13
48 1 4 244 91
22 2 2 440 76
17 1 4 335 37
0 0 4 372 68
18 1 1 284 7
48 2 1 335 19
14 0 4 440 2
22 3 0 530 8
10 0 3 608 55
34 1 4 442 40
25 0 3 663 43
33 3 4 530 13
25 1 1 706 79
31 0 4 543 4
7 0 3 706 19
38 0 2 516 97
11 1 0 538 18
37 1 4 547 45
14 1 3 725 10
9 0 2 613 20
44 1 4 592 80
15 0 2 633 46
23 0 0 556 15
6 2 0 571 90
7 1 1 785 37
17 2 0 661 2
36 2 1 822 95
34 2 3 735 98
33 4 2 679 28
31 1 2 707 70
20 2 4 672 22
5 1 0 663 55
18 2 0 718 57
25 2 0 785 80
0 1 1 917 39
38 1 4 694 98
15 1 1 956 4
8 3 4 792 71
10 1 4 863 96
5 2 3 833 69
35 0 0 865 58
37 2 2 777 19
33 5 7 707 21
35 1 4 959 19
46 0 1 960 50
43 0 4 978 15
31 2 1 1010 19
35 2 2 978 16
14 2 0 923 17
15 2 4 993 25
13 0 0 940 8
41 0 0 948 75
27 0 0 1023 8
38 2 3 902 43
4 1 4 1018 51
8 4 1 1029 19
36 3 3 945 2
33 6 9 728 65
16 1 1 1048 77
31 3 0 1031 19
7 2 0 1050 16
11 2 3 947 37
48 3 2 994 69
27 1 4 1069 46
43 1 3 993 19
17 3 2 1063 74
32 0 4 1115 64
9 1 1 1125 77
15 3 3 1018 41
9 2 0 1202 71
10 2 0 1273 8
30 0 2 1137 34
13 1 1 1202 60
39 2 2 1171 88
49 0 4 1179 8
25 3 2 1259 44
3 1 0 1281 29
29 1 4 1187 39
36 4 4 1226 8
7 3 4 1234 4
24 1 2 1303 38
27 2 3 1115 47
4 2 3 1162 38
22 4 4 1238 8
42 1 3 1200 6
4 3 1 1262 27
0 2 2 1341 79
24 2 1 1341 84
0 3 0 1420 72
40 0 4 1246 4
10 3 2 1420 61
30 1 0 1492 94
18 3 2 1481 4
24 3 0 1586 42
26 0 2 1485 8
24 4 4 1628 37
7 4 2 1493 68
41 1 3 1206 10
9 3 3 1273 73
13 2 4 1665 91
0 4 3 1492 65
37 3 0 1628 97
8 5 9 1048 87
46 1 2 1561 49
30 2 3 1586 1
40 1 0 1725 100
0 5 5 1557 82
39 3 1 1425 82
5 3 1 1507 76
20 3 0 1825 73
2 1 1 1583 77
22 5 6 1246 50
19 2 3 1587 65
11 3 4 1756 97
26 1 4 1853 2
20 4 3 1898 7
42 2 4 1855 7
2 2 0 1898 64
49 1 0 1962 60
43 2 1 1660 18
48 4 3 1905 71
36 5 9 1234 55
48 5 5 1976 13
1 3 4 1862 72
30 3 1 1678 23
44 2 2 1610 83
2 3 3 1976 18
2 4 2 1994 19
11 4 1 1853 59
22 6 5 1989 95
39 4 4 1934 65
10 4 1 1912 40
11 5 7 1912 79
19 3 4 1999 66
5 4 2 2013 97
42 3 1 1952 72
15 4 0 2022 11
16 2 4 2065 22
22 7 8 2084 5
14 3 1 2024 38
27 3 2 2110 57
26 2 0 2033 12
35 3 3 1994 74
35 4 1 2068 32
39 5 5 2084 53
48 6 8 2089 87
26 3 3 2068 55
44 3 3 2123 83
41 2 4 2087 59
19 4 0 2065 96
45 1 4 2146 95
32 1 2 2167 76
43 3 0 2161 84
4 4 0 2245 29
5 5 7 2110 94
16 3 2 2243 72
43 4 2 2315 96
15 5 5 2137 96
28 1 4 2241 90
36 6 6 1296 32
23 1 2 2411 84
21 1 4 2331 10
46 2 0 2274 96
21 2 0 2370 29
3 2 2 2495 31
11 6 6 1991 2
3 3 1 2526 39
6 3 3 2206 24
21 3 3 2399 59
21 4 2 2526 94
1 4 1 2565 27
11 7 5 2233 80
3 4 4 2565 62
45 2 3 2458 84
48 7 6 2176 98
17 4 1 2592 15
26 4 1 2607 60
28 2 1 2667 41
29 2 3 2542 44
40 2 2 2620 95
5 6 5 2313 57
33 7 5 2370 87
41 3 2 2715 80
5 7 8 2370 65
49 2 3 2586 31
34 3 2 2795 90
17 5 8 2607 26
28 3 0 2708 35
47 1 0 2743 91
6 4 2 2885 41
29 3 1 2708 68
46 3 3 2617 1
12 1 1 2776 83
30 4 4 2627 45
46 4 4 2672 89
13 3 3 2618 85
20 5 5 2457 63
47 2 1 2859 5
20 6 8 2633 28
27 4 1 2864 47
18 4 4 2761 56
3 5 8 2661 12
47 3 2 2926 100
13 4 2 3026 27
9 4 4 2817 47
49 3 2 3053 93
35 5 9 2100 32
4 5 6 2274 67
48 8 9 2274 43
12 2 2 3146 1
29 4 2 3147 54
18 5 7 2817 11
40 3 1 2911 11
1 5 7 2828 57
14 4 2 3201 96
38 3 0 2834 28
26 5 9 2667 91
13 5 9 3053 39
49 4 1 3146 8
16 4 3 2703 53
23 2 4 2864 100
2 5 8 2673 27
18 6 5 2828 57
17 6 5 2885 83
24 5 5 2968 16
10 5 8 2700 46
38 4 1 3154 23
46 5 8 2761 42
8 6 6 2341 97
12 3 0 3147 95
0 6 7 2885 33
5 8 9 3092 80
22 8 9 3172 25
36 7 8 2803 26
47 4 4 3026 77
47 5 6 3103 20
41 4 1 3177 60
19 5 9 3197 5
38 5 5 3177 3
32 2 0 3242 70
49 5 9 3202 1
31 4 3 2756 92
43 5 9 3203 71
23 3 3 2964 76
47 6 5 3180 13
17 7 6 3123 90
2 6 6 3213 97
41 5 5 3237 75
31 5 5 3312 70
5 9 6 3310 24
4 6 8 2829 95
16 5 9 3274 28
13 6 5 3382 31
3 6 9 3302 2
32 3 3 3312 83
9 5 7 2918 88
38 6 8 3180 75
41 6 8 3312 87
28 4 3 3395 62
42 4 2 3297 49
42 5 7 3346 72
34 4 1 3237 38
30 5 8 3399 83
35 6 5 3413 58
43 6 8 3482 64
30 6 7 3482 84
42 6 8 3546 64
0 7 6 3334 82
37 4 1 3275 56
1 6 6 3416 90
20 7 6 3506 23
30 7 5 3566 49
21 5 5 3615 26
37 5 7 3566 22
14 5 6 3529 21
23 4 1 3331 66
31 6 7 3588 33
12 4 3 3457 48
28 5 7 3621 4
7 5 6 3550 45
36 8 5 3641 6
11 8 8 3610 85
12 5 9 3505 37
40 4 3 3505 28
20 8 9 3542 11
27 5 9 3553 55
37 6 9 3608 72
4 7 9 3680 60
38 7 9 3740 43
15 6 9 3783 56
12 6 7 3625 59
7 6 8 3695 79
46 6 5 3647 88
25 4 4 3103 65
29 5 7 3684 7
21 6 7 3691 22
6 5 8 3774 69
46 7 9 3839 91
34 5 7 3713 45
42 7 6 3610 32
13 7 6 3642 62
18 7 8 3843 12
33 8 6 3704 54
44 4 0 3312 50
18 8 6 3855 94
28 6 5 3735 15
9 6 5 3750 100
24 6 7 3758 24
34 6 8 3855 21
15 7 6 3949 10
30 8 6 3959 67
37 7 8 3876 98
42 8 9 3930 86
29 6 8 3974 76
21 7 8 4050 52
14 6 9 4016 81
29 7 9 4097 29
16 6 7 3782 23
14 7 8 4102 64
4 8 7 3805 86
9 7 9 4126 16
40 5 5 3850 80
30 9 9 4142 49
23 5 7 3891 56
6 6 7 3947 8
46 8 6 4026 64
40 6 7 3955 25
22 9 7 3980 62
44 5 5 3930 81
24 7 9 4191 59
23 6 5 4011 95
24 8 6 4250 60
31 7 9 4250 50
21 8 6 4310 37
27 6 8 4166 74
41 7 6 4347 33
13 8 7 4042 94
32 4 1 3397 91
16 7 5 4106 2
39 6 9 4300 15
10 6 7 4136 29
39 7 7 4315 68
24 9 8 4310 23
41 8 9 4380 10
32 5 7 4383 98
27 7 7 4481 98
10 7 9 4390 71
35 7 6 4380 93
31 8 8 4333 82
16 8 8 4415 52
44 6 7 4579 82
1 7 8 4467 19
32 6 8 4486 37
8 7 8 4523 64
6 7 5 4108 81
40 7 9 4461 87
32 7 5 4523 3
3 7 5 4526 91
25 5 5 4617 81
47 7 7 4661 25
23 7 8 4587 94
7 7 9 4548 4
34 7 5 4698 9
1 8 9 4552 19
26 6 6 4473 6
12 7 5 4707 56
28 7 9 4571 89
48 9 7 4686 13
32 8 9 4660 75
10 8 5 4763 89
39 8 6 4479 60
41 9 7 4699 31
38 8 7 4730 58
29 8 5 4852 90
47 8 9 4735 71
34 8 9 4806 3
13 9 8 4681 12
42 9 5 4942 69
45 3 2 3346 64
49 6 7 4788 19
0 8 8 4693 66
46 9 7 4807 3
3 8 7 4810 98
44 7 9 4809 33
43 7 6 4539 38
43 8 5 5011 58
40 8 6 4577 25
19 6 7 4908 32
45 4 1 3488 18
45 5 9 4842 27
0 9 9 4869 55
25 6 7 4940 7
2 7 9 4924 81
18 9 9 5005 29
28 8 6 4660 73
6 8 6 4733 94
3 9 6 4908 91
15 8 7 4947 25
40 9 8 4759 9
37 8 5 5069 59
27 8 6 4999 54
47 9 8 4806 71
36 9 7 4972 68
39 9 8 4877 99
1 9 5 5128 50
33 9 8 4976 98
7 8 7 5040 30
25 7 8 5074 93
9 8 8 5167 69
2 8 7 5070 65
44 8 8 5236 10
8 8 5 5178 84
23 8 6 5053 56
25 8 6 5167 55
28 9 8 5246 66
31 9 6 5222 48
23 9 9 5109 85
17 8 7 5135 51
34 9 6 5270 47
17 9 9 5194 80
45 6 6 5317 70
12 8 8 5312 57
19 7 8 5369 85
16 9 6 5387 83
21 9 9 5274 50
25 9 9 5324 34
26 7 5 5262 83
45 7 7 5387 74
11 9 9 5358 59
8 9 7 5461 43
49 7 6 5470 8
10 9 6 5478 59
27 9 5 5345 51
45 8 5 5461 87
12 9 6 5537 81
14 8 5 5548 76
6 9 9 5417 76
20 9 7 5504 84
45 9 8 5548 68
49 8 5 5624 85
37 9 6 5618 20
44 9 6 5638 55
7 9 5 5709 33
14 9 7 5624 46
43 9 7 5670 62
29 9 6 5693 53
35 8 7 5732 1
26 8 8 5616 31
4 9 5 5742 64
2 9 5 5806 11
15 9 8 5647 32
35 9 8 5733 80
49 9 8 5813 24
19 8 5 5817 93
9 9 6 5746 77
32 9 6 5823 92
19 9 6 5915 94
26 9 7 5733 91
38 9 6 6009 71
