4 0 6 0 78
1 0 6 78 45
9 0 5 0 94
4 1 2 78 24
13 0 1 0 83
12 0 5 94 40
3 0 0 0 72
0 0 3 0 8
19 0 2 102 85
15 0 1 83 46
4 2 5 134 28
4 3 0 162 73
1 1 1 129 70
10 0 2 187 15
17 0 0 235 97
10 1 5 202 88
18 0 5 290 88
4 4 4 235 21
7 0 0 332 52
16 0 3 8 71
2 0 6 123 16
3 1 1 199 17
11 0 3 79 30
19 1 0 384 100
4 5 1 256 69
16 1 6 139 13
7 1 1 384 59
16 2 4 256 100
2 1 4 356 68
18 1 3 378 48
7 2 5 443 98
2 2 1 443 85
3 2 3 426 68
9 1 1 528 28
8 0 0 484 2
19 2 5 541 51
5 0 4 424 54
17 1 6 332 24
19 3 6 592 91
6 0 4 478 88
1 2 4 566 84
0 1 2 202 73
12 1 1 556 75
19 4 1 683 21
9 2 0 556 77
7 3 3 541 6
11 1 6 683 33
8 1 6 716 85
5 1 6 801 31
13 1 2 275 52
7 4 2 547 19
9 3 2 633 56
8 2 3 801 34
7 5 6 832 53
11 2 0 716 13
10 2 6 885 18
2 3 0 729 39
2 4 5 768 40
15 1 0 768 97
3 3 4 650 89
16 3 2 689 67
17 2 2 756 41
1 3 3 835 24
1 4 5 859 18
15 2 5 877 67
19 5 3 859 83
16 4 1 756 57
2 5 2 808 98
17 3 4 797 40
0 2 1 813 79
3 4 2 906 94
5 2 5 944 14
12 2 6 903 45
18 2 1 892 33
5 3 3 958 47
5 4 0 1005 82
8 3 2 1000 51
14 0 4 837 44
14 1 0 1087 26
7 6 4 885 39
14 2 1 1113 59
11 3 4 924 4
17 4 1 1172 51
15 3 4 944 97
14 3 6 1172 81
14 4 2 1253 84
2 6 3 1005 61
17 5 5 1223 73
19 6 4 1041 30
10 3 3 1066 14
13 2 0 1113 84
18 3 4 1071 96
12 3 0 1197 41
3 5 6 1253 98
6 1 1 1223 28
17 6 3 1296 19
3 6 5 1351 56
15 4 3 1315 71
0 3 0 1238 95
6 2 5 1407 92
13 3 3 1386 66
8 4 4 1167 97
0 4 6 1351 69
6 3 6 1499 62
8 5 5 1499 95
14 5 5 1594 81
15 5 6 1561 88
4 6 3 1452 52
18 4 6 1649 10
12 4 3 1504 97
9 4 6 1659 79
12 5 2 1601 65
8 6 1 1594 73
16 5 5 1675 24
7 7 8 924 74
2 7 10 1066 77
1 5 0 1333 20
15 6 2 1666 69
0 5 4 1420 9
1 6 2 1735 71
9 5 4 1738 2
8 7 14 1667 61
2 8 7 1143 60
13 4 5 1699 3
18 5 0 1659 49
7 8 12 998 48
16 6 0 1708 36
4 7 14 1728 32
11 4 2 1806 74
0 6 5 1702 5
18 6 2 1880 52
6 4 3 1601 93
5 5 1 1667 75
14 6 3 1694 91
7 9 10 1143 33
2 9 11 1203 73
7 10 13 1176 49
16 7 7 1744 88
18 7 10 1932 38
12 6 4 1740 92
13 5 6 1738 5
16 8 14 1832 79
9 6 3 1785 82
18 8 13 1970 49
15 7 14 1911 44
14 7 13 2019 41
12 7 7 1832 11
6 5 0 1744 14
3 7 10 1970 88
6 6 2 1932 65
11 5 1 1880 37
10 4 1 1917 82
3 8 13 2060 27
11 6 5 1917 78
17 7 9 1315 27
18 9 7 2019 31
1 7 8 1806 21
2 10 9 1342 66
3 9 9 2087 60
6 7 7 2050 33
18 10 12 2050 94
17 8 12 2144 70
1 8 7 2083 60
11 7 14 1995 2
10 5 0 1999 58
5 6 2 1997 4
2 11 14 1997 84
0 7 8 1827 85
3 10 12 2214 61
13 6 4 1832 71
1 9 9 2147 98
13 7 13 2087 41
3 11 8 2275 8
9 7 9 2245 88
8 8 9 2333 28
4 8 8 2283 83
2 12 8 2366 16
9 8 10 2333 93
0 8 9 2361 52
14 8 7 2143 42
15 8 12 2275 20
13 8 10 2426 42
14 9 11 2185 53
6 8 9 2413 44
11 8 13 2128 56
4 9 11 2366 48
16 9 8 2382 21
13 9 11 2468 63
10 6 4 2057 33
12 8 12 2295 44
17 9 13 2214 98
8 9 12 2361 73
10 7 13 2312 19
16 10 9 2457 86
6 9 8 2457 31
19 7 12 2434 23
3 12 7 2283 88
14 10 8 2488 63
6 10 14 2488 32
4 10 10 2468 29
9 9 12 2457 44
10 8 10 2497 42
10 9 9 2543 36
19 8 9 2579 48
5 7 8 2551 31
11 9 9 2627 21
16 11 12 2543 60
14 11 14 2551 89
9 10 14 2640 5
8 10 8 2582 21
4 11 13 2497 48
19 9 8 2627 19
15 9 11 2531 52
8 11 11 2603 85
12 9 8 2646 40
5 8 12 2603 72
6 11 11 2688 72
11 10 10 2648 61
12 10 9 2686 100
9 11 8 2686 96
0 9 11 2760 43
9 12 7 2782 34
15 10 13 2583 34
11 11 11 2803 81
15 11 10 2709 74
19 10 11 2884 47
5 9 7 2816 58
10 10 14 2645 57
13 10 12 2675 50
12 11 11 2931 91
5 10 9 2874 45
7 11 11 3022 92
2 13 13 2617 43
18 11 14 2702 23
13 11 14 2725 43
19 11 10 2931 95
6 12 13 2760 47
1 10 10 3026 70
0 10 14 2803 32
0 11 7 2874 91
15 12 8 2783 79
11 12 7 2965 18
2 14 12 2725 88
5 11 13 2919 91
14 12 9 2919 15
17 10 10 3096 11
18 12 9 2934 7
17 11 11 3114 83
9 13 13 3010 56
15 13 7 2983 10
11 13 8 2983 59
5 12 14 3010 31
14 13 10 3107 64
8 12 7 2993 75
17 12 7 3197 76
11 14 12 3042 62
15 14 9 2993 87
0 12 10 3171 24
5 13 11 3197 61
16 12 11 3258 28
10 11 12 3104 85
6 13 12 3189 61
12 12 14 3041 66
9 14 11 3286 41
10 12 7 3273 3
4 12 12 3250 92
16 13 10 3286 14
17 13 8 3273 60
10 13 11 3327 62
4 13 9 3342 43
3 13 11 3389 48
6 14 10 3300 34
10 14 8 3389 36
7 12 7 3276 22
18 13 11 3437 5
19 12 7 3298 23
1 11 13 3096 52
4 14 7 3385 82
12 13 13 3148 53
1 12 12 3342 34
16 14 13 3300 3
1 13 11 3442 23
0 13 13 3303 89
13 12 8 3425 3
19 13 14 3321 78
7 13 14 3399 41
17 14 14 3440 12
1 14 14 3465 52
5 14 10 3334 27
13 13 9 3428 35
14 14 12 3376 40
19 14 13 3399 22
8 13 13 3421 42
18 14 8 3442 4
12 14 10 3361 27
8 14 10 3463 7
7 14 9 3463 37
3 14 14 3517 65
0 14 12 3416 38
13 14 7 3467 18
