44 0 1 0 42
20 0 1 42 81
46 0 2 0 91
24 0 2 91 65
10 0 2 156 28
11 0 0 0 65
39 0 3 0 68
9 0 3 68 33
33 0 1 123 91
31 0 1 214 62
24 1 3 156 27
12 0 0 65 58
33 1 2 214 20
3 0 1 276 60
2 0 1 336 44
41 0 0 123 94
22 0 4 0 30
20 1 0 217 60
22 1 2 234 12
19 0 0 277 100
27 0 0 377 95
29 0 2 246 48
30 0 2 294 81
19 1 3 377 29
25 0 0 472 48
10 1 1 380 100
0 0 2 375 93
1 0 0 520 92
42 0 2 468 23
15 0 4 30 93
2 1 2 491 92
28 0 0 612 84
16 0 4 123 72
8 0 0 696 47
7 0 1 480 30
9 1 1 510 68
38 0 0 743 22
28 1 2 696 49
49 0 3 406 19
3 1 2 745 19
31 1 4 276 25
32 0 1 578 43
20 2 3 425 62
41 1 1 621 45
45 0 4 301 72
43 0 0 765 75
28 2 1 745 17
30 1 4 375 25
42 1 1 762 10
5 0 3 487 41
25 1 1 772 85
40 0 1 857 64
20 3 4 487 48
41 2 2 764 94
15 1 0 840 87
4 0 2 858 20
12 1 1 921 60
35 0 0 927 15
9 2 0 942 41
20 4 2 878 68
35 1 3 942 47
11 1 2 946 12
22 2 0 983 35
42 2 0 1018 82
18 0 2 958 83
35 2 1 989 24
2 2 3 989 96
1 1 4 612 80
39 1 1 1013 82
5 1 2 1041 35
20 5 7 946 28
9 3 4 983 72
25 2 2 1076 92
35 3 2 1168 31
47 0 3 1085 42
39 2 2 1199 16
40 1 0 1100 76
32 1 0 1176 16
21 0 0 1192 40
26 0 3 1127 84
42 3 3 1211 93
14 0 0 1232 10
16 1 0 1242 56
1 2 1 1095 76
6 0 1 1171 59
10 2 4 1055 20
11 2 4 1075 53
4 1 0 1298 24
34 0 0 1322 33
5 2 1 1230 32
3 2 3 1304 76
18 1 4 1128 29
15 2 1 1262 87
30 2 3 1380 33
44 1 3 1413 41
8 1 3 1454 18
7 1 4 1157 51
9 4 2 1215 20
48 0 4 1208 34
12 2 4 1242 97
30 3 0 1413 22
22 3 3 1472 17
6 1 0 1435 45
23 0 1 1349 36
29 1 0 1480 29
13 0 3 1489 64
14 1 4 1339 85
27 1 4 1424 41
29 2 4 1509 1
38 1 4 1510 27
45 1 1 1385 63
35 4 4 1537 41
47 1 1 1448 34
5 3 4 1578 18
46 1 1 1482 89
30 4 1 1571 50
18 2 0 1509 9
26 1 2 1235 50
8 2 2 1472 40
7 2 3 1553 25
4 2 3 1578 41
23 1 2 1512 41
1 3 3 1619 59
9 5 6 1235 69
4 3 1 1621 2
17 0 0 1518 36
9 6 7 1304 47
18 3 1 1623 38
21 1 4 1596 80
8 3 4 1676 62
49 1 1 1661 47
34 1 3 1678 95
19 2 2 1553 60
49 2 4 1738 13
30 5 5 1621 74
16 2 3 1773 57
19 3 4 1751 63
37 0 2 1613 54
36 0 2 1667 95
1 4 2 1762 70
24 2 4 1814 74
46 2 0 1571 44
17 1 3 1830 63
44 2 2 1832 35
49 3 2 1867 98
45 2 0 1615 33
29 3 1 1708 64
36 1 0 1762 42
21 2 1 1772 41
8 4 1 1813 58
37 1 0 1804 15
28 3 3 1893 69
24 3 0 1888 32
48 1 1 1871 93
27 2 2 1965 11
27 3 3 1976 98
15 3 2 1976 18
26 2 0 1920 70
16 3 2 1994 15
28 4 4 1962 55
28 5 8 2017 75
33 2 4 2017 44
29 4 3 2074 41
48 2 0 1990 26
27 4 1 2074 85
38 2 1 2159 77
47 2 0 2016 4
36 2 4 2061 5
40 2 2 2009 85
20 6 5 1695 69
46 3 4 2066 91
3 3 0 2020 73
21 3 2 2094 10
28 6 6 2092 45
49 4 0 2093 32
0 1 4 2157 40
10 3 0 2125 35
6 2 4 2197 53
45 3 2 2104 27
2 3 4 2250 77
14 2 3 2115 72
6 3 3 2250 44
47 3 4 2327 34
35 5 8 2092 14
8 5 5 1871 36
12 3 3 2294 31
34 2 4 2361 68
4 4 4 2429 4
12 4 2 2325 50
12 5 9 2375 85
8 6 7 1907 93
3 4 4 2433 85
29 5 5 2115 23
30 6 9 2460 56
4 5 9 2516 44
21 4 3 2325 68
16 4 1 2236 45
12 6 5 2460 64
20 7 8 2106 92
19 4 1 2281 64
26 3 4 2518 24
0 2 0 2197 1
18 4 3 2393 73
36 3 1 2345 57
12 7 7 2524 38
42 4 4 2542 90
34 3 2 2429 22
5 4 0 2198 15
43 1 2 2451 27
41 3 4 2632 84
10 4 3 2466 26
7 3 0 2213 51
45 4 3 2492 41
26 4 1 2542 42
48 3 3 2533 81
5 5 8 2213 98
15 4 3 2614 4
49 5 7 2562 12
9 7 5 2524 22
48 4 2 2614 9
38 3 3 2618 25
29 6 7 2574 64
17 2 4 2716 79
6 4 2 2623 98
46 4 3 2643 26
41 4 3 2716 44
4 6 7 2638 79
49 6 9 2574 45
33 3 0 2264 42
23 2 3 2760 27
0 3 3 2787 77
25 3 4 2795 95
40 3 3 2864 71
48 5 7 2717 96
39 3 0 2306 83
23 3 4 2890 36
37 2 1 2584 20
13 1 0 2389 58
34 4 1 2604 80
10 5 5 2546 24
0 4 1 2864 77
25 4 3 2935 61
13 2 1 2941 49
25 5 8 2996 72
36 4 3 2996 67
44 3 0 2447 75
19 5 8 3068 71
26 5 9 2619 55
25 6 9 3068 76
39 4 4 2926 2
11 3 3 3063 93
39 5 7 2928 10
31 2 0 2522 21
11 4 1 3156 40
42 5 8 3139 67
16 5 6 2281 41
7 4 2 2721 84
9 8 9 3144 47
1 5 5 2570 86
6 5 5 2721 84
20 8 6 2322 79
36 5 6 3063 30
42 6 7 3206 9
18 5 7 3215 50
44 4 4 2928 18
21 5 8 3206 28
44 5 9 3191 65
41 5 8 3234 41
26 6 5 2805 100
18 6 9 3265 99
31 3 2 2805 20
44 6 7 3265 38
22 4 1 3196 70
15 5 8 3275 78
36 6 9 3364 21
32 2 2 2825 91
38 4 2 2916 16
40 4 4 2946 97
30 7 8 3353 33
24 4 1 3266 40
0 5 5 2941 16
3 5 7 3303 13
12 8 6 3093 85
43 2 4 3043 97
13 3 2 2990 45
23 4 0 2926 78
27 5 5 2957 64
39 6 8 3386 88
32 3 3 3156 96
41 6 5 3275 30
35 6 9 3385 28
16 6 5 3305 40
42 7 9 3413 18
17 3 2 3035 32
7 5 6 3178 60
0 6 9 3431 74
32 4 4 3252 24
24 5 5 3345 88
29 7 9 3505 31
13 4 4 3276 9
43 3 3 3252 9
31 4 3 3261 8
8 7 8 3474 77
38 5 8 3551 72
2 4 0 3004 53
22 5 9 3536 29
6 6 6 3238 23
28 7 9 3565 38
14 3 2 3067 37
40 5 5 3433 97
48 6 8 3623 79
39 7 5 3530 41
43 4 1 3306 57
25 7 5 3571 58
10 6 9 3603 41
43 5 9 3644 14
21 6 9 3658 51
33 4 3 3269 87
10 7 6 3644 42
37 3 3 3356 64
2 5 9 3709 10
29 8 6 3686 56
11 5 8 3702 18
24 6 8 3720 73
46 5 6 3742 49
31 5 6 3791 36
28 8 7 3603 59
40 6 7 3662 8
11 6 7 3720 23
1 6 9 3719 17
22 6 7 3743 18
45 5 5 3629 52
34 5 7 3761 53
22 7 8 3793 93
38 6 9 3736 61
10 8 7 3814 100
34 6 8 3886 13
47 4 2 3104 16
1 7 6 3827 78
18 7 5 3681 18
1 8 7 3914 30
35 7 7 3944 59
7 6 5 3699 45
27 6 6 3905 8
16 7 9 3797 85
3 6 8 3899 93
49 7 6 3913 52
27 7 7 4003 26
32 5 5 3744 11
33 5 9 3882 57
18 8 8 3992 29
36 7 8 4021 70
19 6 6 3965 35
31 6 9 3939 9
15 6 5 3755 67
44 7 6 4000 38
34 7 9 3948 70
27 8 8 4091 6
7 7 7 4029 89
9 9 8 4097 22
45 6 7 4118 42
48 7 9 4018 68
6 7 7 4160 45
46 6 5 3822 22
14 4 1 3363 77
11 7 5 3844 60
1 9 8 4119 93
13 5 8 4212 49
29 9 8 4261 12
31 7 5 3948 91
17 4 1 3440 5
22 8 6 4038 94
22 9 5 4132 37
33 6 6 4132 15
41 7 7 4205 47
37 4 4 3420 83
33 7 5 4169 38
24 7 6 4147 92
46 7 8 4273 31
37 5 9 4086 40
33 8 8 4304 42
8 8 9 4126 90
23 5 7 4252 64
37 6 7 4316 6
3 7 5 4207 68
6 8 8 4346 39
14 5 5 4275 70
39 8 9 4216 21
17 5 6 4239 25
4 7 8 4385 81
31 8 8 4466 90
25 8 7 4322 11
23 6 6 4316 88
36 8 5 4345 9
39 9 6 4404 66
14 6 7 4345 45
43 6 5 4354 50
49 8 8 4556 49
17 6 7 4390 86
25 9 6 4470 89
34 8 5 4404 22
24 8 7 4476 83
27 9 9 4237 6
14 7 9 4390 8
26 7 6 4559 70
13 6 6 4629 22
11 8 6 4651 89
45 7 9 4398 10
46 8 9 4408 69
17 7 9 4477 91
38 7 6 4740 75
10 9 8 4605 32
43 7 7 4559 31
32 6 9 4568 91
38 8 7 4815 4
4 8 5 4466 16
47 5 6 4815 86
35 8 5 4482 52
4 9 6 4901 39
3 8 9 4659 50
40 7 6 4940 40
32 7 7 4819 41
47 6 7 4901 25
41 8 6 4980 19
13 7 5 4651 99
44 8 8 4637 51
17 8 5 4750 21
13 8 9 4750 15
5 6 6 4999 29
32 8 8 4860 35
12 9 8 4895 35
40 8 8 4980 70
2 6 7 4926 49
19 7 5 4771 26
40 9 9 5050 35
42 8 5 4797 22
16 8 8 5050 32
7 8 8 5082 25
0 7 8 5107 11
37 7 5 4819 89
43 8 8 5118 62
23 7 5 4908 25
26 8 7 4975 4
2 7 5 4975 84
48 8 5 5059 76
35 9 6 5028 39
3 9 6 5067 78
0 8 6 5145 51
48 9 6 5196 10
5 7 5 5135 19
26 9 8 5180 68
7 9 9 5107 97
32 9 6 5206 66
36 9 7 4979 20
31 9 7 4999 49
23 8 9 5204 92
45 8 6 5272 14
43 9 6 5286 23
18 9 6 5309 41
14 8 6 5350 83
17 9 8 5248 35
45 9 8 5286 71
21 7 7 5048 33
5 8 7 5154 14
16 9 7 5168 81
15 7 9 5296 20
42 9 6 5433 87
0 9 7 5249 92
2 8 8 5357 59
2 9 6 5520 14
47 7 8 5416 99
8 9 6 5534 15
5 9 9 5316 26
28 9 5 5154 28
19 8 9 5342 9
30 8 7 5341 85
44 9 5 5182 56
33 9 7 5426 89
6 9 9 5351 89
21 8 6 5549 82
37 8 6 5631 91
14 9 8 5515 57
49 9 5 5238 34
11 9 9 5440 53
37 9 8 5722 48
21 9 5 5631 25
46 9 7 5515 5
20 9 9 5493 10
30 9 6 5722 83
38 9 5 5656 19
15 8 6 5805 17
13 9 7 5520 7
15 9 7 5822 35
19 9 7 5857 22
47 8 5 5675 67
47 9 9 5742 25
23 9 8 5770 66
41 9 9 5767 22
24 9 9 5789 42
34 9 6 5822 69
