46 0 9 0 31
7 0 7 0 23
5 0 6 0 57
31 0 9 31 100
36 0 8 0 21
41 0 3 0 23
35 0 3 23 26
17 0 8 21 49
36 1 5 21 98
5 1 4 57 80
28 0 2 0 57
21 0 7 23 81
25 0 9 131 19
44 0 5 119 29
40 0 5 148 32
34 0 0 0 64
33 0 3 49 98
13 0 6 57 8
48 0 3 147 20
17 1 4 137 46
23 0 5 180 57
15 0 3 167 37
40 1 6 180 37
17 2 1 183 28
47 0 9 150 95
5 2 8 137 68
26 0 2 57 33
2 0 7 104 96
21 1 1 211 98
41 1 2 90 40
5 3 7 205 27
22 0 6 217 40
20 0 6 257 3
15 1 8 205 26
39 0 7 232 94
44 1 6 260 60
7 1 6 320 43
46 1 3 204 54
34 1 8 231 63
37 0 4 183 39
18 0 6 363 98
29 0 8 294 48
41 2 1 309 6
14 0 5 237 6
7 2 3 363 25
48 1 7 326 82
48 2 0 408 87
41 3 7 408 31
35 1 6 461 43
17 3 7 439 18
41 4 6 504 25
4 0 3 388 46
23 1 3 434 63
27 0 4 222 45
19 0 6 529 33
13 1 9 245 48
22 1 7 457 77
6 0 5 243 50
3 0 4 267 83
11 0 8 342 93
18 1 1 461 30
14 1 9 293 13
36 2 0 495 64
22 2 3 534 72
13 2 4 350 4
16 0 7 534 15
28 1 9 306 16
24 0 5 293 61
37 1 7 549 32
27 1 0 559 18
4 1 9 434 80
1 0 2 130 60
21 2 2 309 45
47 1 7 581 1
13 3 1 491 87
10 0 2 354 79
8 0 2 433 20
8 1 3 606 90
48 3 1 578 65
6 1 0 577 91
49 0 0 668 49
35 2 4 504 69
25 1 5 354 90
2 1 2 453 38
14 2 2 491 86
18 2 8 491 24
39 1 0 717 17
27 2 3 696 73
38 0 7 582 73
43 0 9 514 54
4 2 8 515 66
29 1 9 568 32
9 0 7 655 80
11 1 6 562 3
34 2 7 735 98
31 1 8 581 14
26 1 9 600 72
41 5 9 672 98
4 3 2 581 38
13 4 3 769 38
37 2 1 643 67
19 1 3 807 94
36 3 6 565 38
29 2 0 734 42
6 2 2 668 97
28 2 1 710 71
38 1 9 770 45
35 3 7 833 27
13 5 2 807 28
21 3 0 776 18
29 3 3 901 73
19 2 1 901 21
25 2 8 595 91
3 1 7 860 82
5 4 0 794 90
46 2 5 444 28
17 4 6 603 41
44 2 3 974 80
1 1 3 1054 97
37 3 0 884 33
17 5 2 835 57
22 3 1 922 97
30 0 6 644 69
27 3 2 892 26
32 0 4 573 26
48 4 6 713 64
20 1 4 599 85
19 3 2 922 90
42 0 8 686 96
44 3 1 1054 94
45 0 1 1148 17
36 4 2 1012 23
1 2 8 1151 21
0 0 7 942 35
18 3 4 684 91
16 1 3 1151 37
31 2 0 917 55
8 2 9 815 20
35 4 8 1172 92
1 3 9 1172 70
24 1 1 1165 55
29 4 1 1220 56
9 1 5 735 97
13 6 8 1264 10
1 4 7 1242 82
21 4 6 794 65
37 4 5 917 16
23 2 1 1276 14
34 3 5 933 31
10 1 3 1188 29
11 2 1 1290 7
29 5 7 1324 53
49 1 3 1217 54
3 2 8 1274 97
29 6 6 1377 3
12 0 9 1242 12
11 3 3 1297 27
39 2 6 1380 15
21 5 9 1254 1
33 1 2 1035 10
13 7 0 1274 19
33 2 9 1255 99
43 1 5 964 3
24 2 6 1395 73
26 2 6 1468 27
0 1 6 1495 23
6 3 9 1354 63
44 4 2 1148 67
38 2 3 1324 37
45 1 5 1165 62
16 2 6 1518 21
22 4 5 1227 39
28 3 8 1371 25
16 3 5 1539 47
9 2 0 1293 42
2 2 0 1335 61
12 1 8 1396 39
10 2 0 1396 96
0 2 2 1518 92
43 2 0 1492 78
32 1 5 1586 44
38 3 0 1570 45
12 2 4 1435 77
0 3 4 1610 5
49 2 2 1610 31
35 5 2 1641 51
2 3 1 1396 55
19 4 9 1417 86
33 3 8 1435 50
16 4 2 1692 90
44 5 0 1615 42
27 4 8 1485 55
25 3 0 1657 45
11 4 5 1630 66
40 2 9 1503 11
45 2 2 1782 25
42 1 9 1514 30
32 2 8 1630 39
20 2 1 1451 66
39 3 5 1696 81
41 6 8 1669 29
19 5 7 1503 85
40 3 0 1702 25
31 3 2 1807 5
42 2 1 1544 95
4 4 4 1615 95
33 4 0 1727 20
17 6 0 1747 75
3 3 1 1639 43
36 5 1 1682 13
10 3 7 1588 66
44 6 8 1698 17
42 3 3 1639 2
20 3 7 1654 61
34 4 1 1695 30
19 6 5 1777 29
36 6 7 1715 89
31 4 5 1812 12
42 4 6 1641 3
46 3 1 1725 19
21 6 4 1710 98
10 4 1 1744 58
49 3 8 1715 69
15 2 7 1804 29
12 3 5 1824 79
5 5 5 1903 45
19 7 0 1822 17
21 7 3 1808 30
7 3 8 1784 83
2 4 4 1808 31
28 4 7 1833 50
28 5 3 1883 41
12 4 0 1903 26
28 6 6 1924 58
42 5 2 1812 22
2 5 5 1948 48
34 5 6 1982 62
4 5 1 1802 40
10 5 8 1867 31
14 3 6 2044 19
30 1 7 1883 14
15 3 6 2063 74
49 4 1 1842 21
45 3 7 1897 80
33 5 6 2137 12
25 4 3 1924 66
19 8 4 1839 94
27 5 6 2149 22
23 3 4 1933 64
32 3 1 1863 84
6 4 7 1977 52
0 4 5 1996 40
14 4 3 2063 26
40 4 1 1947 37
34 6 3 2089 11
3 4 0 1929 95
48 5 8 1898 61
5 6 3 2100 98
38 4 2 1834 61
5 7 9 2198 59
12 5 7 2029 58
43 3 2 1895 43
0 5 1 2036 90
21 8 8 1959 84
43 4 6 2171 90
4 6 7 2087 89
2 6 9 2257 79
18 4 9 2336 73
15 4 9 2409 43
49 5 5 2036 2
43 5 7 2261 88
12 6 2 2087 98
26 3 8 2043 14
48 6 2 2185 21
6 5 3 2198 48
3 5 6 2261 92
25 5 2 2206 84
40 5 8 2057 21
42 6 0 2024 62
30 2 1 2126 2
27 6 7 2349 27
7 4 2 2290 76
49 6 6 2353 73
1 5 0 2086 12
39 4 9 2452 64
16 5 0 2098 37
45 4 6 2426 62
47 2 2 2366 43
8 3 4 1997 42
17 7 3 2246 21
15 5 5 2452 17
35 6 1 2128 10
18 5 7 2409 25
20 4 8 2078 57
39 5 3 2516 62
4 7 0 2176 32
22 5 4 2039 21
42 7 4 2086 30
28 7 5 2469 71
13 8 7 2434 82
25 6 1 2290 61
22 6 0 2208 59
18 6 5 2540 49
0 6 3 2578 30
45 5 9 2516 19
49 7 9 2535 35
43 6 4 2349 1
26 4 3 2608 59
11 5 7 2516 23
44 7 9 2570 27
31 5 4 2350 79
33 6 4 2429 7
37 5 2 2409 43
18 7 0 2589 40
38 5 6 2488 25
45 6 8 2535 81
47 3 3 2667 6
47 4 4 2673 7
9 3 2 2452 49
39 6 1 2578 2
1 6 4 2680 3
43 7 8 2616 97
33 7 1 2580 57
46 4 4 2683 4
6 6 4 2687 4
26 5 0 2667 39
29 7 5 2589 66
14 5 7 2539 79
11 6 0 2706 60
24 3 2 2501 87
24 4 4 2691 35
29 8 4 2726 15
0 7 9 2608 35
15 6 0 2766 45
31 6 1 2637 68
18 8 2 2629 9
41 7 4 2741 4
1 7 5 2683 45
47 5 8 2713 66
1 8 1 2728 75
47 6 1 2803 45
20 5 3 2673 84
42 8 7 2618 1
32 4 7 2619 64
9 4 9 2643 10
37 6 6 2513 62
25 7 7 2683 3
9 5 1 2848 10
22 7 8 2779 42
47 7 5 2848 13
40 6 2 2638 76
34 7 4 2745 89
24 5 3 2757 41
25 8 6 2686 84
10 6 4 2834 47
24 6 7 2798 96
12 7 6 2770 38
48 7 5 2861 32
37 7 3 2798 42
27 7 1 2858 46
20 6 2 2757 5
8 4 8 2821 72
10 7 5 2893 76
7 5 9 2653 41
40 7 7 2894 52
17 8 9 2694 3
16 6 9 2697 33
33 8 7 2946 87
46 5 2 2762 34
8 5 5 2969 46
14 6 0 2811 55
26 6 7 3033 20
10 8 6 2969 59
45 7 3 2840 73
41 8 5 3015 25
7 6 1 2904 88
24 7 0 2894 32
11 7 4 2881 97
47 8 0 2926 80
34 8 9 2834 31
15 7 2 2811 28
26 7 5 3053 29
30 3 8 2893 40
28 8 4 2978 9
24 8 8 2933 91
38 6 5 3082 15
5 8 1 2992 6
26 8 4 3082 54
2 7 3 2913 4
43 8 1 2998 30
46 6 8 3024 64
37 8 9 2865 70
15 8 1 3028 58
4 8 6 3028 64
23 4 6 3092 23
29 9 2 2839 44
32 5 9 2935 98
32 6 3 3033 38
3 6 2 2883 18
16 7 1 3086 42
49 8 4 3136 66
14 7 1 3128 85
30 4 4 3202 70
28 9 0 3006 32
30 5 9 3272 90
11 8 2 2978 66
6 7 8 3088 96
38 7 4 3272 5
6 8 1 3213 18
8 6 1 3231 27
19 9 8 3184 90
40 8 4 3277 56
5 9 2 3044 94
35 7 5 3097 29
23 5 8 3274 78
31 7 3 3071 83
44 8 7 3053 75
12 8 3 3154 31
38 8 8 3352 58
27 8 9 3362 43
23 6 2 3352 54
17 9 5 3126 32
30 6 3 3362 38
8 7 0 3258 81
9 6 3 3400 71
32 7 2 3406 2
47 9 6 3115 1
44 9 4 3333 86
23 7 0 3406 51
2 8 6 3116 12
39 7 8 3410 16
25 9 4 3419 100
9 7 4 3519 71
14 8 8 3426 33
12 9 1 3258 28
40 9 3 3471 87
35 8 9 3405 21
11 9 9 3426 55
1 9 6 3128 69
20 7 9 3481 40
36 7 9 3521 89
26 9 1 3286 88
46 7 6 3197 46
3 7 3 3558 29
18 9 3 3587 4
14 9 4 3590 30
8 8 6 3339 40
2 9 8 3459 29
42 9 5 3158 99
46 8 7 3243 60
8 9 7 3379 34
45 8 0 3457 57
20 8 0 3521 54
7 7 0 3575 31
3 8 5 3587 4
20 9 5 3591 70
3 9 9 3610 67
24 9 9 3677 60
13 9 5 3661 83
22 8 9 3737 90
21 9 5 3744 82
46 9 0 3606 27
39 8 2 3426 35
32 8 6 3408 27
36 8 4 3620 21
35 9 0 3633 37
33 9 5 3826 89
16 8 4 3641 7
48 8 9 3827 16
48 9 4 3843 37
41 9 0 3670 33
31 8 6 3435 89
37 9 8 3488 90
36 9 3 3641 27
30 7 2 3461 31
30 8 5 3915 55
32 9 0 3703 18
34 9 2 3492 34
43 9 3 3668 96
7 8 5 3970 44
4 9 5 4014 1
30 9 0 3970 50
9 8 6 3590 14
39 9 4 3880 40
7 9 4 4014 13
0 8 8 3578 8
22 9 2 3827 26
45 9 4 4027 90
49 9 7 3413 82
23 8 9 3843 100
0 9 0 4020 86
27 9 5 4015 77
23 9 7 3943 96
16 9 8 3648 62
9 9 8 3710 98
31 9 7 4039 78
38 9 1 3410 98
15 9 4 4117 15
6 9 6 3604 100
10 9 9 3943 88
