16 0 3 0 16
29 0 3 16 55
28 0 4 0 29
10 0 2 0 23
35 0 2 23 35
16 1 2 58 19
31 0 3 71 34
10 1 4 29 74
24 0 1 0 54
4 0 4 103 22
47 0 2 77 4
29 1 4 125 84
18 0 3 105 56
36 0 3 161 85
19 0 0 0 23
22 0 4 209 74
46 0 4 283 26
13 0 1 54 2
12 0 2 81 44
22 1 2 283 73
47 1 1 81 53
1 0 4 309 82
46 1 0 309 59
36 1 2 356 38
13 1 0 368 18
9 0 0 386 96
42 0 2 394 98
15 0 4 391 97
45 0 2 492 21
41 0 0 482 57
40 0 3 246 51
38 0 2 513 8
39 0 4 488 25
5 0 2 521 46
49 0 4 513 58
0 0 0 539 92
1 1 3 391 25
28 1 2 567 76
15 1 2 643 72
19 1 3 416 28
5 1 3 567 70
43 0 4 571 2
28 2 1 643 6
12 1 1 649 47
44 0 2 715 44
11 0 3 637 36
10 2 3 673 98
38 1 0 631 85
45 1 4 573 6
23 0 1 696 1
8 0 3 771 5
38 2 1 716 80
4 1 0 716 91
21 0 4 579 81
13 2 3 776 88
47 2 4 660 57
9 1 1 796 4
14 0 1 800 21
31 1 4 717 35
44 1 0 807 1
39 1 2 759 98
49 1 2 857 43
8 1 2 900 47
23 1 3 864 44
34 0 4 752 47
42 1 1 821 100
22 2 3 908 63
3 0 0 808 34
22 3 1 971 9
3 1 4 842 37
45 2 3 971 32
5 2 1 980 3
39 2 1 983 94
27 0 2 947 63
29 2 1 1077 36
29 3 0 1113 42
38 3 4 879 75
20 0 2 1010 88
14 1 0 1155 57
17 0 3 1003 45
36 2 0 1212 79
10 3 0 1291 24
6 0 3 1048 53
30 0 4 954 100
40 1 4 1054 49
4 2 3 1101 54
48 0 1 1113 98
36 3 4 1291 43
6 1 0 1315 99
29 4 2 1155 64
11 1 4 1334 5
15 2 1 1211 70
19 2 1 1281 49
33 0 0 1414 21
32 0 4 1339 68
41 1 1 1330 86
28 3 3 1155 44
28 4 0 1435 4
26 0 0 1439 82
11 2 2 1339 36
24 1 2 1375 18
39 3 3 1199 49
14 2 3 1248 100
25 0 3 1348 16
14 3 2 1393 100
19 3 2 1493 5
30 1 0 1521 46
18 1 2 1498 3
32 1 2 1501 89
3 2 1 1416 82
31 2 2 1590 18
19 4 4 1498 17
10 4 1 1498 75
45 3 1 1573 74
20 1 0 1567 86
15 3 3 1364 99
26 1 3 1521 5
11 3 0 1653 49
3 3 3 1526 25
33 1 3 1551 65
35 1 0 1702 60
25 1 4 1515 1
20 2 4 1653 8
2 0 0 1762 31
15 4 0 1793 42
26 2 2 1608 18
20 3 1 1661 41
23 2 0 1835 66
48 1 2 1626 77
8 2 1 1702 59
5 3 0 1901 44
47 3 3 1616 95
29 5 5 1219 81
38 4 3 1711 1
27 1 3 1712 59
4 3 2 1703 49
47 4 0 1945 6
9 2 3 1771 60
22 4 0 1951 51
21 1 3 1831 42
2 1 1 1793 26
26 3 4 1661 71
20 4 3 1873 12
37 0 1 1819 100
5 4 4 1945 24
32 2 1 1919 99
25 2 1 2018 28
41 2 2 1752 1
5 5 9 1969 65
38 5 7 1712 17
8 3 0 2002 57
29 6 8 1300 85
21 2 0 2059 19
42 2 0 2078 47
18 2 1 2046 8
40 2 1 2054 53
39 4 0 2125 34
41 3 4 1969 61
23 3 4 2030 19
11 4 1 2107 90
37 1 2 1919 33
33 2 4 2049 19
18 3 4 2068 25
37 2 3 1952 94
44 2 3 2046 52
23 4 2 2049 65
40 3 2 2114 7
31 3 1 2197 58
37 3 0 2159 59
6 2 1 2255 80
19 5 7 1729 40
30 2 1 2335 69
19 6 9 2034 30
17 1 4 2093 91
42 3 4 2184 28
18 4 0 2218 90
26 4 1 2404 50
26 5 5 2454 41
38 6 9 2064 32
17 2 2 2184 28
12 2 3 2098 75
5 6 6 2034 60
6 3 2 2335 74
6 4 4 2409 29
13 3 2 2409 27
45 4 0 2308 57
7 0 3 2173 96
3 4 2 2436 43
30 3 3 2404 41
21 3 2 2479 100
37 4 4 2438 25
45 5 5 2495 72
30 4 2 2579 3
14 4 4 2463 59
34 1 0 2365 68
15 5 6 2094 94
22 5 8 2002 39
25 3 0 2433 54
9 3 2 2582 43
31 4 0 2487 98
0 1 4 2522 49
35 2 4 2571 61
47 5 6 2188 30
41 4 3 2445 66
1 2 2 2625 69
49 2 3 2511 14
28 5 9 2096 81
12 3 4 2632 81
25 4 2 2694 97
6 5 6 2438 72
9 4 4 2713 39
41 5 6 2511 28
0 2 1 2571 93
5 7 5 2567 94
40 4 0 2585 73
1 3 1 2694 86
42 4 3 2525 4
38 7 6 2539 60
37 5 5 2661 88
32 3 0 2658 3
28 6 5 2749 29
13 4 4 2752 5
10 5 9 2177 57
43 1 0 2661 74
27 2 0 2735 42
33 3 2 2791 14
4 4 1 2780 97
20 5 6 2599 67
17 3 0 2777 52
15 6 5 2778 59
45 6 8 2567 10
32 4 3 2661 92
0 3 3 2753 48
41 6 5 2837 56
37 6 9 2749 50
1 4 0 2829 54
17 4 1 2877 12
33 4 1 2889 76
1 5 6 2883 15
27 3 1 2965 74
49 3 0 2883 74
49 4 1 3039 64
44 3 1 3103 43
36 4 1 3146 71
44 4 4 3146 4
7 1 1 3217 87
4 5 9 2877 2
4 6 7 2879 46
16 2 1 3304 70
34 2 2 2805 87
13 5 5 2893 36
34 3 3 2892 92
17 5 5 2929 45
44 5 6 3150 36
11 5 8 2577 62
7 2 0 3304 36
18 5 8 2639 99
40 5 6 3186 96
14 5 8 2738 77
25 5 5 2974 71
8 4 4 3150 28
24 2 4 3178 99
41 7 7 2925 68
9 5 7 2993 97
21 4 1 3374 10
43 2 2 2892 20
23 5 7 3090 10
41 8 8 2993 21
35 3 1 3384 61
0 4 2 2912 1
49 5 7 3103 37
47 6 8 3014 1
33 5 9 2965 84
13 6 7 3140 30
33 6 6 3282 45
28 7 7 3170 95
40 6 7 3282 19
21 5 5 3384 23
30 5 6 3327 18
44 6 9 3186 75
42 5 7 3301 34
25 6 6 3345 53
30 6 5 3407 41
19 7 5 3448 62
11 6 5 3510 74
22 6 7 3335 7
10 6 8 3015 93
7 3 2 3340 57
48 2 3 2984 65
45 7 9 3261 34
37 7 6 3398 19
18 6 6 3417 22
42 6 9 3335 55
2 2 3 3049 46
21 6 9 3407 71
46 2 3 3095 53
31 5 9 3478 78
24 3 0 3340 79
14 6 7 3342 21
2 3 2 3397 49
36 5 6 3439 44
16 3 0 3419 7
49 6 8 3140 78
22 7 6 3483 96
12 4 0 3426 30
11 7 9 3584 4
0 5 7 3363 52
30 7 7 3448 94
15 7 9 3588 90
33 7 5 3584 24
7 4 4 3397 7
24 4 3 3419 22
47 7 7 3542 92
2 4 4 3446 48
10 7 6 3579 74
13 7 6 3653 51
25 7 8 3398 32
23 6 6 3704 23
7 5 8 3430 36
27 4 4 3494 32
30 8 8 3542 97
12 5 7 3634 42
7 6 9 3678 26
40 7 9 3704 41
35 4 3 3445 72
35 5 9 3745 57
33 8 8 3639 54
48 3 4 3526 51
44 7 8 3693 58
6 6 7 3676 54
30 9 9 3802 30
23 7 8 3751 26
22 8 5 3608 81
27 5 5 3689 50
6 7 5 3739 98
12 6 8 3777 100
15 8 8 3877 78
24 5 5 3837 2
1 6 5 3839 31
24 6 6 3839 42
32 5 5 3870 10
7 7 5 3880 94
24 7 8 3955 54
29 7 6 3881 76
31 6 8 4009 17
2 5 8 4026 74
28 8 8 4100 66
7 8 6 3974 47
29 8 7 3957 4
27 6 6 4021 21
8 5 9 3832 24
49 7 6 4042 33
43 3 1 3445 39
46 3 1 3484 45
47 8 9 3856 20
16 4 4 3577 74
38 8 5 3974 30
42 7 5 4004 32
31 7 5 4036 53
39 5 9 3876 37
27 7 7 4042 29
20 6 9 3913 77
11 8 6 4075 85
49 8 9 4075 42
16 5 6 4160 7
37 8 8 4166 4
6 8 8 4170 60
40 8 5 4089 55
2 6 7 4100 82
37 9 7 4182 66
31 8 6 4167 85
0 6 6 4252 57
18 7 9 4117 65
39 6 7 4248 80
26 6 7 4328 62
36 6 5 4144 87
36 7 8 4231 61
25 8 7 4390 26
48 4 0 3577 85
33 9 7 4416 73
8 6 8 4292 79
39 7 6 4328 50
8 7 6 4378 19
4 7 5 4231 98
46 4 2 3529 23
10 8 5 4329 10
16 6 5 4339 50
26 7 9 4390 89
5 8 8 4371 58
48 5 7 4489 23
42 8 6 4397 72
35 6 8 4429 94
14 7 5 4389 98
32 6 6 4469 52
43 4 3 3517 63
41 9 9 4479 65
34 4 1 3529 96
28 9 6 4521 89
46 5 5 4487 55
12 7 9 4544 81
43 5 5 4542 88
32 7 7 4521 30
4 8 6 4610 27
34 5 6 4637 29
45 8 6 4666 91
20 7 5 4630 94
18 8 7 4551 51
20 8 7 4724 80
29 9 9 4625 16
8 8 5 4724 44
45 9 7 4804 94
5 9 7 4898 22
21 7 8 4523 18
19 8 8 4541 65
12 8 6 4757 29
2 7 5 4768 47
16 7 9 4641 74
3 5 6 4786 11
35 7 5 4815 77
44 8 5 4892 61
17 6 6 4797 7
21 8 6 4804 93
17 7 7 4920 15
3 6 9 4797 71
16 8 8 4715 46
6 9 9 4868 69
16 9 7 4935 88
4 9 8 4761 89
0 7 9 4937 16
46 6 8 4850 12
46 7 7 5023 34
13 8 8 4862 51
2 8 9 4953 93
17 8 9 5046 22
23 8 9 5068 76
34 6 5 4953 90
2 9 6 5046 91
43 6 9 5144 3
3 7 5 5043 55
35 8 7 5057 1
34 7 8 5043 29
9 6 5 5098 2
47 9 5 5100 86
1 7 9 5147 5
8 9 7 5058 35
3 8 7 5098 34
48 6 6 5137 79
43 7 7 5147 22
34 8 7 5169 39
32 8 8 5072 66
24 8 7 5208 90
43 8 6 5216 8
27 8 8 5138 83
10 9 7 5298 44
0 8 5 5186 6
23 9 5 5192 77
1 8 7 5342 6
43 9 8 5224 73
26 8 6 5224 93
18 9 5 5269 31
48 7 5 5300 30
27 9 9 5221 64
49 9 5 5330 80
46 8 6 5317 98
17 9 8 5297 31
26 9 8 5328 54
36 8 7 5348 51
31 9 7 5399 86
19 9 6 5415 84
20 9 8 5382 11
14 8 6 5499 38
21 9 7 5485 36
9 7 9 5285 81
3 9 8 5393 77
25 9 9 5366 28
38 9 8 5470 57
11 9 7 5521 53
9 8 6 5537 89
12 9 5 5410 31
22 9 9 5394 22
48 8 8 5527 41
42 9 8 5568 66
39 8 8 5634 25
32 9 9 5416 69
46 9 9 5485 43
48 9 9 5568 17
7 9 7 5574 70
9 9 8 5659 91
34 9 9 5585 100
44 9 7 5644 38
15 9 7 5682 13
35 9 6 5626 53
13 9 9 5685 31
24 9 9 5716 28
14 9 9 5744 84
0 9 8 5750 6
40 9 8 5756 42
39 9 5 5659 72
1 9 8 5798 18
36 9 9 5828 37
