45 0 3 0 13
27 0 4 0 100
15 0 3 13 70
30 0 4 100 63
15 1 1 83 8
14 0 4 163 48
6 0 0 0 28
7 0 2 0 61
12 0 0 28 16
34 0 4 211 26
37 0 3 83 99
38 0 1 91 15
11 0 2 61 79
45 1 2 140 96
16 0 0 44 21
34 1 1 237 69
49 0 2 236 68
38 1 3 182 80
14 1 0 211 93
14 2 2 304 8
26 0 2 312 62
31 0 2 374 28
11 1 0 304 4
35 0 1 306 38
32 0 3 262 15
8 0 0 308 85
36 0 3 277 42
45 2 1 344 8
6 1 3 319 53
8 1 2 402 75
33 0 4 237 89
23 0 4 326 68
32 1 0 393 46
44 0 4 394 74
32 2 2 477 14
39 0 0 439 90
18 0 1 352 21
39 1 2 529 51
4 0 0 529 83
18 1 3 373 3
29 0 3 376 33
2 0 1 373 4
22 0 4 468 83
37 1 0 612 46
29 1 4 551 72
10 0 2 580 48
43 0 0 658 49
12 1 4 623 31
10 1 3 628 27
10 2 4 655 1
7 1 4 656 71
30 1 2 628 36
48 0 0 707 35
1 0 0 742 86
43 1 3 707 49
30 2 3 756 70
7 2 3 826 54
18 2 2 664 47
13 0 1 377 40
30 3 0 828 97
8 2 1 477 33
29 2 0 925 83
11 2 4 727 61
21 0 3 880 71
29 3 2 1008 17
3 0 4 788 87
36 1 4 875 85
14 3 3 951 50
16 1 2 1025 28
25 0 4 960 58
26 1 1 510 47
34 2 2 1053 92
40 0 0 1008 59
48 1 2 1145 68
34 3 3 1145 15
7 3 1 880 34
29 4 1 1025 23
0 0 0 1067 92
9 0 2 1213 24
19 0 3 1160 57
3 1 0 1159 48
21 1 1 1048 40
3 2 1 1207 59
46 0 4 1018 73
21 2 0 1207 86
31 1 1 1266 37
13 1 0 1293 39
19 1 4 1217 26
20 0 1 1303 20
42 0 2 1237 20
49 1 1 1323 81
23 1 1 1404 94
5 0 3 1217 49
46 1 1 1498 97
4 1 1 1595 78
21 3 2 1293 23
11 3 3 1266 46
19 2 2 1316 36
19 3 0 1352 48
11 4 1 1673 69
8 3 4 1243 72
6 2 4 1315 84
7 4 0 1400 13
21 4 4 1399 29
44 1 1 1742 55
10 3 0 1413 23
48 2 1 1797 5
47 0 3 1312 43
41 0 1 1802 62
4 2 4 1673 76
37 2 4 1749 74
3 3 2 1352 92
16 2 1 1864 26
33 1 3 1355 78
27 1 0 1436 21
5 1 0 1457 15
11 5 7 1742 10
34 4 0 1472 23
44 2 2 1797 73
2 1 4 1823 94
0 1 4 1917 47
15 2 2 1870 65
30 4 1 1890 99
25 1 3 1433 30
22 1 0 1495 61
18 3 4 1964 34
19 4 1 1989 11
17 0 1 2000 50
21 5 7 1752 99
6 3 2 1935 47
46 2 3 1595 39
12 2 3 1634 77
1 1 2 1982 100
16 3 3 1890 91
25 2 0 1556 24
12 3 2 2082 3
29 5 6 1048 24
23 2 3 1981 46
8 4 3 2027 49
15 3 0 1935 32
4 3 3 2076 64
18 4 0 1998 53
4 4 2 2140 44
49 2 0 2051 2
13 2 4 1998 15
42 1 4 2013 14
39 2 3 2140 66
16 4 4 2027 58
39 3 4 2206 5
19 5 9 2000 44
35 1 2 2184 44
27 2 1 2050 53
2 2 3 2206 44
47 1 2 2228 67
22 2 3 2250 27
47 2 0 2295 38
9 1 3 2277 20
48 3 3 2297 46
0 2 3 2343 56
49 3 3 2399 4
33 2 2 2295 51
41 1 2 2346 72
24 0 4 2211 33
15 4 4 2244 84
43 2 4 2328 46
32 3 4 2374 18
41 2 4 2418 30
48 4 4 2448 4
10 4 1 2103 66
22 3 1 2277 86
33 3 1 2363 63
43 3 1 2426 89
30 5 6 1989 71
32 4 1 2515 99
15 5 8 2328 9
21 6 8 2337 56
33 4 0 2426 29
36 2 1 2614 29
36 3 0 2643 35
0 3 2 2418 91
26 2 4 2452 5
16 5 9 2085 90
2 3 2 2509 40
17 1 2 2549 60
15 6 6 2337 43
26 3 3 2457 39
23 3 2 2609 60
2 4 0 2678 92
49 4 4 2457 59
40 1 1 2643 50
33 5 7 2455 70
25 3 2 2669 12
14 4 1 2693 5
1 2 1 2698 75
23 4 0 2770 33
39 4 1 2773 86
35 2 3 2496 47
44 3 0 2803 25
43 4 2 2681 64
27 3 3 2543 74
12 4 1 2859 25
38 2 4 2516 47
22 4 2 2745 99
30 6 9 2175 92
17 2 0 2828 51
19 6 7 2525 25
44 4 3 2828 16
42 2 3 2844 85
3 4 3 2929 35
48 5 7 2550 51
40 2 4 2693 40
23 5 7 2803 46
1 3 3 2964 92
0 4 1 2884 49
41 3 0 2879 21
20 1 0 2900 20
32 5 9 2614 48
46 3 0 2920 22
47 3 1 2933 77
33 6 9 2662 7
24 1 1 3010 13
11 6 8 2393 88
20 2 4 2920 6
1 4 4 3056 90
30 7 5 2267 41
20 3 3 3056 74
22 5 7 2849 31
38 3 2 2844 25
24 2 2 3023 91
26 4 0 2942 75
12 5 8 2884 88
1 5 5 3146 11
40 3 3 3130 23
21 7 6 2393 100
11 7 9 2669 19
32 6 6 2662 41
17 3 4 3146 90
26 5 7 3017 60
45 3 0 3017 15
26 6 9 3077 65
36 4 2 3114 66
36 5 9 3180 46
13 3 2 3180 93
39 5 5 3157 59
8 5 7 3077 23
32 7 5 3216 10
16 6 6 2703 43
46 4 2 3273 90
36 6 8 3226 25
36 7 5 3251 90
40 4 2 3363 93
45 4 4 3236 97
24 3 3 3153 27
37 3 2 3456 96
25 4 1 3023 38
22 6 5 3341 60
17 4 3 3236 93
17 5 7 3329 20
9 2 1 3061 65
8 6 5 3401 12
31 2 4 3333 24
6 4 1 3126 85
7 5 9 3226 47
42 3 1 3211 4
39 6 6 3216 97
27 4 2 3552 3
35 3 4 3357 23
28 0 1 3215 8
44 5 7 3349 19
47 4 4 3380 11
5 2 1 3223 100
43 5 9 3273 72
42 4 0 3215 2
41 4 3 3329 15
14 5 6 3313 48
6 5 7 3368 100
35 4 0 3380 10
45 5 6 3361 95
8 7 8 3413 90
14 6 7 3468 46
18 5 9 3345 67
5 3 4 3391 18
0 5 5 3413 39
24 4 0 3390 38
28 1 0 3428 3
9 3 4 3409 33
13 4 3 3344 48
18 6 8 3503 8
1 6 7 3514 85
17 6 9 3412 33
19 7 5 3452 30
3 5 6 3456 99
18 7 5 3511 68
19 8 8 3511 92
6 6 5 3579 34
39 7 9 3445 28
34 5 8 3603 42
31 3 0 3431 30
5 4 2 3555 24
2 5 8 3645 53
48 6 6 3555 44
29 6 8 3698 60
13 5 6 3599 63
7 6 8 3758 2
20 4 2 3579 48
44 6 9 3473 38
21 8 9 3511 77
35 5 9 3588 63
46 5 9 3651 64
33 7 5 3613 14
24 5 8 3760 82
0 6 9 3715 63
22 7 8 3842 40
16 7 8 3882 64
47 5 7 3599 61
14 7 9 3778 35
42 5 9 3813 33
44 7 6 3662 22
29 7 9 3846 96
26 7 8 3946 61
36 8 7 3660 85
17 7 8 4007 27
8 8 6 3684 87
41 5 5 3627 77
46 6 6 3771 65
29 8 7 3942 78
9 4 0 3461 75
24 6 7 4020 31
28 2 2 3627 88
13 6 9 3942 74
8 9 9 4016 42
39 8 7 4051 85
27 5 8 4034 34
4 5 8 4068 12
35 6 7 4136 65
27 6 6 4068 6
47 6 5 3704 7
45 6 7 4201 2
24 7 6 4074 23
38 4 0 3536 8
29 9 5 4020 70
49 5 9 4058 53
9 5 9 4111 47
4 6 9 4158 91
43 6 8 4080 6
9 6 6 4158 84
25 5 8 4086 2
3 6 7 4203 46
18 8 7 4249 1
10 5 6 4242 35
28 3 3 3715 54
32 8 7 4250 47
10 6 7 4297 46
43 7 5 4090 83
22 8 9 4249 84
46 7 8 4088 31
6 7 6 4277 35
31 4 3 3769 55
12 6 7 4343 97
37 4 1 3552 48
24 8 9 4333 27
5 5 6 4312 92
25 6 9 4360 37
38 5 9 4397 61
5 6 9 4458 65
38 6 7 4458 70
30 8 8 4119 73
39 9 8 4192 9
20 5 9 4523 77
13 7 8 4201 46
11 8 6 4404 50
45 7 5 4203 66
47 7 9 4600 95
1 7 8 4247 54
37 5 5 4269 52
31 5 8 4301 38
23 6 5 4321 86
3 7 9 4695 27
9 7 8 4339 44
48 7 5 4407 58
0 7 7 4528 12
40 5 7 4540 61
34 6 6 4454 95
4 7 6 4549 31
27 7 7 4601 91
7 7 6 4580 97
0 8 6 4677 1
15 7 7 4692 10
35 7 6 4678 21
14 8 5 4465 88
42 6 7 4702 90
47 8 8 4695 97
5 7 5 4553 26
2 6 6 4699 40
28 4 4 3769 18
35 8 5 4699 70
28 5 9 4722 4
28 6 6 4739 34
49 6 8 4792 69
44 8 5 4769 26
49 7 5 4861 69
45 8 8 4861 57
27 8 9 4726 80
26 8 6 4773 77
28 7 5 4930 54
38 7 8 4918 23
46 8 5 4984 98
48 8 9 4806 69
2 7 9 4875 5
37 6 6 4850 13
7 8 7 4792 27
19 9 6 4863 57
12 7 9 4880 49
31 6 5 5082 9
32 9 8 4941 80
34 7 5 5091 47
5 8 7 4819 29
43 8 6 4920 13
31 7 9 5091 77
49 8 6 4933 14
4 8 7 4848 98
41 6 6 4947 13
26 9 5 5138 31
41 7 7 4960 2
40 6 9 5168 96
4 9 5 5169 63
41 8 8 5021 22
10 7 9 5264 29
13 8 7 4962 91
40 7 8 5264 63
0 9 8 5327 37
1 8 9 5293 100
18 9 6 4960 71
23 7 9 5393 63
17 8 6 5031 12
2 8 5 5232 68
30 9 7 5053 97
42 7 5 5300 48
11 9 5 5348 34
22 9 6 5043 26
10 8 5 5382 63
28 8 8 5364 59
6 8 8 5423 90
12 8 6 5069 79
3 8 8 5513 83
6 9 9 5513 88
28 9 7 5423 42
40 8 6 5327 34
37 7 7 5465 88
38 8 6 5361 93
7 9 5 5445 97
33 8 8 5596 84
37 8 8 5680 4
21 9 5 5542 28
5 9 8 5684 24
42 8 8 5708 90
2 9 7 5553 27
20 6 8 5798 15
25 7 5 5570 59
31 8 7 5580 17
40 9 5 5629 14
31 9 6 5597 51
3 9 5 5643 91
17 9 5 5734 89
41 9 9 5601 22
35 9 8 5813 56
47 9 6 5648 69
1 9 6 5717 38
9 8 7 5597 74
48 9 8 5869 98
23 8 6 5755 70
49 9 7 5671 21
20 7 5 5823 80
44 9 8 5967 63
15 8 5 5903 72
33 9 6 5825 32
14 9 8 6030 97
25 8 6 5857 37
42 9 6 5894 62
37 9 9 5684 30
34 8 9 5714 83
27 9 5 5975 28
24 9 5 6003 87
10 9 8 6127 44
23 9 8 6171 89
43 9 7 5692 66
46 9 7 5758 85
16 8 5 6090 39
13 9 5 6129 51
25 9 7 5894 36
20 8 7 5930 27
16 9 7 6129 93
12 9 5 6180 22
34 9 7 6222 56
9 9 5 6202 29
15 9 9 5975 60
38 9 5 6231 5
45 9 9 6035 46
20 9 6 5957 10
36 9 6 5967 75
