15 0 8 0 77
27 0 3 0 78
38 0 3 78 30
40 0 8 77 87
41 0 2 0 39
42 0 1 0 98
31 0 1 98 69
14 0 0 0 20
6 0 1 167 30
42 1 7 98 19
0 0 8 164 100
9 0 6 0 62
0 1 7 264 30
45 0 2 39 7
3 0 4 0 86
21 0 6 62 41
47 0 5 0 53
37 0 1 197 1
16 0 8 264 68
45 1 7 294 73
43 0 2 46 45
18 0 8 332 29
46 0 1 198 20
24 0 3 108 48
21 1 8 361 18
45 2 6 367 17
26 0 4 86 4
22 0 5 53 9
24 1 2 156 29
24 2 5 185 51
46 1 4 218 17
13 0 1 218 97
21 2 4 379 66
31 1 9 167 35
19 0 2 185 19
23 0 5 236 93
3 1 6 384 70
34 0 3 156 80
5 0 6 454 23
40 1 5 329 44
18 1 5 373 5
10 0 9 202 57
35 0 2 204 73
5 1 7 477 9
5 2 1 486 90
29 0 0 20 91
47 1 4 445 7
19 1 9 259 96
39 0 0 111 17
46 2 8 379 12
3 2 0 454 88
39 1 8 391 8
1 0 4 452 81
29 1 3 236 74
22 1 0 542 64
40 2 0 606 42
4 0 0 648 48
5 3 0 696 51
0 2 4 533 42
7 0 2 277 46
32 0 3 310 3
41 1 1 576 73
27 1 5 378 61
6 1 4 575 75
41 2 6 649 43
13 1 5 439 37
40 3 1 649 34
23 1 6 692 19
49 0 4 650 49
26 1 1 683 4
28 0 0 747 100
4 1 1 696 57
48 0 1 753 49
20 0 7 486 68
46 3 9 391 29
37 1 3 313 17
4 2 4 753 86
40 4 9 683 11
34 1 8 399 18
36 0 9 694 85
22 2 2 606 15
32 1 4 839 68
0 3 9 779 11
28 1 7 847 89
0 4 2 790 31
23 2 3 711 74
25 0 0 847 94
45 3 1 802 21
30 0 1 823 44
21 3 7 936 9
35 1 4 907 70
33 0 4 977 66
28 2 6 936 71
39 2 9 790 20
19 2 0 941 73
27 2 2 821 97
14 1 8 417 94
31 2 3 785 86
7 1 3 871 78
38 1 8 511 22
21 4 1 945 31
43 1 1 976 60
35 2 5 977 51
26 2 0 1014 66
1 1 6 1007 20
32 2 1 1036 66
49 1 6 1027 27
27 3 7 945 68
49 2 7 1054 17
22 3 6 1054 73
44 0 3 949 63
33 1 3 1043 42
37 2 2 918 61
42 2 3 1085 69
17 0 4 1043 71
30 1 0 1080 67
14 2 3 1154 39
10 1 5 1028 99
9 1 3 1193 9
8 0 1 1102 24
11 0 7 1071 81
29 2 2 979 36
41 3 0 1147 48
22 4 4 1127 12
9 2 8 1202 59
26 3 7 1152 90
36 1 6 1127 56
35 3 0 1195 84
44 1 7 1242 39
13 2 0 1279 71
22 5 1 1139 43
46 4 5 1127 28
37 3 5 1155 38
6 2 5 1193 76
37 4 4 1193 71
20 1 4 1264 15
4 3 8 1261 60
4 4 3 1321 78
10 2 6 1183 2
32 3 7 1281 27
32 4 6 1308 41
18 2 1 1182 59
10 3 3 1399 17
2 0 5 1269 80
2 1 0 1350 56
28 3 2 1015 70
17 1 2 1114 74
33 2 7 1308 79
32 5 5 1349 2
34 2 9 810 94
15 1 1 1241 68
13 3 7 1387 49
11 1 0 1406 67
34 3 2 1188 27
18 3 3 1416 96
49 3 5 1351 64
22 6 8 1321 89
5 4 2 1215 52
25 1 9 941 23
26 4 9 1242 78
5 5 9 1320 14
20 2 2 1279 26
43 2 4 1279 30
20 3 3 1512 26
14 3 6 1349 73
48 1 7 1436 47
0 5 1 1309 71
4 5 5 1415 4
25 2 4 1309 41
31 3 0 1473 7
44 2 2 1305 16
44 3 9 1334 69
27 4 8 1410 92
3 3 2 1321 15
6 3 9 1403 100
4 6 9 1503 60
41 4 9 1563 77
1 2 3 1538 96
5 6 5 1419 30
26 5 2 1336 29
3 4 7 1483 50
31 4 2 1480 35
12 0 5 1449 65
49 4 2 1515 30
26 6 5 1514 2
47 2 7 1533 5
10 4 0 1480 51
11 2 9 1640 83
47 3 8 1538 27
25 3 6 1422 53
30 2 4 1350 66
14 4 9 1723 63
20 4 0 1538 13
12 1 8 1565 53
6 4 7 1538 54
16 1 6 1475 62
47 4 9 1786 38
46 5 0 1551 7
38 2 6 1537 39
2 2 1 1406 88
33 3 0 1558 55
7 2 1 1494 37
27 5 0 1613 15
7 3 7 1592 12
33 4 6 1613 98
11 3 2 1723 30
12 2 9 1824 48
15 2 9 1872 20
1 3 7 1634 39
16 2 4 1537 79
43 3 9 1892 71
33 5 9 1963 44
29 3 4 1616 72
36 2 5 1516 54
8 1 6 1711 90
11 4 5 1753 25
43 4 5 1963 35
11 5 6 1801 87
0 6 5 1998 41
25 4 2 1753 53
45 4 0 1628 24
19 3 1 1531 39
28 4 8 1618 89
17 2 6 1888 6
14 5 4 1786 8
24 3 8 1707 72
48 2 4 1794 81
5 7 4 1875 1
27 6 4 1876 12
29 4 6 1894 62
16 3 7 1673 84
12 3 4 1888 28
35 4 8 1779 29
10 5 7 1757 10
44 4 1 1570 46
40 5 7 1767 13
42 3 6 1956 5
41 5 8 1808 48
6 5 2 1806 41
30 3 8 1856 99
42 4 8 1961 85
2 3 7 1780 19
40 6 3 1780 71
0 7 0 2039 1
49 5 8 2046 56
46 6 3 1851 38
6 6 6 1961 50
34 4 5 2039 42
17 3 1 1894 56
42 5 9 2046 19
18 4 0 2040 46
34 5 4 2081 17
20 5 9 2065 13
18 5 4 2098 91
27 7 6 2011 77
8 2 0 2086 32
38 3 9 2078 56
16 4 1 1950 60
28 5 4 2189 72
19 4 5 2081 54
16 5 3 2010 56
7 4 6 2088 56
20 6 5 2135 96
39 3 5 2231 38
20 7 8 2231 70
44 5 5 2269 20
21 5 2 1847 92
45 5 8 2301 2
11 6 1 2010 29
8 3 3 2118 6
43 5 0 2118 75
37 5 7 1799 18
13 4 6 2144 51
10 6 4 2261 14
21 6 0 2193 3
15 3 7 1892 100
2 4 2 1939 68
29 5 1 2039 80
9 3 0 2196 66
15 4 4 2275 1
19 5 8 2303 50
35 5 9 2134 95
36 3 3 2124 76
1 4 8 2353 29
25 5 7 1992 27
7 5 4 2276 50
23 3 8 2382 81
19 6 7 2353 60
49 6 0 2262 42
49 7 3 2304 97
36 4 2 2200 50
11 7 3 2401 7
12 4 7 2413 74
41 6 5 2289 23
16 6 0 2304 10
21 7 3 2408 78
9 4 4 2326 41
14 6 2 2250 57
41 7 7 2487 66
41 8 3 2553 94
25 6 1 2119 62
32 6 9 2229 77
16 7 9 2314 86
19 7 3 2647 50
37 6 0 2314 40
37 7 9 2400 94
48 3 8 2463 9
12 5 0 2487 60
38 4 5 2312 3
40 7 4 2367 88
17 4 3 2697 69
6 7 8 2472 75
5 8 8 2547 25
28 6 5 2315 78
8 4 2 2307 99
42 6 0 2547 30
43 6 3 2766 75
1 5 0 2577 90
48 4 0 2667 20
17 5 0 2766 8
43 7 6 2841 41
32 7 0 2774 45
23 4 0 2819 72
18 6 2 2406 48
10 7 1 2275 64
39 4 3 2841 85
35 6 1 2339 97
6 8 0 2891 1
13 5 3 2926 17
38 5 7 2553 64
35 7 7 2617 28
25 7 3 2943 68
3 5 1 2436 54
4 7 7 2645 40
45 6 5 2393 68
44 6 6 2882 57
37 8 6 2939 41
42 7 2 2577 43
48 5 2 2687 63
38 6 4 2617 74
19 8 4 2697 65
20 8 6 2980 27
1 6 9 2667 61
1 7 2 2750 64
47 5 2 2814 100
46 7 6 3007 57
43 8 8 2882 67
30 4 6 3064 59
24 4 7 2685 35
28 7 3 3011 23
38 7 2 2914 21
15 5 5 2461 77
37 9 8 2980 74
33 6 5 2538 6
30 5 5 3123 5
18 7 7 2720 53
22 7 7 2773 69
24 5 6 3123 32
48 6 3 3034 15
0 8 3 3049 55
31 5 5 3128 32
14 7 1 2490 27
30 6 7 3128 15
6 9 3 3104 28
41 9 4 2762 68
10 8 2 2935 99
36 5 0 2892 43
38 8 0 2935 93
31 6 6 3160 66
36 6 1 2935 8
15 6 6 3226 17
39 5 7 3143 5
13 6 4 2943 38
17 6 8 3054 50
42 8 5 3160 87
7 6 8 3104 66
4 8 2 3034 11
24 6 1 3155 38
31 7 4 3226 89
22 8 3 3132 32
46 8 7 3148 22
47 6 6 3243 48
1 8 1 3193 86
48 7 6 3291 1
13 7 9 2981 67
7 7 5 3247 39
47 7 0 3291 53
34 6 7 3170 74
33 7 8 3170 73
29 6 9 3048 20
23 5 2 3045 94
8 5 9 3068 22
47 8 1 3344 11
24 7 0 3344 98
30 7 2 3143 38
43 9 7 3244 37
14 8 7 3281 26
12 6 6 3292 77
15 7 3 3243 35
9 5 1 3355 32
46 9 2 3181 75
8 6 8 3243 12
23 6 9 3139 19
16 8 5 3286 60
40 8 6 3369 32
13 8 8 3255 28
29 7 7 3307 77
2 5 8 3283 95
19 9 6 3401 78
9 6 5 3387 29
26 7 6 3479 86
16 9 2 3346 30
18 8 6 3565 21
23 7 1 3387 26
14 9 5 3416 42
9 7 7 3416 79
3 6 9 3158 88
1 9 5 3458 47
23 8 4 3413 53
29 8 5 3505 47
44 7 4 3466 51
34 7 0 3442 65
24 8 4 3517 58
40 9 2 3401 12
15 8 2 3413 65
12 7 2 3478 22
21 8 5 3552 41
39 6 2 3500 63
34 8 6 3586 6
33 8 1 3413 55
12 8 1 3500 5
38 9 1 3505 1
2 6 3 3378 44
30 8 3 3422 40
24 9 9 3575 54
18 9 9 3629 82
32 8 2 3563 40
25 8 8 3378 84
44 8 0 3517 66
49 8 9 3711 82
48 8 9 3793 10
49 9 1 3793 34
36 7 7 3495 93
39 7 1 3827 18
8 7 4 3575 63
9 8 9 3803 84
45 7 4 3638 22
44 9 8 3583 40
35 8 3 3462 68
8 8 7 3638 81
45 8 9 3887 36
17 7 9 3923 78
39 8 4 3845 89
8 9 5 3719 52
3 7 3 3530 25
13 9 2 3603 31
34 9 1 3845 27
11 8 8 3623 93
7 8 0 3583 8
31 8 8 3716 63
28 8 9 4001 37
42 9 4 3934 70
48 9 5 3803 5
30 9 9 4038 19
35 9 6 3592 89
17 8 5 4001 4
26 8 3 3565 23
33 9 2 3634 1
27 8 1 3872 12
2 7 4 4004 22
7 9 9 4057 72
3 8 8 3779 89
20 9 1 3884 93
26 9 8 3868 46
45 9 3 3923 60
0 9 6 3681 94
11 9 4 4026 1
25 9 5 4005 49
23 9 7 3719 7
10 9 8 3914 27
28 9 1 4038 2
3 9 5 4054 33
47 9 3 3983 18
22 9 9 4129 22
39 9 6 3934 88
5 9 3 4001 83
9 9 2 3887 4
27 9 9 4151 22
32 9 8 3941 39
15 9 0 3591 86
12 9 3 4084 98
36 8 4 4027 17
31 9 7 3779 52
17 9 7 4005 89
29 9 8 3980 80
36 9 8 4060 65
2 8 9 4173 60
21 9 9 4233 53
4 9 6 4022 25
2 9 6 4233 80
