10 0 11 0 62
7 0 7 0 12
6 0 14 0 65
10 1 9 62 9
7 1 4 12 21
5 0 11 62 84
1 0 1 0 19
10 2 3 71 89
9 0 2 0 36
8 0 7 12 48
11 0 0 0 74
6 1 7 65 91
13 0 5 0 67
2 0 7 156 94
0 0 3 160 72
10 3 7 250 37
3 0 6 0 58
7 2 13 33 60
13 1 10 67 7
4 0 1 19 45
12 0 6 58 9
9 1 12 36 34
11 1 4 74 61
7 3 5 93 42
8 1 4 135 28
5 1 2 146 56
8 2 14 163 70
7 4 14 233 22
10 4 6 287 28
13 2 13 93 91
4 1 11 146 60
3 1 11 206 67
2 1 3 250 7
14 0 11 273 44
11 2 1 135 43
11 3 9 178 26
10 5 4 315 23
13 3 2 202 52
4 2 6 315 8
4 3 5 323 29
5 2 12 202 46
1 1 11 317 79
3 2 5 352 84
11 4 2 254 97
7 5 11 396 84
2 2 8 257 2
4 4 8 352 32
1 2 0 396 79
6 2 11 480 17
14 1 2 351 24
13 4 7 287 87
12 1 0 475 22
14 2 0 497 24
0 1 7 374 51
4 5 7 425 42
13 5 4 374 4
2 3 11 497 95
13 6 8 384 1
6 3 0 521 47
12 2 4 497 9
12 3 10 506 8
1 3 5 475 47
0 2 6 425 42
12 4 2 514 54
1 4 8 522 40
11 5 11 592 62
4 6 12 467 25
0 3 14 467 31
1 5 13 562 67
10 6 0 568 13
14 3 4 521 14
2 4 0 592 60
13 7 6 467 56
10 7 2 581 60
4 7 9 492 4
13 8 9 523 82
14 4 14 535 34
1 6 3 629 43
13 9 0 652 47
7 6 2 641 60
7 7 12 701 52
3 3 13 629 34
1 7 10 672 65
10 8 5 641 46
7 8 6 753 25
7 9 1 778 53
3 4 3 672 19
8 3 10 737 26
0 4 9 605 61
3 5 2 701 19
2 5 4 652 82
0 5 8 666 46
11 6 13 663 40
3 6 1 831 94
2 6 9 734 76
10 9 1 925 94
5 3 1 1019 93
12 5 14 569 32
6 4 12 753 77
8 4 3 763 68
0 6 5 712 88
1 8 9 810 84
2 7 13 810 36
14 5 5 800 57
8 5 0 831 4
1 9 2 894 61
1 10 12 955 30
12 6 9 894 92
6 5 8 830 68
6 6 9 986 62
7 10 0 835 53
9 2 10 763 65
12 7 13 986 76
14 6 9 1048 30
11 7 10 828 60
10 10 10 1019 85
4 8 2 955 71
14 7 10 1104 64
13 10 12 985 35
0 7 4 800 33
4 9 14 1026 79
11 8 7 888 62
11 9 6 950 78
14 8 6 1168 4
4 10 13 1105 93
0 8 10 1168 27
2 8 1 1112 8
1 11 6 1172 56
5 4 14 1112 66
9 3 3 831 64
10 11 8 1104 72
14 9 12 1172 14
12 8 11 1062 2
4 11 3 1198 28
0 9 1 1195 85
9 4 6 1228 30
12 9 12 1186 63
11 10 8 1176 42
10 12 13 1198 18
14 10 8 1218 69
14 11 1 1287 95
11 11 12 1249 8
5 5 0 1178 84
3 7 4 925 41
10 13 12 1257 79
3 8 9 1078 98
2 9 10 1195 85
11 12 14 1257 21
10 14 14 1336 11
9 5 5 1258 41
2 10 6 1280 7
12 10 1 1382 63
8 6 13 1216 19
4 12 0 1262 30
11 13 3 1278 11
11 14 5 1299 70
13 11 11 1064 8
4 13 4 1292 17
5 6 6 1287 40
3 9 12 1336 96
3 10 8 1432 25
1 12 4 1309 19
9 6 14 1347 53
9 7 9 1400 74
6 7 10 1280 22
2 11 5 1369 44
6 8 3 1302 72
8 7 8 1457 92
6 9 13 1374 47
8 8 1 1549 24
5 7 9 1474 4
3 11 0 1457 40
12 11 8 1549 98
9 8 13 1474 44
6 10 4 1421 38
0 10 0 1497 70
9 9 4 1518 13
2 12 14 1413 2
12 12 5 1647 42
6 11 1 1573 7
5 8 3 1478 15
1 13 7 1328 91
4 14 10 1309 43
6 12 2 1580 11
5 9 13 1518 15
6 13 6 1591 22
2 13 12 1432 72
8 9 2 1591 54
7 11 10 1352 56
13 12 1 1580 92
12 13 3 1689 12
13 13 14 1672 39
8 10 6 1645 57
0 11 12 1567 56
9 10 0 1567 41
12 14 7 1701 41
0 12 11 1623 70
13 14 3 1711 11
6 14 5 1689 63
8 11 12 1702 47
9 11 11 1693 6
1 14 14 1711 68
2 14 2 1645 91
9 12 7 1742 32
8 12 11 1749 84
8 13 9 1833 85
5 10 7 1774 54
5 11 10 1828 39
5 12 4 1867 77
3 12 14 1779 74
8 14 5 1918 95
3 13 7 1853 88
3 14 10 1941 74
0 13 2 1736 50
7 12 9 1918 29
9 13 8 1774 94
14 12 7 1941 22
7 13 3 1947 83
5 13 5 2013 55
5 14 8 2068 31
0 14 13 1786 25
7 14 8 2099 32
14 13 3 2030 60
14 14 13 2090 61
9 14 1 1868 37
