5 0 4 0 14
5 1 7 14 1
0 0 12 0 40
10 0 4 14 22
9 0 12 40 1
10 1 3 36 49
3 0 10 0 19
11 0 6 0 81
12 0 12 41 21
12 1 13 62 80
2 0 6 81 87
6 0 10 19 21
6 1 11 40 80
10 2 8 85 33
10 3 14 118 2
6 2 6 168 99
6 3 9 267 70
0 1 1 40 96
6 4 0 337 80
14 0 7 15 94
12 2 8 142 30
5 2 6 267 29
12 3 7 172 32
12 4 1 204 22
7 0 3 85 29
11 1 12 81 46
10 4 2 120 24
13 0 12 127 29
11 2 7 204 21
2 1 3 168 46
10 5 13 144 3
10 6 5 147 73
2 2 10 214 14
8 0 1 226 37
10 7 6 296 68
14 1 5 220 18
10 8 10 364 21
1 0 5 238 2
1 1 1 263 88
1 2 14 351 99
5 3 0 417 72
13 1 1 351 95
1 3 10 450 52
11 3 5 240 23
1 4 13 502 68
11 4 2 263 86
8 1 2 349 9
2 3 7 228 87
9 1 7 315 73
3 1 7 388 15
13 2 4 446 52
14 2 0 489 54
5 4 8 489 6
1 5 9 570 13
14 3 10 543 42
8 2 6 364 49
10 9 12 385 61
6 5 2 417 71
13 3 8 498 59
13 4 6 557 33
5 5 13 570 31
14 4 2 585 70
2 4 13 601 30
11 5 4 498 19
12 5 6 590 23
8 3 7 413 23
0 2 4 517 59
10 10 7 446 69
1 6 6 613 38
7 1 10 585 85
3 2 5 403 42
7 2 5 670 89
4 0 6 651 68
9 2 6 719 47
12 6 0 613 85
1 7 12 651 35
4 1 12 719 71
2 5 4 631 79
8 4 10 670 1
1 8 8 686 57
12 7 5 759 92
8 5 12 790 78
11 6 13 631 64
14 5 3 655 29
10 11 11 515 94
5 6 12 868 98
9 3 14 766 46
3 3 0 698 8
0 3 9 583 95
4 2 14 812 3
14 6 9 684 43
12 8 9 851 14
2 6 5 851 62
8 6 14 868 39
11 7 11 695 52
3 4 9 865 72
6 6 1 488 47
7 3 6 766 10
2 7 9 937 37
13 5 10 671 12
11 8 8 747 22
5 7 14 966 50
11 9 0 769 50
14 7 6 776 50
0 4 13 695 76
7 4 8 776 30
5 8 3 1016 83
3 5 13 937 15
8 7 8 907 15
8 8 0 922 9
13 6 7 683 73
4 3 1 815 68
3 6 2 952 76
2 8 8 974 54
6 7 8 1028 96
9 4 3 1099 10
4 4 7 883 91
7 5 4 806 38
1 9 2 1028 37
2 9 2 1065 1
6 8 12 1124 56
5 9 2 1099 2
4 5 5 974 37
0 5 0 931 75
4 6 11 1011 73
11 10 10 819 11
12 9 10 865 13
4 7 0 1084 21
12 10 4 878 68
14 8 11 1084 75
14 9 8 1159 70
13 7 3 1109 96
9 5 4 1109 37
2 10 0 1105 97
3 7 8 1229 25
2 11 1 1202 16
9 6 0 1202 60
14 10 1 1229 40
5 10 5 1101 86
7 6 0 1262 38
4 8 2 1105 85
13 8 0 1300 75
5 11 9 1187 33
7 7 14 1300 48
1 10 7 1065 93
0 6 11 1159 23
14 11 4 1269 48
0 7 8 1254 65
5 12 10 1220 33
7 8 2 1348 16
14 12 14 1348 1
6 9 7 1180 78
3 8 1 1269 78
8 9 3 1205 41
10 12 1 1347 43
13 9 5 1375 12
3 9 14 1349 84
3 10 11 1433 62
0 8 3 1319 65
0 9 5 1387 16
8 10 13 1246 35
5 13 1 1390 98
9 7 13 1281 84
4 9 3 1384 79
9 8 10 1365 26
9 9 8 1391 11
12 11 2 1364 60
2 12 11 1495 2
4 10 8 1463 51
10 13 9 1390 39
1 11 0 1375 38
13 10 13 1387 83
1 12 3 1463 68
3 11 3 1531 70
3 12 12 1601 81
7 9 7 1364 65
11 11 3 1601 73
3 13 6 1682 16
9 10 11 1497 37
9 11 9 1534 79
4 11 13 1514 50
11 12 1 1674 77
8 11 5 1403 83
1 13 4 1531 94
6 10 5 1486 53
14 13 12 1682 27
8 12 4 1625 8
9 12 5 1613 75
8 13 9 1633 61
0 10 6 1698 71
4 12 4 1633 21
9 13 2 1688 49
6 11 3 1674 10
0 11 14 1769 52
12 12 14 1821 45
12 13 3 1866 32
13 11 2 1737 3
7 10 9 1694 90
7 11 11 1784 73
13 12 9 1784 90
6 12 13 1684 92
7 12 12 1857 88
7 13 1 1945 46
1 14 11 1857 71
11 13 9 1874 16
13 13 14 1874 57
4 13 9 1890 30
11 14 14 1931 75
2 13 14 2006 51
0 12 10 1821 84
7 14 13 1991 47
0 13 2 1905 99
6 13 14 2057 1
5 14 11 1928 59
14 14 13 2038 12
6 14 4 2058 33
4 14 10 1920 64
12 14 11 1987 90
8 14 11 2077 60
2 14 12 2057 96
13 14 11 2137 6
3 14 4 2091 97
9 14 1 1991 51
0 14 7 2004 24
10 14 0 1429 48
