15 0 11 0 37
6 0 9 0 19
8 0 7 0 14
2 0 4 0 39
4 0 19 0 45
18 0 1 0 17
1 0 8 0 21
5 0 13 0 48
14 0 11 37 41
9 0 16 0 32
0 0 17 0 13
17 0 18 0 38
13 0 16 32 39
8 1 12 14 40
13 1 10 71 24
13 2 17 95 43
10 0 18 38 22
17 1 0 38 27
5 1 2 48 34
16 0 14 0 19
11 0 5 0 48
15 1 5 48 48
7 0 9 19 20
12 0 14 19 26
14 1 19 78 26
12 1 1 45 32
18 1 10 95 40
10 1 17 138 22
6 1 5 96 33
18 2 9 135 16
12 2 2 82 11
11 1 1 77 39
18 3 5 151 36
10 2 12 160 30
17 2 13 65 32
8 2 8 54 19
1 1 6 21 22
9 1 7 32 22
3 0 4 39 31
6 2 18 129 32
1 2 14 45 15
18 4 4 187 34
5 2 3 82 22
19 0 14 60 37
2 1 3 104 28
14 2 16 104 14
14 3 3 132 47
11 2 2 116 21
12 3 15 93 10
4 1 1 116 23
19 1 10 135 28
5 3 7 104 14
15 2 10 163 31
12 4 9 151 41
0 1 2 137 26
5 4 12 190 22
12 5 13 192 10
4 2 5 187 34
13 3 14 138 28
15 3 7 194 42
6 3 16 161 37
0 2 11 163 35
3 1 10 194 24
19 2 13 202 13
4 3 9 221 23
8 3 0 73 49
17 3 9 244 30
14 4 0 179 49
9 2 15 103 30
7 1 6 43 43
18 5 16 221 47
14 5 5 228 16
14 6 17 244 31
8 4 13 215 11
3 2 3 218 34
9 3 6 133 18
16 1 1 139 27
11 3 18 161 18
2 2 8 132 32
0 3 4 221 45
11 4 13 226 20
15 4 2 236 24
8 5 10 226 13
17 4 7 274 17
4 4 7 291 41
7 2 1 166 13
4 5 16 332 10
2 3 17 275 46
13 4 3 252 49
12 6 6 202 26
6 4 12 212 28
0 4 12 266 29
6 5 3 301 16
19 3 0 228 28
4 6 11 342 40
9 4 18 179 41
5 5 14 212 10
2 4 0 321 35
16 2 8 166 39
1 3 5 244 28
15 5 1 260 13
6 6 2 317 40
3 3 6 252 44
14 7 9 275 43
19 4 2 357 18
15 6 9 318 30
16 3 12 295 41
18 6 19 268 14
11 5 0 356 28
18 7 0 384 24
8 6 9 348 47
5 6 8 222 45
3 4 18 296 43
11 6 15 384 20
19 5 1 375 43
0 5 13 295 21
18 8 18 408 10
19 6 16 418 46
18 9 6 418 14
1 4 10 272 10
3 5 12 339 32
18 10 13 432 14
13 5 15 404 34
6 7 10 357 37
8 7 18 418 22
16 4 5 336 45
16 5 11 382 40
2 5 14 356 14
7 3 5 381 22
9 5 19 282 34
19 7 8 464 39
2 6 1 418 44
15 7 15 438 24
12 7 19 316 26
0 6 7 332 40
3 6 2 375 35
16 6 10 422 46
7 4 2 410 33
19 8 3 503 30
15 8 0 462 19
18 11 3 533 30
17 5 14 370 21
19 9 12 533 15
10 3 15 462 31
4 7 12 548 46
9 6 9 395 22
7 5 7 443 28
3 7 15 493 34
8 8 2 443 27
13 6 18 440 46
14 8 15 527 20
17 6 1 462 14
17 7 4 476 37
3 8 19 527 21
16 7 6 468 48
4 8 14 594 27
8 9 17 470 26
18 12 12 594 23
11 7 8 503 36
6 8 4 513 10
13 7 13 486 29
6 9 11 523 20
15 9 13 515 34
15 10 19 549 35
16 8 7 516 37
12 8 12 617 13
10 4 13 549 15
9 7 11 543 11
12 9 11 630 35
17 8 17 513 15
16 9 3 563 30
13 8 6 516 31
15 11 8 584 42
1 5 2 470 46
10 5 4 564 13
10 6 16 577 47
2 7 10 468 20
4 9 8 626 13
5 7 19 584 38
10 7 19 624 18
7 6 16 624 39
4 10 4 639 20
2 8 13 564 12
7 7 12 663 16
12 10 5 665 22
0 7 0 481 45
8 10 3 593 47
1 6 11 665 19
19 10 11 684 38
9 8 17 554 29
10 8 6 642 33
2 9 6 675 23
9 9 10 583 37
8 11 5 687 37
14 9 10 620 25
3 9 7 553 46
1 7 19 684 13
3 10 13 599 15
11 8 6 698 24
13 9 11 722 40
5 8 6 722 32
10 9 3 675 30
9 10 4 659 30
18 13 2 617 37
2 10 18 698 22
18 14 17 654 11
7 8 13 679 34
1 8 13 713 18
8 12 6 754 19
17 9 16 663 31
17 10 5 724 27
6 10 1 543 17
9 11 2 689 25
4 11 2 714 40
12 11 0 687 11
9 12 1 714 27
16 10 17 665 31
18 15 11 762 23
14 10 14 645 10
10 10 7 705 46
12 12 7 751 24
0 8 3 705 16
11 9 9 722 35
9 13 0 741 31
13 10 7 775 24
7 9 17 713 20
3 11 5 751 10
0 9 15 721 10
2 11 9 757 15
2 12 11 785 35
11 10 7 799 22
19 11 17 733 38
16 11 4 696 16
5 9 16 754 38
9 14 14 772 16
15 12 3 721 10
2 13 7 821 27
0 10 18 731 49
19 12 18 780 45
17 11 10 751 25
9 15 13 788 20
16 12 18 825 29
2 14 16 848 26
7 10 10 776 47
16 13 15 854 44
7 11 18 854 43
11 11 19 821 36
11 12 3 857 39
17 12 15 898 41
0 11 10 823 43
18 16 8 785 40
7 12 19 897 44
7 13 8 941 29
6 11 17 771 48
19 13 19 941 44
3 12 9 772 24
7 14 15 970 22
15 13 14 788 40
8 13 15 992 43
17 13 11 939 48
15 14 4 828 39
13 11 1 799 47
14 11 13 808 49
17 14 3 987 48
2 15 5 874 27
0 12 14 866 25
16 14 0 898 41
17 15 6 1035 36
14 12 8 970 32
5 10 11 987 16
14 13 6 1071 36
18 17 15 1035 15
3 13 14 891 37
19 14 9 985 16
19 15 15 1050 29
1 9 18 897 14
18 18 14 1050 10
0 13 8 1002 25
6 12 6 1107 44
10 11 2 754 48
7 15 4 992 14
13 12 9 1001 15
4 12 15 1079 28
19 16 5 1079 33
11 13 14 1060 34
1 10 3 1035 11
13 13 2 1016 26
14 14 7 1107 19
4 13 13 1107 44
7 16 11 1006 28
4 14 17 1151 34
17 16 2 1071 30
17 17 12 1101 45
14 15 4 1126 23
6 13 13 1151 29
8 14 14 1094 41
8 15 1 1135 34
10 12 11 1034 42
15 15 6 1151 42
3 14 17 1185 38
1 11 4 1149 21
4 15 18 1185 21
7 17 14 1135 44
10 13 0 1076 18
0 14 1 1169 40
7 18 0 1179 33
3 15 1 1223 41
16 15 16 939 35
14 16 2 1149 20
9 16 3 1046 26
6 14 14 1180 44
3 16 8 1264 34
19 17 6 1193 20
4 16 10 1206 27
1 12 16 1170 30
5 11 4 1170 20
19 18 7 1213 35
1 13 1 1264 29
13 14 8 1298 40
8 16 11 1169 21
0 15 6 1213 16
6 15 15 1224 48
9 17 12 1146 14
11 14 4 1190 49
12 13 17 1223 33
5 12 0 1212 12
10 14 1 1293 16
1 14 0 1293 16
5 13 5 1224 40
10 15 8 1338 25
15 16 12 1193 38
5 14 9 1264 33
16 16 13 1180 47
12 14 8 1363 11
1 15 15 1309 41
1 16 17 1350 40
8 17 4 1239 30
15 17 16 1231 12
11 15 17 1390 36
17 18 8 1374 26
3 17 0 1309 32
12 15 10 1374 34
8 18 19 1269 32
9 18 5 1264 24
1 17 12 1390 38
9 19 8 1400 43
5 15 17 1426 35
10 16 10 1408 43
6 16 8 1443 21
16 17 9 1297 21
10 17 5 1451 21
11 16 11 1426 38
2 16 15 1350 23
13 15 12 1428 46
4 17 0 1341 12
11 17 10 1464 46
4 18 6 1353 37
11 18 12 1510 44
17 19 19 1400 17
15 18 18 1243 27
3 18 16 1341 11
6 17 0 1464 31
6 18 7 1495 36
15 19 17 1461 40
12 16 16 1408 11
0 16 19 1417 43
2 17 2 1373 27
12 17 3 1419 22
2 18 12 1554 31
5 16 1 1461 32
0 17 5 1472 48
3 19 11 1464 36
1 18 7 1531 28
0 18 9 1520 36
4 19 3 1441 30
5 17 10 1510 15
10 18 9 1556 27
13 16 5 1520 18
13 17 19 1538 16
1 19 9 1583 39
14 17 18 1270 15
13 18 4 1554 14
16 18 2 1400 10
12 18 4 1568 12
16 19 19 1554 48
14 18 12 1585 34
5 18 15 1525 31
6 19 19 1602 43
19 19 4 1580 34
18 19 7 1559 46
5 19 18 1556 49
10 19 14 1583 14
12 19 18 1605 17
11 19 16 1554 13
14 19 1 1619 33
13 19 0 1568 21
7 19 3 1471 28
0 19 16 1567 11
2 19 19 1645 31
8 19 16 1578 45
