0 0 17 0 15
16 0 16 0 32
4 0 19 0 22
15 0 6 0 39
17 0 18 0 16
0 1 2 15 28
18 0 17 15 13
5 0 13 0 32
6 0 9 0 13
16 1 1 32 30
19 0 17 28 14
0 2 11 43 10
13 0 16 32 14
16 2 8 62 17
3 0 4 0 34
2 0 4 34 34
0 3 4 68 46
3 1 10 34 23
13 1 6 46 47
10 0 18 16 21
9 0 16 46 30
2 1 3 68 44
9 1 7 76 31
18 1 13 32 28
15 1 5 39 41
13 2 17 93 49
11 0 9 13 11
7 0 9 24 19
7 1 6 93 49
2 2 8 112 43
2 3 17 155 32
17 1 17 187 36
2 4 0 187 35
19 1 2 43 30
14 0 4 114 31
0 4 12 114 19
16 3 18 79 21
8 0 7 107 30
11 1 1 62 10
14 1 11 145 42
4 1 1 72 14
5 1 2 73 37
17 2 4 223 34
12 0 1 86 43
12 1 15 129 28
13 3 10 142 16
8 1 12 137 18
4 2 5 86 22
19 2 0 222 27
12 2 2 157 49
11 2 2 206 41
5 2 3 112 28
6 1 5 108 22
10 1 17 223 18
9 2 15 157 15
10 2 12 241 20
4 3 9 108 10
18 2 11 187 18
13 4 3 158 31
19 3 15 249 47
4 4 7 137 45
7 2 1 142 11
0 5 13 133 13
14 2 7 187 24
10 3 15 296 28
0 6 7 211 18
2 5 14 222 34
18 3 16 205 43
17 3 2 257 47
13 5 12 261 43
4 5 16 248 38
11 3 11 247 10
8 2 8 155 41
18 4 7 248 46
11 4 13 257 26
9 3 6 172 13
3 2 3 189 41
15 2 13 283 45
8 3 0 249 34
10 4 13 328 20
18 5 8 294 39
4 6 11 286 32
16 4 0 283 14
12 3 14 256 34
4 7 12 318 38
14 3 6 211 13
8 4 13 348 22
7 3 5 153 13
5 3 7 294 16
6 2 18 130 33
12 4 4 290 46
10 5 4 348 36
17 4 10 304 14
1 0 8 333 32
12 5 12 356 29
18 6 3 333 30
7 4 2 304 47
2 6 1 256 21
7 5 7 351 22
2 7 10 318 46
18 7 5 363 15
9 4 18 185 47
19 4 18 296 43
6 3 16 286 28
12 6 18 385 31
4 8 14 356 16
7 6 16 373 27
8 5 10 370 11
1 1 6 365 46
6 4 12 385 39
4 9 8 372 20
0 7 0 297 14
8 6 9 381 29
15 3 15 328 40
9 5 19 232 18
5 4 12 424 40
9 6 9 410 33
11 5 0 311 26
5 5 14 464 37
11 6 12 464 13
18 8 4 384 38
14 4 0 337 30
17 5 15 368 24
7 7 12 477 26
6 5 3 424 16
3 3 6 411 10
3 4 18 421 40
5 6 8 501 10
1 2 14 501 35
15 4 2 368 46
19 5 3 440 17
0 8 3 457 11
4 10 4 422 12
17 6 1 392 10
11 7 10 477 35
8 7 18 461 37
9 7 11 443 30
3 5 12 503 46
18 9 2 422 38
15 5 9 443 48
1 3 5 536 14
8 8 2 498 30
4 11 2 528 40
3 6 2 568 27
11 8 6 512 22
2 8 13 370 15
0 9 15 468 21
14 5 14 536 24
5 7 19 511 20
2 9 6 534 10
4 12 15 568 33
9 8 17 473 46
16 5 17 519 37
3 7 15 601 13
4 13 13 601 35
2 10 18 544 24
16 6 10 556 15
19 6 14 560 13
9 9 4 519 48
15 6 7 491 37
9 10 10 571 42
12 7 19 531 40
15 7 0 528 30
9 11 2 613 18
19 7 6 573 43
1 4 10 613 44
1 5 2 657 20
13 6 4 567 20
16 7 12 571 31
8 9 17 556 25
17 7 3 468 14
5 8 6 616 17
7 8 13 636 47
0 10 18 568 30
11 9 5 550 11
8 10 3 581 27
19 8 7 616 45
3 8 19 614 20
11 10 7 661 24
19 9 12 661 32
14 6 17 581 19
6 6 2 677 34
15 8 1 558 31
15 9 12 693 16
0 11 10 657 29
9 12 1 631 16
4 14 17 636 32
12 8 13 683 24
11 11 19 685 33
7 9 17 683 37
19 10 13 707 13
3 9 7 685 40
3 10 13 725 28
11 12 3 718 11
5 9 16 633 48
12 9 11 707 47
0 12 14 686 16
18 10 14 702 45
5 10 11 754 44
10 6 16 681 24
15 10 19 718 29
4 15 18 668 15
9 13 0 647 25
2 11 9 568 37
14 7 19 747 34
16 8 7 725 27
6 7 10 711 20
15 11 14 747 44
10 7 19 781 35
17 8 7 752 14
12 10 5 754 15
12 11 0 769 26
13 7 8 587 25
6 8 4 731 47
14 8 16 781 35
6 9 11 798 43
13 8 14 791 10
11 13 14 801 34
4 16 10 731 31
10 8 7 816 22
10 9 3 838 36
12 12 7 838 40
16 9 3 874 25
8 11 5 769 31
10 10 6 874 39
4 17 0 795 49
11 14 17 835 11
18 11 0 844 44
15 12 3 899 41
13 9 18 801 49
17 9 12 766 30
9 14 14 835 43
2 12 11 841 38
8 12 6 913 16
0 13 8 702 41
0 14 1 743 40
17 10 5 800 23
2 13 7 879 41
0 15 6 929 38
9 15 13 878 21
18 12 10 888 16
17 11 9 823 37
12 13 17 878 46
19 11 16 816 48
0 16 19 967 28
3 11 5 823 44
7 10 10 904 19
14 9 10 923 42
3 12 9 867 34
7 11 18 923 43
6 10 1 841 44
4 18 6 967 19
6 11 17 924 29
16 10 5 899 41
16 11 4 940 48
13 10 7 920 32
18 13 6 986 29
7 12 19 995 41
5 11 4 988 29
3 13 14 901 21
5 12 0 1017 44
14 10 15 965 10
14 11 13 975 40
5 13 5 1061 48
8 13 15 975 20
2 14 16 920 34
8 14 14 995 26
15 13 8 940 35
2 15 5 1109 32
17 12 8 975 11
1 6 11 879 12
1 7 19 1036 23
12 14 8 986 18
14 12 2 1015 39
18 14 12 1015 33
7 13 8 1036 34
7 14 15 1070 21
3 14 17 953 27
0 17 5 1141 39
11 15 4 1017 22
2 16 15 1141 11
7 15 4 1091 30
1 8 13 1059 22
5 14 9 1109 21
13 11 0 1061 36
1 9 18 1081 15
19 12 1 885 10
14 13 8 1070 42
0 18 9 1180 39
1 10 3 1096 35
6 12 6 1015 22
16 12 13 1081 48
9 16 3 1131 27
8 15 1 1021 14
16 13 6 1129 36
14 14 5 1180 38
17 13 14 1021 23
17 14 11 1044 40
9 17 12 1158 14
5 15 17 1130 31
1 11 4 1131 27
10 11 10 965 34
15 14 10 999 47
17 15 6 1165 15
13 12 9 1219 19
5 16 1 1161 36
19 13 4 1158 14
8 16 11 1084 24
18 15 1 1197 20
13 13 2 1238 23
13 14 15 1261 20
3 15 1 1217 12
17 16 16 1180 10
15 15 11 1108 21
11 16 18 1096 12
18 16 19 1217 35
6 13 13 1129 14
5 17 10 1197 43
17 17 0 1190 46
3 16 8 1229 37
17 18 13 1236 37
19 14 10 1240 42
1 12 16 1190 26
7 16 11 1129 32
1 13 1 1229 27
1 14 0 1256 23
16 14 2 1261 30
12 15 10 1282 16
8 17 4 1172 43
3 17 0 1279 30
10 12 11 1161 49
4 19 3 1158 33
13 15 5 1281 15
10 13 0 1309 36
2 17 2 1291 36
8 18 19 1252 22
6 14 14 1143 28
11 17 8 1266 17
2 18 12 1327 45
19 15 9 1282 38
19 16 5 1320 43
16 15 15 1291 45
16 16 11 1336 26
2 19 19 1372 23
8 19 16 1274 22
3 18 16 1309 48
6 15 15 1336 44
6 16 8 1380 33
18 17 15 1380 34
1 15 15 1414 27
10 14 1 1345 38
15 16 4 1215 10
11 18 15 1441 39
12 16 16 1357 14
14 15 9 1320 12
10 15 8 1413 46
6 17 0 1413 28
19 17 19 1395 22
18 18 9 1414 16
14 16 1 1383 27
19 18 11 1417 43
13 16 13 1296 34
3 19 11 1460 34
10 16 9 1459 44
7 17 14 1171 45
6 18 7 1441 14
1 16 17 1441 31
17 19 19 1417 28
13 17 19 1445 33
5 18 15 1480 20
14 17 18 1410 40
11 19 16 1480 24
14 18 12 1450 19
0 19 16 1504 28
16 17 9 1503 17
19 19 8 1460 23
15 17 16 1532 48
1 17 12 1472 31
12 17 3 1371 21
6 19 19 1478 40
1 18 7 1503 31
14 19 3 1469 27
1 19 9 1534 24
9 18 5 1363 48
12 18 9 1558 41
7 18 0 1441 32
10 17 5 1503 13
15 18 18 1580 38
13 18 11 1494 37
15 19 17 1618 27
5 19 18 1618 43
18 19 18 1661 40
16 18 14 1520 17
10 18 2 1516 26
13 19 1 1531 48
9 19 8 1483 39
16 19 19 1537 40
12 19 6 1599 26
7 19 3 1496 22
10 19 14 1542 32
